0.2336344272
0.2289656997
0.2273826003
0.2141961604
0.2161445171
0.2082177997
0.2180942148
0.2200390846
0.2201840281
0.2252585292
0.2237011492
0.2332917154
0.2332509011
0.2370737791
0.2453227192
0.2424861938
0.2375165671
0.2303905487
0.2366855592
0.2379725873
0.2331208587
0.2287710607
0.2356090844
0.2335065603
0.2294673473
0.2296886146
0.2237158865
0.2247567326
0.2243493497
0.2207287103
0.2266914845
0.2341647297
0.2336508185
0.2354705185
0.2320807874
0.2259415388
0.2298767716
0.2333793789
0.2371349037
0.2404389977
0.2443648875
0.2354711443
0.2317391932
0.2306521535
0.2316240966
0.2374767959
0.2301392257
0.2268066704
0.2381269336
0.242003262
0.2338513881
0.2325520664
0.239100799
0.2310834825
0.2308919877
0.2332738042
0.2277556509
0.2307214439
0.2320564091
0.2441917211
0.231541276
0.2338813245
0.2287070602
0.2374207973
0.2296931297
0.2443441153
0.231892854
0.2292139232
0.2348871231
0.2374637872
0.2351684123
0.2515332997
0.2396155298
0.2244803458
0.2271190286
0.2321543545
0.2453455776
0.2607749403
0.2603128552
0.2498301566
0.242241472
0.2432205677
0.2446386516
0.2480910122
0.2319158763
0.2205769867
0.2162403017
0.2225918621
0.2345274091
0.232342124
0.2364690453
0.2348987013
0.2301440239
0.2343232334
0.2312258631
0.2326616645
0.23044689
0.2299086601
0.2410921752
0.2456221879
0.2420882583
0.242228359
0.2435925305
0.2417411804
0.2386938184
0.2358264029
0.235278666
0.2353591174
0.233596772
0.2431250066
0.2482617646
0.2476730943
0.2461819798
0.2401462346
0.2297261059
0.2275039852
0.2228396833
0.2199185342
0.2175916284
0.2261341661
0.2257526666
0.2305777073
0.2180006057
0.2239100784
0.2165316045
0.2177892923
0.2127117664
0.2237028778
0.228031978
0.2343446314
0.2397362143
0.238794595
0.2318573892
0.2327258289
0.2310982198
0.2328947186
0.2395843565
0.235100612
0.2419447005
0.2379869223
0.2334012091
0.2254083157
0.2182452083
0.2177872658
0.2203837186
0.2246051282
0.2303584665
0.2326428592
0.231540665
0.2210360318
0.2247452885
0.2343219072
0.2355986238
0.232561782
0.2390424758
0.2364562005
0.2347891033
0.236810714
0.2399771959
0.2421593219
0.2412479818
0.2467034012
0.2435595244
0.242275551
0.2339785546
0.2263198644
0.2333450168
0.224877581
0.2301701009
0.2344171405
0.2291561663
0.2353991568
0.2366851121
0.2291117758
0.217323482
0.2056640238
0.2055231184
0.212850973
0.2206548303
0.2248661071
0.2163275927
0.2116571665
0.2111612409
0.2109158337
0.2222346067
0.2279751003
0.2290496528
0.2296299785
0.2287964821
0.2283709943
0.2254269719
0.2195200473
0.2187317312
0.2247029841
0.2180492133
0.2196269631
0.2254364789
0.2280467153
0.2255857736
0.2213733494
0.2201218754
0.2331224829
0.2308527827
0.2251276076
0.2236051708
0.2190630436
0.2192258537
0.2278408855
0.216370821
0.2208284587
0.2194122821
0.2235156745
0.2276668251
0.2238968313
0.2308916748
0.2309679538
0.2285680473
0.2347509265
0.225743711
0.2414741069
0.2307199687
0.2210895717
0.2366432846
0.2247333974
0.2164133638
0.2312765867
0.2269492894
0.2239446342
0.2165213823
0.2242694199
0.2320453674
0.2300987393
0.2134697437
0.2052058578
0.2080293894
0.2087935805
0.2137752473
0.2172827274
0.2235565484
0.2229618579
0.2227143198
0.2298440337
0.2305058539
0.2276947796
0.2285819948
0.2447808683
0.2436838299
0.2321315706
0.2301766425
0.2383280545
0.2412344515
0.224546656
0.2212030888
0.2323437333
0.2277016044
0.2339054346
0.2245993018
0.2278610766
0.2303519547
0.2226794064
0.2192209214
0.2219724059
0.2214016616
0.2252890319
0.2163168639
0.2229228467
0.2238159478
0.2254321873
0.228789255
0.2280684412
0.2214004993
0.2201574296
0.2305840552
0.2362419218
0.2410927713
0.235630706
0.232558161
0.2253814936
0.2185880095
0.2179946452
0.2165767998
0.2231736481
0.2210460603
0.2187735736
0.2160188109
0.2212711573
0.2237438262
0.2294947207
0.2329973429
0.2352142632
0.2302698791
0.2276489735
0.2331105024
0.2254129499
0.2240389287
0.2249302417
0.2253361046
0.2315689176
0.2322966158
0.2331236452
0.2317004949
0.2324032485
0.2331079692
0.2397323698
0.2312689126
0.2216377556
0.2161336541
0.2186697572
0.2253796905
0.224818334
0.2273837626
0.2289051116
0.2357535213
0.2360283285
0.2416674048
0.2396386564
0.242107451
0.2470392287
0.2483431101
0.2339888662
0.2213519663
0.2145096809
0.2107434273
0.2085314393
0.2099754065
0.2083884627
0.2134502381
0.2211521268
0.2287710011
0.2233593166
0.2267736495
0.2294473052
0.2184125632
0.2204356194
0.2240627408
0.2315130979
0.231110543
0.2282673717
0.2246983051
0.2318840474
0.2314983755
0.2308396399
0.218517378
0.2249954343
0.2268612683
0.2314392328
0.2252584547
0.2318493426
0.2300544232
0.2285333276
0.2223258168
0.2159208357
0.2189392447
0.2166767418
0.2200165838
0.2351540625
0.2482969165
0.2438648343
0.2387471348
0.232600823
0.2294043601
0.2213627994
0.2178337127
0.2110607922
0.206628263
0.2083730549
0.2133926004
0.2140045464
0.215940848
0.2209727615
0.2246562093
0.2175728232
0.2207321376
0.2205899209
0.2136631906
0.2193099707
0.217496112
0.2122813165
0.2149661034
0.2147746682
0.2179438621
0.208949551
0.2029743642
0.2091988623
0.2098957896
0.2183035761
0.2238227129
0.226066798
0.220631659
0.2177855521
0.2172838748
0.2203087807
0.2293327302
0.223940298
0.2245448083
0.2242161483
0.2263315618
0.2233446091
0.223100543
0.2347022295
0.2302614748
0.2172355056
0.2214198411
0.2221402228
0.1980716139
0.1921152622
0.188333571
0.1962682009
0.2014094442
0.1990053058
0.200055629
0.2016336918
0.1967597604
0.1892900765
0.1953025609
0.1986029148
0.2034469694
0.2120707482
0.2063775212
0.2029785514
0.2099907249
0.2120461464
0.2173834592
0.234257549
0.2262785733
0.2291458398
0.2275494188
0.2255623043
0.2307653874
0.2242429554
0.226831302
0.2249716818
0.2128519267
0.2102019042
0.2058888078
0.2156707644
0.2085227966
0.2187801003
0.2269260585
0.2250461131
0.2364774346
0.2332846969
0.2192795724
0.2180351019
0.2132934779
0.2086758018
0.2066621482
0.2099773288
0.1959502101
0.2058739811
0.2120412141
0.2045888752
0.2178659588
0.2110516876
0.2094307542
0.2105963826
0.1979503483
0.1961716712
0.2197390199
0.2155443132
0.2024759203
0.2221840918
0.2261976898
0.2212239504
0.2142545283
0.2253316045
0.2287246734
0.2294723988
0.2091986686
0.1986511946
0.2076650411
0.2166154087
0.2280614227
0.2246760577
0.2164945453
0.2093845308
0.2045561522
0.2024387717
0.2046909928
0.2133366019
0.2224820852
0.2259359509
0.2315255851
0.235763222
0.228545785
0.2220077068
0.2228190154
0.2286927998
0.2174068987
0.2144755721
0.2126937211
0.2104090899
0.2107358277
0.2007323802
0.1836637855
0.1755264848
0.1856155396
0.192370072
0.2056240141
0.2239225805
0.2281316668
0.2271923423
0.2060441673
0.1885689348
0.1873052716
0.2070122063
0.2138559967
0.2105588019
0.2045221478
0.2017849684
0.2090453506
0.2134374529
0.2044850141
0.2004671544
0.2083127201
0.2148073763
0.2087976187
0.2252926826
0.2311352193
0.2115667462
0.206607759
0.2128831148
0.2143713832
0.2230022103
0.214321211
0.217009753
0.2155300081
0.2183465511
0.2164795995
0.2155713141
0.2172496915
0.2176765949
0.2141525596
0.2112781405
0.2142005116
0.2141294926
0.207611829
0.2079403251
0.213828966
0.2217715085
0.220562771
0.2220537812
0.2206542045
0.2193975896
0.2154467106
0.2211207449
0.2146441936
0.2088012993
0.2075796276
0.2067289054
0.2086059153
0.2020130008
0.1985730827
0.2016744018
0.2104913592
0.2154532224
0.2154187411
0.2077092975
0.2163891941
0.216081053
0.2108456194
0.2013673782
0.2083632052
0.2143694311
0.209861666
0.2118166238
0.2187037468
0.2215597332
0.2178430408
0.2225831747
0.215739727
0.2132409662
0.2152208984
0.2141149193
0.2173448056
0.210788995
0.2099204212
0.2174504995
0.2123011202
0.2113380432
0.2146336436
0.211463511
0.2096296847
0.20646891
0.2057122439
0.2140490562
0.2177578062
0.2102564424
0.2040374875
0.2107638866
0.2161422372
0.2203324139
0.2236496061
0.2184804976
0.218622759
0.2174507231
0.2154382318
0.2188232392
0.2109532952
0.2135505229
0.2151847482
0.2154041082
0.2195787579
0.2220686972
0.2257573754
0.2275675535
0.2183219492
0.2192512602
0.2202015966
0.2181817442
0.2106958181
0.2040201128
0.2056712955
0.1965085268
0.1969724745
0.2039106637
0.2015039325
0.2068296671
0.2163922042
0.2041890472
0.2063082159
0.209051162
0.2085279971
0.2040269077
0.1949423999
0.1936849207
0.1928784102
0.1919085085
0.1879566014
0.1902933568
0.1942445636
0.2027697414
0.1966042072
0.199355334
0.2108602375
0.213217333
0.2117045224
0.208911404
0.2167143077
0.2128750235
0.2139855176
0.2186174989
0.2226786762
0.2281370461
0.2176908553
0.2268974185
0.2183514237
0.2185966522
0.2110194713
0.2138134688
0.205596149
0.197776407
0.1858870536
0.178269878
0.1830304414
0.1818639934
0.1891628802
0.1894884557
0.2073901296
0.217003122
0.2096007019
0.218084082
0.2228421867
0.2146549821
0.2119028121
0.2043251693
0.2089428008
0.2036721706
0.2010787129
0.1941808611
0.1914459169
0.1847353429
0.1881962419
0.1980756372
0.203063488
0.2048141211
0.2087617815
0.2117293179
0.21474424
0.2189411074
0.2144778073
0.2128222436
0.2108075768
0.2042808533
0.1971143484
0.1776786149
0.1752039343
0.1837814152
0.1831032634
0.1820866019
0.1900892705
0.1935243309
0.1910686493
0.1980083436
0.1995652616
0.1953362525
0.1921364218
0.1967819929
0.2007685155
0.1985716224
0.2056184858
0.2071714848
0.2058615535
0.2117598057
0.2172206342
0.2172322124
0.2186764777
0.2209831923
0.2239233851
0.2178237438
0.2109768242
0.2094894946
0.1926704347
0.1871343404
0.1948315054
0.1973611861
0.2085570097
0.2157501578
0.2171970904
0.218359679
0.2101640701
0.2084029317
0.2061058581
0.199426055
0.1944537312
0.1996791214
0.2055696845
0.2098374665
0.2088602185
0.20745489
0.2108731866
0.2057775259
0.2037109733
0.2057036757
0.2060144246
0.2077409327
0.2009183168
0.2024811506
0.2074649781
0.2046393305
0.1969814599
0.2010859251
0.2062904686
0.2108886093
0.2072998583
0.2092843801
0.2124680281
0.2134447098
0.213816613
0.203012988
0.2064472884
0.2069244832
0.2016939521
0.1966942698
0.1979836076
0.1960391998
0.194645822
0.1984652281
0.1990734488
0.2012981325
0.1955024451
0.1973239332
0.1981116086
0.2002335638
0.2005044669
0.1951061189
0.1914980561
0.1915747672
0.1927871853
0.1990405619
0.2029186636
0.1985310316
0.191989556
0.1923100203
0.190836668
0.1896022111
0.1888313144
0.1926453263
0.2046397626
0.2113321126
0.2127796412
0.2054720372
0.2094265819
0.208802864
0.2057172507
0.2013703436
0.1988322884
0.2036616951
0.1970274597
0.1996234059
0.2015169412
0.2017627358
0.2016121149
0.2033333778
0.2052991986
0.2093979865
0.2074315846
0.2104298174
0.2081768811
0.2010628134
0.1942825764
0.2000697404
0.199397862
0.1972417384
0.2006305754
0.2040914744
0.2030080855
0.2012964189
0.195126161
0.1905952841
0.1920526177
0.1917947382
0.1871174276
0.1849854141
0.1930035651
0.1969459057
0.1981127262
0.199388355
0.1939902604
0.1948384196
0.1948719174
0.1999471635
0.2035716176
0.2021373063
0.194396168
0.1936261058
0.1914808452
0.1978401691
0.197018683
0.1983826905
0.1955554336
0.1976329088
0.1942947656
0.200465098
0.1989281178
0.183769837
0.1863519996
0.1879354119
0.1905420125
0.1944068968
0.1993537992
0.2030670494
0.2060334384
0.2078922093
0.2132766843
0.2096251249
0.208152473
0.2044550031
0.1939989328
0.1900122464
0.1946154684
0.1987721324
0.204337582
0.2033043355
0.2003757209
0.1941272765
0.1947654784
0.198983103
0.1914189458
0.1954031736
0.1987109035
0.2006277591
0.1921517849
0.1909059435
0.1949020177
0.1955453753
0.1917217821
0.1890640557
0.1877381951
0.1913636029
0.1960647851
0.1991308481
0.197511211
0.1885323524
0.1908543259
0.1987275183
0.2022947073
0.2113880068
0.2097072303
0.2075668871
0.202864334
0.2010403723
0.2003025115
0.196070224
0.1966864169
0.2026926875
0.2023678422
0.201990813
0.2012588233
0.2015305907
0.2063465863
0.2050810009
0.2038904577
0.2003882676
0.194048509
0.195518598
0.2028260678
0.2003967911
0.2004984915
0.2080499977
0.2025999874
0.1929859221
0.1989045292
0.1956633031
0.2021605968
0.2047296315
0.2031497359
0.2059727609
0.2041849196
0.2067432404
0.2021812499
0.2008377463
0.1979308277
0.1977141798
0.2020700127
0.2074970454
0.2105930001
0.2119682431
0.2137422115
0.205724895
0.2097657472
0.2105329186
0.2081489116
0.2048409283
0.1960235536
0.1895446032
0.190353021
0.1866236031
0.1823003888
0.180674091
0.18731682
0.1964556873
0.2026340365
0.2057979554
0.2027795315
0.202392146
0.1984909177
0.2007969767
0.2063476741
0.2105291337
0.2174494267
0.2234855592
0.2228508592
0.2234715074
0.2141596526
0.2086745054
0.2060436308
0.2083047628
0.2069262117
0.199543938
0.1982180178
0.192113772
0.1935278177
0.1865239441
0.1880941242
0.1940582395
0.1962858289
0.2014749646
0.2005195171
0.2052586973
0.2033856213
0.2010637075
0.2005710602
0.1972943842
0.1935405135
0.1967683882
0.1935018599
0.2022695094
0.2031032592
0.2066724449
0.2012280524
0.2003372908
0.2049997747
0.1992229074
0.1981493533
0.1966976672
0.1911750287
0.1905052066
0.1832589954
0.1884346604
0.1896227449
0.1873188615
0.1927938461
0.2025132626
0.1935082376
0.1959100813
0.1915931404
0.1898986548
0.1878645271
0.1853830814
0.184826687
0.1970956773
0.1999305189
0.2004293501
0.1962482035
0.1925400496
0.1982847601
0.1913089901
0.1908138096
0.1853899956
0.1854367554
0.1859112382
0.1864591986
0.1879480332
0.200787887
0.2008320987
0.200531438
0.1898317933
0.1887114644
0.1909659356
0.1904368252
0.1960995197
0.1992528439
0.2039562464
0.2065012008
0.1946710199
0.1888241917
0.181694448
0.181154713
0.1891309619
0.1932923496
0.207203418
0.2196630388
0.2128948271
0.208147034
0.2095960975
0.2167250514
0.214918673
0.2092352509
0.2133755535
0.2161742151
0.2099246979
0.202867046
0.1989246011
0.2002940178
0.2002404034
0.1866718829
0.1801490784
0.1828963459
0.1777695715
0.1770177037
0.1809795648
0.1834482104
0.1918222755
0.1867456883
0.1852094084
0.1849686354
0.1878964156
0.1868010908
0.1806677133
0.1822545528
0.1835119873
0.1983386874
0.1965402067
0.1832689643
0.1854650676
0.1960316598
0.2042867243
0.197739467
0.1924750358
0.1980283856
0.2015459687
0.1952227354
0.1827824712
0.1833023876
0.1791919917
0.1831083745
0.1842742562
0.1884003282
0.1992718428
0.2033805102
0.2096537054
0.2143400759
0.209208101
0.2138660401
0.2114334404
0.2035115957
0.1971942931
0.1902609318
0.1880328655
0.1832976639
0.1839723885
0.1962916851
0.2032643706
0.2071610689
0.2057176977
0.1979434788
0.1962249577
0.2035813481
0.2073658258
0.1936140954
0.1947413534
0.1859064102
0.1807682514
0.1726738513
0.1760180742
0.1717905402
0.1721554548
0.1626540571
0.1524943113
0.148170501
0.1431571543
0.1507233977
0.1704736501
0.1872656494
0.1937661171
0.1977910399
0.191389814
0.1893981397
0.1881018877
0.185364604
0.1894977391
0.1867425293
0.1810353398
0.1775618047
0.1802307665
0.1906681061
0.2037660927
0.2098865509
0.2041326016
0.2021206766
0.2023938894
0.211344704
0.2190079093
0.216628775
0.2026609927
0.1973844171
0.1850366145
0.1782938987
0.1794282049
0.1863198429
0.184447974
0.1761843115
0.1628616899
0.162711516
0.1631069481
0.1722337008
0.1950390041
0.2134027034
0.2202913612
0.2196777314
0.2017157376
0.1831739247
0.1750837862
0.1881418079
0.184765622
0.1801809669
0.1816002876
0.1802602708
0.1882455796
0.1871096492
0.1790474206
0.169210881
0.1765384376
0.184451282
0.19225353
0.1943620294
0.1926152706
0.1809994578
0.1795701683
0.178382352
0.181445092
0.1869455427
0.1885345578
0.1907141656
0.1933100969
0.1866874993
0.1869946718
0.1876740754
0.1750274301
0.1837364435
0.1947417259
0.2035859078
0.2094016522
0.2133988887
0.2174561322
0.2128319889
0.210400328
0.2081888467
0.212119028
0.2033346891
0.2024273574
0.1980798095
0.2014287412
0.2049322575
0.2130420059
0.2164454311
0.2249847502
0.215524435
0.2110913247
0.2012600005
0.1955735832
0.1758175343
0.1707630157
0.1710005552
0.1648055613
0.1691771001
0.183032468
0.1800732017
0.1800732017