0
0.001433
0.002158
0.002113
0.001502
0.000967
0.000756
0.000619
0.000405
0.000221
0.006401
0.026687
0.062861
0.101755
0.126963
0.136095
0.137316
0.139885
0.143698
0.149101
0.155969
0.163107
0.166906
0.165814
0.162997
0.160105
0.158058
0.155731
0.153654
0.152684
0.152567
0.152709
0.152244
0.151616
0.151818
0.153276
0.15498
0.155521
0.154523
0.152881
0.151712
0.150986
0.150606
0.150489
0.150276
0.149748
0.149108
0.149554
0.151493
0.153771
0.154732
0.154214
0.153497
0.153318
0.153408
0.153261
0.153397
0.153115
0.151453
0.148792
0.147703
0.149964
0.153765
0.156003
0.155399
0.153251
0.151014
0.14957
0.149553
0.150787
0.151765
0.151526
0.151123
0.153296
0.158124
0.16313
0.165607
0.16453
0.159861
0.153148
0.14794
0.147447
0.150414
0.150811
0.144496
0.135784
0.133013
0.140275
0.151083
0.15719
0.15778
0.155593
0.154506
0.155304
0.158735
0.162842
0.163748
0.160047
0.154584
0.151136
0.150838
0.152477
0.154168
0.155223
0.155727
0.155884
0.155687
0.155073
0.154387
0.153933
0.153395
0.152544
0.151873
0.151679
0.151775
0.15186
0.152164
0.152968
0.153811
0.154407
0.155033
0.155859
0.156158
0.155247
0.153472
0.152243
0.15237
0.152983
0.152939
0.151965
0.151133
0.151347
0.152083
0.152617
0.152256
0.151515
0.151494
0.152081
0.153038
0.153817
0.154352
0.154323
0.152938
0.15098
0.149943
0.150695
0.152444
0.153365
0.152962
0.15197
0.151111
0.150919
0.151686
0.15363
0.155967
0.157134
0.156808
0.155868
0.155383
0.155871
0.156672
0.156541
0.153441
0.148027
0.143461
0.142989
0.145893
0.149265
0.150914
0.150725
0.150696
0.15205
0.15511
0.157485
0.156878
0.155413
0.155061
0.157896
0.160906
0.162443
0.163133
0.161301
0.156657
0.147113
0.138992
0.137252
0.143536
0.152512
0.15793
0.159682
0.159001
0.158457
0.157454
0.156443
0.15554
0.154726
0.153757
0.152569
0.151864
0.152242
0.153466
0.154222
0.153833
0.152511
0.151546
0.152031
0.153547
0.154811
0.154847
0.154148
0.153253
0.152243
0.151156
0.150675
0.150809
0.150986
0.151148
0.151267
0.151933
0.152629
0.152975
0.152748
0.152089
0.151644
0.151361
0.151286
0.151233
0.151076
0.150578
0.150051
0.149974
0.150694
0.152119
0.153747
0.155259
0.156486
0.1576
0.158114
0.15746
0.155404
0.152788
0.151087
0.151201
0.152878
0.15536
0.157586
0.15827
0.156013
0.151071
0.146379
0.143969
0.143629
0.145398
0.148583
0.152704
0.154886
0.154461
0.153876
0.154038
0.155131
0.154705
0.152729
0.150689
0.150188
0.151225
0.152095
0.151841
0.151194
0.151203
0.152372
0.154249
0.155738
0.155908
0.154758
0.153545
0.153171
0.153418
0.153488
0.153141
0.152549
0.151742
0.150752
0.150188
0.150971
0.153128
0.15508
0.155501
0.154379
0.153361
0.153536
0.154525
0.155023
0.153699
0.151364
0.150347
0.152856
0.156476
0.15768
0.154933
0.151501
0.150535
0.151283
0.152468
0.152614
0.152332
0.152196
0.153073
0.155443
0.158097
0.159901
0.160466
0.160142
0.158597
0.156261
0.153117
0.150402
0.148367
0.146076
0.143129
0.139872
0.140576
0.145502
0.151632
0.154671
0.154434
0.153413
0.152177
0.150639
0.149499
0.14924
0.150418
0.153152
0.157893
0.162828
0.164219
0.161733
0.157167
0.153928
0.152636
0.152993
0.154073
0.154502
0.154186
0.153799
0.154222
0.154791
0.154497
0.154011
0.1543
0.155093
0.155191
0.154053
0.15238
0.15075
0.149549
0.149302
0.1496
0.149707
0.149144
0.1489
0.150302
0.153051
0.155607
0.156845
0.15697
0.156228
0.154546
0.152623
0.151534
0.151514
0.151787
0.151899
0.152032
0.152767
0.154177
0.15561
0.156074
0.155191
0.15389
0.153001
0.152714
0.152754
0.152686
0.152057
0.150719
0.149174
0.148995
0.150774
0.153424
0.155126
0.154863
0.153713
0.152679
0.152071
0.151909
0.152494
0.153269
0.153388
0.15166
0.149722
0.149012
0.149677
0.150924
0.150987
0.150509
0.149444
0.148224
0.146324
0.145104
0.147112
0.151563
0.155651
0.157129
0.15867
0.162033
0.165098
0.165714
0.161315
0.152326
0.140921
0.132701
0.133913
0.142873
0.153186
0.158551
0.159106
0.15855
0.158501
0.158805
0.158605
0.158128
0.157415
0.156484
0.155025
0.153329
0.152007
0.151301
0.15082
0.1506
0.149859
0.14835
0.147661
0.149753
0.154619
0.158355
0.159094
0.157617
0.155629
0.154354
0.153439
0.152205
0.1507
0.150157
0.151493
0.153486
0.154192
0.153465
0.152426
0.152167
0.152654
0.153127
0.152966
0.1519
0.150362
0.149252
0.149439
0.150877
0.152326
0.152582
0.151448
0.15005
0.149548
0.15022
0.151193
0.151974
0.152566
0.153436
0.15448
0.155753
0.158078
0.161904
0.166291
0.166666
0.160565
0.14966
0.139767
0.134427
0.134884
0.141196
0.151185
0.159557
0.162141
0.160505
0.158024
0.156108
0.153868
0.151621
0.150282
0.149958
0.150216
0.151115
0.152002
0.15229
0.151914
0.151858
0.152751
0.154091
0.155214
0.155453
0.154891
0.154045
0.153415
0.153083
0.153105
0.153309
0.153027
0.152439
0.152664
0.15423
0.1555
0.154862
0.152904
0.151262
0.150749
0.151056
0.151718
0.1523
0.152259
0.151634
0.151346
0.151725
0.152392
0.152596
0.152112
0.151672
0.151759
0.152829
0.154136
0.154613
0.153873
0.152183
0.150524
0.149959
0.151432
0.15519
0.160329
0.165478
0.167564
0.164577
0.157393
0.150351
0.14624
0.143577
0.140003
0.135341
0.13526
0.142157
0.154212
0.163144
0.164468
0.160515
0.154695
0.150903
0.148081
0.14839
0.151795
0.157468
0.161287
0.16045
0.157509
0.155622
0.156297
0.156907
0.156292
0.154617
0.15314
0.152051
0.151041
0.150027
0.149565
0.150402
0.152351
0.154561
0.156118
0.156264
0.155082
0.153426
0.152051
0.151478
0.151336
0.151504
0.151444
0.150821
0.15041
0.151122
0.152903
0.154409
0.154856
0.154798
0.154953
0.154874
0.154363
0.153668
0.153292
0.152437
0.150731
0.149432
0.149645
0.150975
0.152132
0.152904
0.15367
0.154199
0.154063
0.153498
0.152822
0.152277
0.151439
0.150459
0.149549
0.149469
0.150754
0.15287
0.154464
0.154166
0.152961
0.152097
0.152589
0.15406
0.156224
0.158031
0.157932
0.154605
0.149358
0.14562
0.145883
0.149362
0.152556
0.153498
0.152684
0.151756
0.151212
0.151146
0.151321
0.150256
0.14948
0.149597
0.153306
0.158151
0.162817
0.167569
0.169312
0.166866
0.158296
0.149226
0.144516
0.14588
0.150584
0.153707
0.1533
0.151193
0.149984
0.150697
0.152686
0.154617
0.155114
0.153963
0.152386
0.152032
0.152423
0.15253
0.151918
0.150739
0.149935
0.149895
0.151036
0.152948
0.154572
0.155111
0.154285
0.152848
0.151625
0.151103
0.151383
0.151594
0.151253
0.151136
0.152207
0.153611
0.153926
0.153679
0.154417
0.155569
0.155172
0.153243
0.151405
0.150773
0.150292
0.149423
0.149411
0.150887
0.152877
0.153552
0.152688
0.151656
0.151611
0.152695
0.153838
0.153565
0.151816
0.149517
0.148103
0.148752
0.151616
0.155926
0.159514
0.160115
0.156991
0.15194
0.148514
0.147738
0.14839
0.150303
0.153365
0.156537
0.157398
0.156267
0.15565
0.155592
0.155349
0.154232
0.153274
0.15352
0.154477
0.154949
0.154006
0.151776
0.149383
0.148217
0.149058
0.15182
0.154842
0.156299
0.155356
0.152262
0.14896
0.147785
0.149587
0.153199
0.156148
0.157099
0.155785
0.153815
0.153199
0.154136
0.154818
0.153925
0.152744
0.15274
0.15393
0.155576
0.157154
0.158244
0.157881
0.156055
0.153824
0.153041
0.153488
0.15496
0.155741
0.155714
0.154309
0.152322
0.151259
0.151109
0.152289
0.154049
0.15608
0.157762
0.159015
0.159783
0.158869
0.155252
0.151022
0.14853
0.148263
0.14729
0.144138
0.140524
0.140404
0.144694
0.150666
0.154954
0.156734
0.156675
0.1534
0.149135
0.146843
0.149824
0.15651
0.162945
0.166273
0.163892
0.158178
0.153671
0.152729
0.153809
0.154027
0.153569
0.153139
0.152375
0.151321
0.151024
0.152546
0.154354
0.15477
0.153449
0.152481
0.152657
0.15325
0.153136
0.152504
0.152032
0.151921
0.151704
0.151806
0.152406
0.152996
0.152597
0.151275
0.150935
0.152854
0.156398
0.159043
0.158773
0.156073
0.15338
0.152039
0.151925
0.152113
0.152206
0.151919
0.150893
0.149951
0.150049
0.151562
0.153621
0.155019
0.155134
0.154192
0.152904
0.151881
0.151284
0.151094
0.151279
0.151609
0.152215
0.153321
0.154744
0.155585
0.155073
0.153807
0.152787
0.152474
0.152978
0.153534
0.153518
0.151891
0.149255
0.14748
0.146851
0.147462
0.148099
0.14929
0.151132
0.153067
0.154614
0.154288
0.15362
0.153231
0.15315
0.152077
0.150971
0.15247
0.155372
0.155668
0.149572
0.140438
0.136101
0.142032
0.155068
0.166116
0.170698
0.168962
0.164388
0.159213
0.155511
0.154795
0.155361
0.15511
0.152848
0.150114
0.148554
0.148392
0.148509
0.148647
0.148788
0.14956
0.151418
0.154073
0.156636
0.157739
0.157177
0.155412
0.153567
0.152475
0.15254
0.153056
0.153239
0.152454
0.150968
0.149961
0.150558
0.152904
0.155851
0.15765
0.15721
0.155183
0.152854
0.151658
0.151264
0.150848
0.149618
0.147654
0.146576
0.146997
0.148624
0.150124
0.150873
0.151103
0.150834
0.151231
0.153111
0.155802
0.157208
0.156111
0.154073
0.153322
0.155315
0.157742
0.157013
0.151462
0.144413
0.140346
0.139489
0.142501
0.148993
0.158335
0.164886
0.165194
0.161909
0.158898
0.15837
0.157955
0.156384
0.154077
0.152516
0.1524
0.152695
0.152341
0.151647
0.151087
0.151162
0.151892
0.153097
0.154246
0.15434
0.153337
0.151864
0.150848
0.150653
0.150877
0.151072
0.150618
0.149988
0.149827
0.150649
0.152296
0.154079
0.15556
0.155847
0.154977
0.15355
0.152558
0.152082
0.151584
0.150918
0.150166
0.150002
0.150837
0.152627
0.154294
0.154583
0.153439
0.15209
0.151385
0.151205
0.151423
0.152079
0.153457
0.154768
0.155594
0.156597
0.158573
0.160049
0.159043
0.154971
0.15116
0.150305
0.151784
0.151884
0.145959
0.137294
0.132235
0.135799
0.144396
0.151177
0.156698
0.160734
0.164516
0.164966
0.162226
0.158972
0.155441
0.153845
0.153028
0.152653
0.15166
0.150667
0.15094
0.1525
0.154345
0.155522
0.15574
0.15526
0.15472
0.154355
0.154015
0.153579
0.152659
0.151624
0.150907
0.151173
0.152145
0.15327
0.154265
0.154876
0.15509
0.15486
0.154543
0.154323
0.154428
0.15454
0.15405
0.152788
0.151615
0.151424
0.151735
0.151739
0.151333
0.151304
0.151972
0.152947
0.153812
0.153833
0.152607
0.150411
0.148815
0.148978
0.150681
0.152615
0.15352
0.153502
0.153267
0.153466
0.153618
0.153174
0.152283
0.151412
0.15101
0.151206
0.15214
0.15365
0.155129
0.155518
0.154366
0.152583
0.151779
0.152211
0.153462
0.155133
0.156313
0.15586
0.15435
0.153488
0.154458
0.155878
0.157232
0.158244
0.157945
0.155529
0.151189
0.147637
0.146266
0.145999
0.144395
0.140845
0.138504
0.139936
0.144268
0.149315
0.154024
0.15958
0.165077
0.168666
0.169166
0.167373
0.163845
0.159315
0.154613
0.151761
0.151595
0.152672
0.153797
0.153711
0.153357
0.152902
0.152599
0.152359
0.152372
0.152832
0.152964
0.152133
0.151036
0.151151
0.152743
0.154572
0.15465
0.153278
0.151397
0.150267
0.149699
0.149142
0.148695
0.148387
0.148495
0.149236
0.150884
0.153017
0.154601
0.1548
0.1539
0.152443
0.151004
0.149962
0.149845
0.150487
0.151165
0.151635
0.152552
0.153821
0.1549
0.155343
0.155516
0.155782
0.156082
0.157446
0.160317
0.162957
0.161431
0.154396
0.145772
0.140761
0.140864
0.14397
0.148835
0.154199
0.158111
0.158581
0.156387
0.153908
0.151807
0.150232
0.149127
0.149056
0.149929
0.151482
0.153414
0.155501
0