1.56000948
1.556795716
1.557328343
1.546884418
1.54887569
1.541707993
1.550191164
1.547381878
1.544999003
1.547164679
1.545308471
1.551237226
1.550666571
1.550156236
1.556947351
1.554048419
1.549344778
1.544832587
1.557266951
1.562297702
1.561303496
1.561223626
1.568623781
1.569992304
1.565782309
1.565172553
1.559905887
1.559177876
1.558527112
1.557470202
1.55910027
1.561600089
1.555932522
1.560715318
1.560915112
1.552718401
1.554688215
1.55969882
1.567424893
1.569237471
1.570985794
1.562233567
1.560862899
1.557533383
1.55914104
1.570287943
1.56483233
1.556025624
1.564275622
1.568187594
1.558202147
1.561527371
1.572543502
1.56219995
1.561365843
1.563392758
1.557542443
1.559136629
1.555215478
1.568145514
1.553748846
1.557216048
1.546502352
1.557385921
1.547461987
1.567521453
1.559947729
1.553338766
1.557235241
1.554820538
1.548243523
1.565950871
1.557437062
1.552439213
1.552655578
1.553461552
1.567389607
1.58730948
1.590096354
1.588615417
1.585871339
1.596080065
1.601728797
1.602057457
1.57792592
1.558936596
1.547610521
1.555587173
1.57158494
1.563029051
1.566091061
1.564231396
1.558453202
1.561175346
1.560065031
1.560939431
1.558176756
1.550705791
1.556012154
1.555525184
1.548728585
1.551298857
1.556562901
1.559456229
1.562381029
1.565026641
1.56108892
1.555674195
1.549842238
1.560646296
1.565237164
1.565078616
1.564295888
1.561223269
1.557175279
1.558255315
1.556261659
1.553581357
1.554350257
1.563367128
1.565100312
1.570366502
1.55738163
1.565213084
1.558939695
1.561093211
1.552454114
1.55804956
1.563658357
1.569514036
1.571593165
1.566212296
1.55845654
1.56271863
1.556026697
1.555661321
1.560060382
1.55437696
1.55992198
1.55289197
1.550116062
1.542593002
1.534151316
1.531708121
1.534815431
1.540567875
1.546671033
1.547838926
1.54831183
1.540495634
1.546994567
1.556577086
1.556655169
1.557602406
1.565283418
1.561441064
1.564854741
1.568000913
1.568274617
1.572031379
1.56827414
1.57217133
1.567625165
1.570285201
1.572159529
1.567812204
1.57329011
1.569664955
1.575447321
1.582711816
1.577992797
1.583459377
1.583865166
1.574426055
1.565571666
1.553771257
1.55251348
1.558883905
1.568447828
1.571666837
1.562402248
1.557503819
1.555261493
1.556748986
1.563979983
1.570630908
1.569734931
1.567291141
1.566004872
1.56456542
1.564942122
1.558899999
1.557762384
1.562837481
1.557343483
1.557607651
1.561123013
1.562090755
1.556006193
1.553028941
1.554718494
1.565858006
1.562890649
1.559972286
1.559503555
1.555255651
1.558400631
1.568662286
1.553982377
1.558564186
1.551869154
1.555122375
1.559522271
1.557826638
1.565267801
1.565663099
1.562395811
1.568991184
1.554417491
1.573028326
1.564349294
1.552115798
1.576629877
1.566101909
1.55033493
1.565712094
1.56802249
1.558244467
1.550011635
1.562442422
1.57174933
1.570431352
1.550149798
1.535773993
1.531064987
1.523265243
1.521451116
1.518942475
1.520509958
1.515419245
1.51068151
1.514417291
1.518680573
1.525725245
1.532493353
1.556735992
1.558384657
1.544562459
1.543350458
1.560835481
1.566053391
1.549165964
1.547757745
1.561364174
1.556446075
1.569694996
1.55858314
1.559674978
1.560947776
1.553318024
1.548959851
1.55356586
1.552476883
1.560160518
1.545377254
1.549955368
1.550732851
1.553054094
1.560850143
1.564971447
1.555875897
1.549715161
1.557702184
1.559960127
1.561228514
1.553285003
1.551659822
1.54546082
1.538897514
1.539378524
1.537706256
1.545327067
1.540053844
1.539177299
1.532672405
1.537383556
1.532006621
1.534942746
1.537594914
1.534540892
1.528341174
1.531190157
1.540894151
1.534640551
1.53787601
1.543832541
1.541976452
1.551452994
1.551844597
1.548185468
1.544600248
1.544909596
1.541201353
1.546426415
1.536902547
1.530980468
1.529207706
1.529202104
1.540775418
1.532261729
1.529669523
1.526859403
1.527476788
1.526697636
1.528568268
1.52637732
1.527177215
1.535286307
1.54264164
1.528932095
1.521110415
1.521728039
1.520839691
1.520341516
1.522719502
1.521529794
1.526963949
1.533776164
1.541069627
1.536785007
1.541716814
1.539927006
1.52674675
1.522874117
1.523952007
1.525988698
1.527720928
1.525906444
1.526567578
1.538384438
1.535161018
1.537946463
1.529947162
1.538417935
1.543760538
1.549459934
1.542905211
1.547164679
1.54081285
1.538581014
1.532630324
1.526298642
1.529812098
1.522098184
1.518453956
1.485149503
1.483929753
1.485240459
1.492910028
1.496399164
1.502519488
1.507968545
1.520024657
1.51755619
1.516179442
1.520224571
1.523325086
1.523346782
1.525972366
1.532524467
1.539423466
1.535088658
1.538836956
1.541102171
1.53361249
1.537291408
1.531842351
1.531968713
1.541025758
1.542035341
1.541276574
1.532492876
1.525272489
1.529330134
1.527907848
1.531599402
1.540475249
1.546479702
1.544037461
1.540129066
1.5471946
1.548556089
1.556508422
1.550114512
1.547783256
1.544359207
1.542208791
1.536369324
1.533750415
1.543945789
1.545422912
1.536237597
1.53572166
1.541628838
1.568570495
1.57527113
1.566309452
1.567228556
1.567480206
1.558230758
1.554148793
1.55294466
1.54693222
1.544815779
1.55241394
1.554878592
1.554772735
1.566153884
1.556877255
1.548898101
1.546605468
1.542414784
1.541461706
1.554936409
1.540897369
1.536656976
1.533526421
1.529592752
1.534779668
1.527468681
1.542520523
1.549084425
1.537534952
1.538073182
1.533748388
1.536815047
1.525816321
1.531244516
1.537177682
1.529896617
1.540804505
1.541051507
1.528071761
1.525269508
1.527017951
1.525870085
1.524670482
1.528030396
1.516673326
1.530263662
1.539744377
1.527007103
1.534420133
1.523649335
1.52079308
1.528049469
1.514352918
1.514921784
1.534732223
1.524084806
1.505569696
1.517571807
1.514108539
1.505010128
1.497320533
1.515153289
1.5214293
1.517558455
1.504963994
1.503195763
1.516061544
1.522719264
1.533040404
1.530275941
1.523190975
1.514185667
1.508072495
1.503100514
1.505924344
1.520446301
1.536128521
1.53997314
1.547391295
1.554604173
1.549925566
1.54300797
1.548098922
1.563528299
1.565570593
1.566661119
1.564986348
1.564797044
1.570952773
1.564974189
1.547503114
1.536976099
1.53763032
1.533350348
1.531719327
1.543797493
1.546181798
1.542274117
1.519203305
1.495026708
1.49076438
1.514032483
1.528842211
1.527497292
1.519114852
1.515286326
1.522430539
1.530004025
1.516584039
1.506436825
1.507348537
1.512542009
1.505554438
1.521059513
1.528243303
1.512915134
1.513814211
1.521322131
1.522008896
1.527693391
1.513106108
1.514575005
1.518547654
1.520005465
1.520688772
1.519111872
1.52138114
1.520266414
1.510925055
1.507464528
1.513555884
1.517361999
1.515430689
1.51324892
1.518371344
1.524593234
1.528382301
1.529907346
1.529126763
1.527207971
1.528696775
1.538256645
1.533805132
1.532020092
1.527659774
1.523635507
1.529139876
1.522272468
1.519818187
1.519479513
1.525358677
1.527348757
1.523743033
1.519047141
1.530471802
1.533034801
1.530873895
1.518995762
1.518106461
1.518710971
1.511641979
1.51357317
1.519012213
1.524441361
1.522476912
1.531655073
1.527043581
1.529498935
1.532025695
1.531720161
1.53469646
1.53068924
1.528901219
1.534957051
1.532422781
1.537375093
1.538439035
1.530326486
1.531414628
1.529229403
1.532718182
1.542628288
1.551133513
1.543817401
1.531469226
1.535024166
1.540605307
1.542021751
1.546473861
1.543458223
1.547531366
1.550813675
1.548768997
1.550197363
1.547573447
1.548491955
1.546510696
1.540616512
1.537528038
1.532788515
1.528844476
1.525789499
1.516006231
1.52558434
1.534479737
1.540780067
1.544502258
1.543774724
1.54646194
1.541917801
1.54417789
1.545945525
1.542243361
1.540654063
1.542546272
1.536169648
1.538464546
1.546506882
1.556406975
1.560195088
1.554063559
1.551561475
1.547031999
1.539354563
1.535163045
1.535277724
1.537732363
1.53872478
1.52470839
1.525384545
1.53362906
1.535479665
1.538451195
1.532053709
1.536965251
1.529507756
1.524094105
1.523444414
1.522972822
1.530605674
1.52294445
1.534683585
1.529779077
1.537305236
1.537756324
1.547070026
1.543781519
1.542055011
1.530027986
1.522808075
1.526073694
1.524043918
1.528847098
1.527336597
1.540659428
1.550724387
1.544369817
1.556956172
1.562724113
1.55401206
1.551450491
1.545313954
1.554541588
1.553647995
1.544465661
1.536894917
1.531469226
1.527419806
1.538157821
1.549950838
1.551453114
1.555526614
1.559267044
1.564082861
1.568340302
1.573175311
1.570949078
1.572968125
1.569729686
1.564963818
1.559934258
1.544898987
1.543045402
1.555685282
1.555574894
1.556067944
1.563642979
1.567179322
1.56406796
1.56586504
1.566014647
1.548735619
1.536802649
1.530714869
1.518989801
1.515591264
1.520285249
1.518196821
1.514974952
1.515840769
1.514535308
1.510813832
1.514279127
1.519772291
1.529301763
1.530410886
1.531628013
1.539563537
1.535006523
1.538663149
1.553881884
1.559681177
1.571602821
1.575160503
1.579167962
1.57849884
1.577800155
1.576496243
1.572584867
1.567635298
1.563688993
1.560856819
1.562057257
1.564513922
1.565139174
1.563930154
1.558966875
1.551467538
1.555159807
1.560830116
1.562141895
1.562672853
1.553384185
1.553544044
1.566825032
1.566174269
1.560182571
1.564279556
1.566954136
1.569000959
1.568112493
1.573756456
1.574027896
1.56597352
1.568145156
1.556932688
1.566781402
1.57782042
1.586978674
1.581043363
1.576931
1.569103837
1.562656164
1.567067385
1.570479512
1.57745266
1.574671745
1.580305457
1.579766393
1.578181148
1.575354815
1.57648623
1.579136848
1.578398466
1.581332803
1.593832016
1.602694631
1.599763155
1.593776822
1.587936044
1.584136963
1.586781263
1.588177085
1.587517381
1.592767954
1.598784208
1.60725069
1.603705049
1.607763171
1.606564045
1.608291388
1.605682135
1.603666186
1.609416723
1.599487782
1.602435589
1.603572726
1.598660946
1.595787525
1.597663879
1.600451708
1.612008929
1.617769003
1.626622319
1.626021981
1.622190595
1.624561787
1.642606616
1.643757939
1.641989231
1.645384789
1.645567536
1.640195489
1.634184122
1.628483534
1.622077942
1.61778152
1.618932962
1.617199659
1.612570047
1.615168929
1.611836553
1.611693144
1.616754889
1.611335516
1.608224034
1.608291149
1.608731508
1.604448557
1.60265553
1.599506378
1.606381774
1.607344389
1.619530439
1.622776747
1.621731043
1.61884129
1.623375416
1.62400043
1.634268641
1.634765744
1.622285724
1.626179338
1.627980828
1.6278404
1.624989033
1.625773549
1.621114969
1.616203547
1.615610838
1.616712332
1.611719251
1.618527174
1.618974686
1.615182996
1.619177341
1.628669858
1.635894299
1.642319918
1.639620304
1.637303591
1.626606464
1.631727934
1.640713453
1.635455012
1.638952732
1.643630981
1.644502878
1.637624741
1.637393713
1.651758432
1.650151253
1.643981099
1.640520096
1.638127089
1.637027383
1.642292738
1.653748035
1.658645988
1.647825837
1.647553086
1.65725112
1.661474109
1.669376135
1.667671919
1.664849162
1.665266395
1.664235353
1.664324164
1.661469817
1.661662221
1.666775107
1.664216757
1.663911581
1.658707142
1.654395461
1.656143308
1.659469366
1.660560012
1.657625198
1.654109836
1.660382152
1.67511487
1.678146362
1.687182665
1.695595741
1.690283298
1.676527262
1.673077703
1.663548827
1.663006306
1.668688893
1.66804111
1.662969828
1.657154679
1.659512639
1.658556581
1.657824874
1.653655171
1.654034853
1.656947136
1.655794621
1.655897737
1.657812357
1.662800908
1.661913157
1.666661263
1.667764783
1.670902133
1.673240781
1.674488187
1.674126029
1.675547481
1.674102068
1.667281389
1.66664052
1.671530247
1.67451334
1.678317189
1.676659703
1.670141459
1.67394805
1.670662522
1.66464901
1.662776113
1.663607955
1.668002725
1.670782685
1.670833945
1.673514485
1.67452383
1.673469782
1.669576764
1.667966008
1.656562209
1.650112867
1.658128858
1.656030774
1.658231258
1.653627872
1.650243521
1.654584169
1.658084273
1.647053957
1.6420573
1.643805027
1.639455199
1.644440413
1.645806313
1.63949883
1.636373639
1.63221252
1.63418591
1.641477823
1.640024185
1.640545011
1.647474289
1.648209691
1.649695873
1.65020442
1.661061883
1.669921756
1.672332883
1.666090965
1.650944471
1.649938583
1.654516935
1.654848814
1.660489917
1.669767499
1.666586637
1.677665591
1.679934502
1.687895894
1.694594145
1.703273296
1.715380669
1.724257469
1.726207495
1.722758412
1.715286493
1.710712552
1.709537029
1.70168817
1.698509812
1.698237777
1.691769481
1.686425447
1.683374286
1.687409639
1.693318844
1.693585753
1.697606921
1.693455338
1.696138859
1.69918251
1.696174383
1.700084209
1.706097603
1.704611063
1.700399518
1.692355752
1.688042402
1.682873964
1.674167275
1.679355621
1.686062574
1.694705129
1.70138967
1.693700314
1.690611124
1.689197659
1.690084219
1.688515782
1.693310857
1.703329325
1.715382338
1.714309573
1.716094494
1.714829206
1.719917417
1.727541685
1.727490306
1.727267146
1.730226994
1.724539399
1.714425802
1.710563064
1.70869863
1.706913114
1.69507432
1.683684826
1.677179098
1.676210403
1.672365189
1.674204946
1.672446966
1.665147424
1.671077609
1.66550386
1.664063215
1.67028904
1.674542546
1.678395748
1.671050906
1.670369506
1.682184815
1.687310457
1.683137059
1.674842
1.66859901
1.664081335
1.672178745
1.670201898
1.664301634
1.666950583
1.664765716
1.667332411
1.678045988
1.683251143
1.693818569
1.698157549
1.699911714
1.708990812
1.711484909
1.712126613
1.713432312
1.712193847
1.723439097
1.730179787
1.733680964
1.735584497
1.72830224
1.724854708
1.733424544
1.731794119
1.721239805
1.719722152
1.714834809
1.703875184
1.695290208
1.700597405
1.700272083
1.708006144
1.707743883
1.702615023
1.693968296
1.680768132
1.679159522
1.693021297
1.709077716
1.712392211
1.720029473
1.722922444
1.719468117
1.71410346
1.705118656
1.705154777
1.703761339
1.701114655
1.707761645
1.715118408
1.72708571
1.739376783
1.746937752
1.74580121
1.74483192
1.750383615
1.767916679
1.777502418
1.783551931
1.782067537
1.767115116
1.753809452
1.752561808
1.746029615
1.744617105
1.732833743
1.720016003
1.714918375
1.715057254
1.717583418
1.720764875
1.737280011
1.738631606
1.729455471
1.731009603
1.726104736
1.719927907
1.722109318
1.738535762
1.746304274
1.761205196
1.768949509
1.769583941
1.770843983
1.768679857
1.770559311
1.764752746
1.759511709
1.752444148
1.740353107
1.730010152
1.721147537
1.709727526
1.706434727
1.704137802
1.704332829
1.715922117
1.733990788
1.735217094
1.748478651
1.752012968
1.754254103
1.745351434
1.733501434
1.737255335
1.734469414
1.726328731
1.722251296
1.722177386
1.716509223
1.70780015
1.697167635
1.691041708
1.700579405
1.697690845
1.69769609
1.712838411
1.722615361
1.719183087
1.716569781
1.708570123
1.697167754
1.687819719
1.677531958
1.671346545
1.671489477
1.682025909
1.689578295
1.699377298
1.704842925
1.708954692
1.719949722
1.721377373
1.721377373