1.56000948	0.2989690006	0.01224401419	0.2336344272	5.424228425
1.556795716	0.2948272526	0.012230482	0.2289656997	5.426734649
1.557328343	0.2907497883	0.01209293181	0.2273826003	5.305402562
1.546884418	0.2791734934	0.01204000565	0.2141961604	5.288236627
1.54887569	0.2778613567	0.01195547317	0.2161445171	5.214694614
1.541707993	0.2703731656	0.01193361028	0.2082177997	5.219624492
1.550191164	0.2746897638	0.0118573128	0.2180942148	5.141915154
1.547381878	0.2812950611	0.01221503983	0.2200390846	5.492193361
1.544999003	0.2837582529	0.01240393181	0.2201840281	5.677266595
1.547164679	0.2895605862	0.01256205076	0.2252585292	5.819629594
1.545308471	0.2884253561	0.01259918521	0.2237011492	5.855842953
1.551237226	0.2984234095	0.01277594525	0.2332917154	6.00323965
1.550666571	0.2996225357	0.01285306041	0.2332509011	6.070505174
1.550156236	0.3085502386	0.01320740543	0.2370737791	6.392879782
1.556947351	0.3163839877	0.01324649564	0.2453227192	6.398169687
1.554048419	0.3169173598	0.01338080323	0.2424861938	6.516392066
1.549344778	0.315261364	0.01349709598	0.2375165671	6.619118111
1.544832587	0.3084550798	0.0134138181	0.2303905487	6.533680641
1.557266951	0.3039402962	0.01279135101	0.2366855592	5.910876671
1.562297702	0.3004535437	0.01250186644	0.2379725873	5.629321703
1.561303496	0.2935052216	0.01230843876	0.2331208587	5.45701819
1.561223626	0.2854015529	0.01204078171	0.2287710607	5.217232408
1.568623781	0.2881030738	0.01192987041	0.2356090844	5.111721468
1.569992304	0.2825370133	0.01171814078	0.2335065603	4.9290133
1.565782309	0.2810921371	0.01184486564	0.2294673473	5.074921015
1.565172553	0.2823013663	0.01194789772	0.2296886146	5.187188683
1.559905887	0.2778201997	0.01198611409	0.2237158865	5.246852359
1.559177876	0.2800737321	0.01212546191	0.2247567326	5.388081242
1.558527112	0.2793384194	0.01214843791	0.2243493497	5.418539029
1.557470202	0.2724429071	0.01195558344	0.2207287103	5.249760501
1.55910027	0.2808991373	0.01224765315	0.2266914845	5.52648091
1.561600089	0.2920838892	0.01260494534	0.2341647297	5.855639565
1.555932522	0.2999953032	0.01310748071	0.2336508185	6.330812487
1.560715318	0.2971323729	0.01284038958	0.2354705185	6.05922413
1.560915112	0.2906119227	0.01261062016	0.2320807874	5.84013109
1.552718401	0.2902049422	0.01289788265	0.2259415388	6.122217902
1.554688215	0.2944956124	0.01299289197	0.2298767716	6.195431459
1.55969882	0.2943282723	0.01282016828	0.2333793789	6.013965779
1.567424893	0.2911588252	0.01244842013	0.2371349037	5.646860414
1.569237471	0.2960171103	0.01258840253	0.2404389977	5.775385146
1.570985794	0.3026994765	0.01279512313	0.2443648875	5.963195313
1.562233567	0.2992566228	0.01299940631	0.2354711443	6.169775447
1.560862899	0.2943892181	0.01288083842	0.2317391932	6.054184968
1.557533383	0.2969954312	0.01310094141	0.2306521535	6.258024527
1.55914104	0.2966146469	0.01303513324	0.2316240966	6.181284771
1.570287943	0.292686373	0.01251213833	0.2374767959	5.66209204
1.56483233	0.2867329717	0.01250886036	0.2301392257	5.674683873
1.556025624	0.2926259637	0.01304121482	0.2268066704	6.187992321
1.564275622	0.3030469716	0.01313901005	0.2381269336	6.24826191
1.568187594	0.3062197268	0.01312020667	0.242003262	6.210244166
1.558202147	0.3054979444	0.01346017271	0.2338513881	6.539843596
1.561527371	0.2988060713	0.01309951412	0.2325520664	6.180140335
1.572543502	0.2966108322	0.01263606895	0.239100799	5.715048166
1.56219995	0.2962392569	0.01299946561	0.2310834825	6.077162332
1.561365843	0.2970021665	0.01306132584	0.2308919877	6.128366894
1.563392758	0.2987968922	0.01305848895	0.2332738042	6.111560986
1.557542443	0.2962982953	0.01317747816	0.2277556509	6.227260748
1.559136629	0.2994751036	0.0132332745	0.2307214439	6.263085545
1.555215478	0.3073917627	0.01364602598	0.2320564091	6.641689306
1.568145514	0.3137380779	0.01339189488	0.2441917211	6.352503953
1.553748846	0.3106532991	0.01381479757	0.231541276	6.768304013
1.557216048	0.3107404411	0.01367493064	0.2338813245	6.60615593
1.546502352	0.3152386844	0.01420376786	0.2287070602	7.102078055
1.557385921	0.3176200986	0.01385438297	0.2374207973	6.71744855
1.547461987	0.3166134953	0.01416825211	0.2296931297	7.011056222
1.567521453	0.3160738051	0.0133046545	0.2443441153	6.120255058
1.559947729	0.3025953472	0.01310357128	0.231892854	5.946209088
1.553338766	0.306261152	0.01345851031	0.2292139232	6.285632455
1.557235241	0.3118368685	0.0135021175	0.2348871231	6.303406732
1.554820538	0.320479244	0.01387265787	0.2374637872	6.639629321
1.548243523	0.3255558014	0.01426450041	0.2351684123	6.998803166
1.565950871	0.3346458972	0.01387877066	0.2515332997	6.564442598
1.557437062	0.3259069622	0.01389347214	0.2396155298	6.584401322
1.552439213	0.3053780496	0.01336393585	0.2244803458	6.087319582
1.552655578	0.3092560172	0.01347500215	0.2271190286	6.180220476
1.553461552	0.3172625601	0.01370496195	0.2321543545	6.380133131
1.567389607	0.3244213462	0.01343373043	0.2453455776	6.078522298
1.58730948	0.3296372294	0.01288413513	0.2607749403	5.511655453
1.590096354	0.3291991651	0.01279080277	0.2603128552	5.428120115
1.588615417	0.3152510822	0.01237873269	0.2498301566	5.060094041
1.585871339	0.3069188893	0.01220581031	0.242241472	4.923925568
1.596080065	0.2959789634	0.01150260054	0.2432205677	4.267489444
1.601728797	0.2922073305	0.01123667455	0.2446386516	4.044465857
1.602057457	0.3007545769	0.0116019479	0.2480910122	4.427012003
1.57792592	0.3072648346	0.01265292697	0.2319158763	5.493354796
1.558936596	0.3126547933	0.01347728976	0.2205769867	6.310746302
1.547610521	0.3187654614	0.01405967628	0.2162403017	6.863914519
1.555587173	0.318620652	0.01375993021	0.2225918621	6.536460679
1.57158494	0.3195086122	0.0132244507	0.2345274091	5.978472473
1.563029051	0.3275105059	0.01379624803	0.232342124	6.525723015
1.566091061	0.3316567838	0.01381151648	0.2364690453	6.512563517
1.564231396	0.3318952322	0.01387244045	0.2348987013	6.556676825
1.558453202	0.3310162127	0.01403558611	0.2301440239	6.704210732
1.561175346	0.3354926407	0.01406324658	0.2343232334	6.69935553
1.560065031	0.3317279816	0.01395524499	0.2312258631	6.578773853
1.560939431	0.3335216045	0.01396169796	0.2326616645	6.562332222
1.558176756	0.3332754672	0.01403226652	0.23044689	6.61530474
1.550705791	0.3418218493	0.01456451591	0.2299086601	7.107695203
1.556012154	0.3561039865	0.01479734901	0.2410921752	7.276544764
1.555525184	0.3665111065	0.01511160202	0.2456221879	7.533549908
1.548728585	0.3701554239	0.01544891218	0.2420882583	7.824891779
1.551298857	0.3692294955	0.01525361509	0.242228359	7.586750707
1.556562901	0.3675255179	0.01493086805	0.2435925305	7.228085028
1.559456229	0.3629870117	0.01462545445	0.2417411804	6.901754981
1.562381029	0.3560382128	0.0142520158	0.2386938184	6.520349326
1.565026641	0.3492578864	0.01390398018	0.2358264029	6.172024249
1.56108892	0.3538977802	0.01417783116	0.235278666	6.42642785
1.555674195	0.3614035249	0.0145911392	0.2353591174	6.807992573
1.549842238	0.3661631346	0.0149223501	0.233596772	7.104856879
1.560646296	0.3716065288	0.01464219387	0.2431250066	6.782937618
1.565237164	0.3773479164	0.01460792544	0.2482617646	6.713406899
1.565078616	0.37900576	0.01463296019	0.2476730943	6.716306542
1.564295888	0.3798175454	0.01465309099	0.2461819798	6.715560382
1.561223269	0.3749933243	0.01457964808	0.2401462346	6.634417127
1.557175279	0.3628315926	0.01430479009	0.2297261059	6.369688709
1.558255315	0.3579469323	0.01407168443	0.2275039852	6.1345086
1.556261659	0.3520120084	0.01392025355	0.2228396833	5.988454871
1.553581357	0.3494179249	0.01390056489	0.2199185342	5.969105704
1.554350257	0.3433173001	0.01364639945	0.2175916284	5.723560099
1.563367128	0.3463363945	0.01341147223	0.2261341661	5.481778081
1.565100312	0.343229115	0.01323441259	0.2257526666	5.318008966
1.570366502	0.3451502323	0.01310772831	0.2305777073	5.196730305
1.55738163	0.3389379382	0.01333898223	0.2180006057	5.455182235
1.565213084	0.3384645283	0.01303991861	0.2239100784	5.163309127
1.558939695	0.3322581053	0.01303467031	0.2165316045	5.185045521
1.561093211	0.3302105367	0.01288255075	0.2177892923	5.049586478
1.552454114	0.3307632208	0.01318193583	0.2127117664	5.361518181
1.55804956	0.3422267139	0.01337173599	0.2237028778	5.532028238
1.563658357	0.3424943686	0.01317136953	0.228031978	5.336302337
1.569514036	0.3468188941	0.01310720816	0.2343446314	5.272005669
1.571593165	0.3552769125	0.01332478634	0.2397362143	5.481011886
1.566212296	0.3623283505	0.01376314369	0.238794595	5.908638798
1.55845654	0.3607658446	0.01398096842	0.2318573892	6.12694925
1.56271863	0.3574954867	0.01368066788	0.2327258289	5.828695835
1.556026697	0.3637657464	0.01412770548	0.2310982198	6.256549206
1.555661321	0.3681026399	0.01425830752	0.2328947186	6.365225105
1.560060382	0.3758196533	0.01432028323	0.2395843565	6.395909957
1.55437696	0.3761519492	0.01451731866	0.235100612	6.57789291
1.55992198	0.3828796744	0.01448278079	0.2419447005	6.510196325
1.55289197	0.3873277307	0.01488924159	0.2379869223	6.883450682
1.550116062	0.3839132488	0.01483471129	0.2334012091	6.814766906
1.542593002	0.3792075217	0.01492133269	0.2254083157	6.889488569
1.534151316	0.3758929372	0.01507792032	0.2182452083	7.027520317
1.531708121	0.3769624531	0.01514108717	0.2177872658	7.058274989
1.534815431	0.3772103786	0.01496615597	0.2203837186	6.855402586
1.540567875	0.3776698112	0.01470335503	0.2246051282	6.570242491
1.546671033	0.3809166253	0.01452591672	0.2303584665	6.369967381
1.547838926	0.3842446506	0.01454200804	0.2326428592	6.365531097
1.54831183	0.382665962	0.01442900367	0.231540665	6.245413266
1.540495634	0.3739824593	0.01440440792	0.2210360318	6.230848874
1.546994567	0.3725432158	0.01407099991	0.2247452885	5.894799317
1.556577086	0.3783120215	0.0138731156	0.2343219072	5.684436776
1.556655169	0.3816497028	0.01395349105	0.2355986238	5.759574928
1.557602406	0.376229167	0.01371301593	0.232561782	5.535807002
1.565283418	0.3795153797	0.01352033934	0.2390424758	5.344738987
1.561441064	0.3813174069	0.01370915434	0.2364562005	5.538166909
1.564854741	0.3754480481	0.01336177827	0.2347891033	5.215741909
1.568000913	0.3763715327	0.01327090726	0.236810714	5.137199591
1.568274617	0.3833754361	0.01349647492	0.2399771959	5.358762428
1.572031379	0.3845338523	0.01339132375	0.2421593219	5.263247848
1.56827414	0.3899050057	0.01370832419	0.2412479818	5.576970883
1.57217133	0.3971772194	0.01380174913	0.2467034012	5.658466879
1.567625165	0.3999263644	0.01405318482	0.2435595244	5.905497518
1.570285201	0.3965746164	0.01381869557	0.242275551	5.681200784
1.572159529	0.3810567558	0.01320709854	0.2339785546	5.11813031
1.567812204	0.3735077977	0.01309977627	0.2263198644	5.044927682
1.57329011	0.37955302	0.01311885741	0.2333450168	5.06601202
1.569664955	0.3694976568	0.01289748942	0.224877581	4.887591997
1.575447321	0.3717108071	0.01278457243	0.2301701009	4.790129144
1.582711816	0.3706362247	0.01251587404	0.2344171405	4.54885681
1.577992797	0.3681986928	0.01260645897	0.2291561663	4.671860624
1.583459377	0.3730994463	0.01261259464	0.2353991568	4.691159703
1.583865166	0.3764059246	0.01273539134	0.2366851121	4.829689903
1.574426055	0.3760632277	0.01305481254	0.2291117758	5.167882622
1.565571666	0.3734579384	0.01341433825	0.217323482	5.553245538
1.553771257	0.3669346273	0.01361048527	0.2056640238	5.765335358
1.55251348	0.3656263053	0.01359080596	0.2055231184	5.746347432
1.558883905	0.3699000776	0.0135255169	0.212850973	5.666405076
1.568447828	0.3720680773	0.01327945434	0.2206548303	5.416221622
1.571666837	0.3749049008	0.01325977088	0.2248661071	5.396521535
1.562402248	0.3698852062	0.01340242268	0.2163275927	5.55964588
1.557503819	0.3655133247	0.01340592953	0.2116571665	5.577867611
1.555261493	0.3655569553	0.0134721819	0.2111612409	5.645124635
1.556748986	0.361220628	0.01326318825	0.2109158337	5.449917829
1.563979983	0.3630098403	0.01294367654	0.2222346067	5.145715774
1.570630908	0.3643987477	0.01274796333	0.2279751003	4.963561611
1.569734931	0.3679907322	0.01292747183	0.2290496528	5.147036885
1.567291141	0.3727317154	0.01319389093	0.2296299785	5.409408432
1.566004872	0.3731485009	0.01325418864	0.2287964821	5.475644268
1.56456542	0.3745167553	0.01335166866	0.2283709943	5.574231522
1.564942122	0.3682743907	0.01311505304	0.2254269719	5.362068846
1.558899999	0.3640400469	0.01317177109	0.2195200473	5.437108644
1.557762384	0.3631060421	0.01317524984	0.2187317312	5.448676252
1.562837481	0.3675315082	0.01315881835	0.2247029841	5.427306564
1.557343483	0.3613547385	0.0131310008	0.2180492133	5.421788378
1.557607651	0.3631476462	0.01318279408	0.2196269631	5.4743098
1.561123013	0.3691776693	0.01327044433	0.2254364789	5.551197695
1.562090755	0.3730664551	0.01336959194	0.2280467153	5.64324011
1.556006193	0.3766790032	0.01370156537	0.2255857736	5.961913059
1.553028941	0.3723872602	0.01364778825	0.2213733494	5.914324551
1.554718494	0.3672036231	0.01339894913	0.2201218754	5.679002374
1.565858006	0.3769350648	0.01333657291	0.2331224829	5.597683659
1.562890649	0.3775006235	0.01346187151	0.2308527827	5.722466055
1.559972286	0.371202141	0.01334722555	0.2251276076	5.625831931
1.559503555	0.3688282967	0.01327851703	0.2236051708	5.566561675
1.555255651	0.3654895425	0.01330888539	0.2190630436	5.606918682
1.558400631	0.3607708514	0.01303270623	0.2192258537	5.351193971
1.568662286	0.3626716137	0.012751569	0.2278408855	5.082062965
1.553982377	0.3608699739	0.01320311316	0.216370821	5.538753394
1.558564186	0.3619909585	0.0130827414	0.2208284587	5.422810174
1.551869154	0.3676693738	0.01351114416	0.2194122821	5.832217177
1.555122375	0.3704240918	0.01348327875	0.2235156745	5.79626124
1.559522271	0.3721482754	0.01337691563	0.2276668251	5.687635126
1.557826638	0.3673981726	0.01326937386	0.2238968313	5.595170757
1.565267801	0.3706276417	0.01311644288	0.2308916748	5.442702721
1.565663099	0.3709540963	0.01312013177	0.2309679538	5.452564907
1.562395811	0.3714934289	0.01326226759	0.2285680473	5.59598613
1.568991184	0.3749395311	0.01315097554	0.2347509265	5.48368507
1.554417491	0.3784743249	0.01380563047	0.225743711	6.11736695
1.573028326	0.3840041459	0.01330840269	0.2414741069	5.613864833
1.564349294	0.3771243989	0.0133936509	0.2307199687	5.716879264
1.552115798	0.3757057488	0.01378635064	0.2210895717	6.102101326
1.576629877	0.3723407686	0.01276675422	0.2366432846	5.112199277
1.566101909	0.3651578426	0.0129042784	0.2247333974	5.276248886
1.55033493	0.3703661859	0.01364042502	0.2164133638	5.988280625
1.565712094	0.3770945072	0.01332833895	0.2312765867	5.663041588
1.56802249	0.3665649593	0.01288174036	0.2269492894	5.255585287
1.558244467	0.3741673529	0.01350020959	0.2239446342	5.849579822
1.550011635	0.3707765341	0.01366647303	0.2165213823	6.016482324
1.562442422	0.3680446148	0.01312324642	0.2242694199	5.48723434
1.57174933	0.370142132	0.012873883	0.2320453674	5.245204006
1.570431352	0.3690145612	0.01289537866	0.2300987393	5.279765371
1.550149798	0.3653489649	0.01348747843	0.2134697437	5.875122301
1.535773993	0.3671293855	0.01403695306	0.2052058578	6.40155139
1.531064987	0.375987798	0.0144792209	0.2080293894	6.794575653
1.523265243	0.3850961328	0.01502861855	0.2087935805	7.283095675
1.521451116	0.39462924	0.0153570841	0.2137752473	7.546089528
1.518942475	0.4026725888	0.01564907474	0.2172827274	7.77117735
1.520509958	0.4113537371	0.01578833414	0.2235565484	7.841739579
1.515419245	0.4159710109	0.0160654683	0.2229618579	8.055443145
1.51068151	0.4206732213	0.01632228338	0.2227143198	8.243833119
1.514417291	0.4291161597	0.01632728825	0.2298440337	8.175882147
1.518680573	0.4269274473	0.01598079018	0.2305058539	7.789791285
1.525725245	0.4162732065	0.01527647978	0.2276947796	7.083969857
1.532493353	0.41156587	0.01479345726	0.2285819948	6.596481346
1.556735992	0.4134422839	0.01382553448	0.2447808683	5.634929743
1.558384657	0.4123888612	0.0137176182	0.2436838299	5.537374
1.544562459	0.4109867513	0.0141953789	0.2321315706	6.011871188
1.543350458	0.4101936817	0.01418583521	0.2301766425	5.999898018
1.560835481	0.4049308598	0.013314942	0.2383280545	5.159524292
1.566053391	0.4056847692	0.01314845907	0.2412344515	5.010890269
1.549165964	0.3989187181	0.01353506787	0.224546656	5.420131526
1.547757745	0.3948252499	0.01343044933	0.2212030888	5.335041333
1.561364174	0.3977895379	0.01304329541	0.2323437333	4.960788554
1.556446075	0.3967662454	0.01318521901	0.2277016044	5.119975979
1.569694996	0.3916387558	0.01254157875	0.2339054346	4.51845579
1.55858314	0.3903920054	0.01289923192	0.2245993018	4.898193665
1.559674978	0.3952776194	0.01304163926	0.2278610766	5.045291655
1.560947776	0.3989590704	0.01313284628	0.2303519547	5.14171298
1.553318024	0.3955354095	0.01328251074	0.2226794064	5.310324548
1.548959851	0.3947111368	0.01340196287	0.2192209214	5.438636785
1.55356586	0.393268317	0.01318323724	0.2219724059	5.234741371
1.552476883	0.3934793472	0.01322762985	0.2214016616	5.288738721
1.560160518	0.3903679252	0.01285099854	0.2252890319	4.937703426
1.545377254	0.3936511874	0.01348744826	0.2163168639	5.570448508
1.549955368	0.3992637098	0.01351430666	0.2229228467	5.586948423
1.550732851	0.3999367058	0.01350242958	0.2238159478	5.577300553
1.553054094	0.400069356	0.01341746122	0.2254321873	5.497706082
1.560850143	0.3964479864	0.01300844441	0.228789255	5.111652862
1.564971447	0.390342325	0.01265848736	0.2280684412	4.797557354
1.555875897	0.3907183707	0.01300749462	0.2214004993	5.159193407
1.549715161	0.396453768	0.01342965767	0.2201574296	5.571510981
1.557702184	0.4051322937	0.01344784102	0.2305840552	5.573105907
1.559960127	0.4139781594	0.01367727027	0.2362419218	5.781872308
1.561228514	0.423296541	0.01395277429	0.2410927713	6.030859113
1.553285003	0.4256277978	0.01432862746	0.235630706	6.389678396
1.551659822	0.4236832261	0.01430344082	0.232558161	6.356846132
1.54546082	0.4251725376	0.01464245915	0.2253814936	6.652402078
1.538897514	0.4217893779	0.01476110401	0.2185880095	6.756772226
1.539378524	0.419781357	0.01462686509	0.2179946452	6.609422278
1.537706256	0.4185265303	0.01460652728	0.2165767998	6.574073469
1.545327067	0.4219842851	0.01441591568	0.2231736481	6.35902815
1.540053844	0.424084872	0.01464706454	0.2210460603	6.566844396
1.539177299	0.4207290411	0.01453144382	0.2187735736	6.444964679
1.532672405	0.4226257503	0.01479263855	0.2160188109	6.680974732
1.537383556	0.4263269603	0.01469899618	0.2212711573	6.558308178
1.532006621	0.4370126426	0.01520024367	0.2237438262	7.006181592
1.534942746	0.4445866644	0.01527839705	0.2294947207	7.037417717
1.537594914	0.4490599334	0.0152652789	0.2329973429	6.986940494
1.534540892	0.4578739107	0.01560913461	0.2352142632	7.278667284
1.528341174	0.4576635361	0.01579300508	0.2302698791	7.42808268
1.531190157	0.4513140023	0.01542017293	0.2276489735	7.04141444
1.540894151	0.4514218271	0.01498355079	0.2331105024	6.585926427
1.534640551	0.4464116693	0.01503048484	0.2254129499	6.626299827
1.53787601	0.44120121	0.01469707372	0.2240389287	6.292667246
1.543832541	0.4366155565	0.01428762934	0.2249302417	5.890610741
1.541976452	0.439956069	0.01443321687	0.2253361046	6.023778788
1.551452994	0.440680325	0.01407478451	0.2315689176	5.666612714
1.551844597	0.4428762794	0.01411120012	0.2322966158	5.701152829
1.548185468	0.4500732422	0.01445954471	0.2331236452	6.029517361
1.544600248	0.4533186555	0.01467018411	0.2317004949	6.224545672
1.544909596	0.4556502998	0.014698346	0.2324032485	6.238349939
1.541201353	0.4627337158	0.01503305957	0.2331079692	6.541441557
1.546426415	0.4701202214	0.01502310393	0.2397323698	6.500149572
1.536902547	0.4685816169	0.01531089386	0.2312689126	6.771748857
1.530980468	0.4599150419	0.01521960673	0.2216377556	6.681176299
1.529207706	0.452668041	0.01500709688	0.2161336541	6.469835675
1.529202104	0.456699729	0.01508327577	0.2186697572	6.519727019
1.540775418	0.4554307163	0.01455479121	0.2253796905	5.98987555
1.532261729	0.464750737	0.01513180147	0.224818334	6.529267428
1.529669523	0.4727751911	0.01543068409	0.2273837626	6.78797253
1.526859403	0.4795117974	0.01569129521	0.2289051116	7.007112319
1.527476788	0.4918121696	0.01597671326	0.2357535213	7.233075619
1.526697636	0.4952058792	0.01604247357	0.2360283285	7.260410947
1.528568268	0.5047428608	0.01614828117	0.2416674048	7.304071945
1.52637732	0.5064655542	0.01622346449	0.2396386564	7.343937178
1.527177215	0.5124322772	0.01629359718	0.242107451	7.367786378
1.535286307	0.5156827569	0.0159689516	0.2470392287	7.01080305
1.54264164	0.5141988993	0.01555401133	0.2483431101	6.585147482
1.528932095	0.5079408884	0.01588286596	0.2339888662	6.907534839
1.521110415	0.4969010651	0.01580100912	0.2213519663	6.829732003
1.521728039	0.4856227636	0.01537215176	0.2145096809	6.412954467
1.520839691	0.4802331626	0.01517868975	0.2107434273	6.220649732
1.520341516	0.4764682055	0.0150206249	0.2085314393	6.063569952
1.522719502	0.4756495357	0.01486173405	0.2099754065	5.903667634
1.521529794	0.4734767973	0.01479273737	0.2083884627	5.837843432
1.526963949	0.4753113091	0.0146077954	0.2134502381	5.651062347
1.533776164	0.4804314375	0.01447278354	0.2211521268	5.511116324
1.541069627	0.484939456	0.01428149783	0.2287710011	5.322580032
1.536785007	0.4808712006	0.01427950566	0.2233593166	5.338208112
1.541716814	0.4820997715	0.01410847974	0.2267736495	5.179161845
1.539927006	0.490110904	0.01440524119	0.2294473052	5.468216665
1.52674675	0.4876457155	0.01478949373	0.2184125632	5.858288465
1.522874117	0.4959372878	0.01515531011	0.2204356194	6.197436195
1.523952007	0.501624167	0.01524295516	0.2240627408	6.262993869
1.525988698	0.5133519769	0.01547878744	0.2315130979	6.459333576
1.527720928	0.5126984119	0.01533356505	0.231110543	6.306095095
1.525906444	0.5116869807	0.0153230206	0.2282673717	6.288535134
1.526567578	0.5072135329	0.01508592436	0.2246983051	6.055568613
1.538384438	0.5074675679	0.01456348914	0.2318840474	5.542459303
1.535161018	0.5123346448	0.01481663716	0.2314983755	5.785803461
1.537946463	0.5101633668	0.01459964987	0.2308396399	5.58149095
1.529947162	0.4996374547	0.01453339022	0.218517378	5.54623321
1.538417935	0.5017671585	0.01424882105	0.2249954343	5.271111976
1.543760538	0.5001538992	0.0139742533	0.2268612683	5.02018479
1.549459934	0.5028958917	0.01383669687	0.2314392328	4.899665343
1.542905211	0.5014395714	0.01401553854	0.2252584547	5.097016829
1.547164679	0.5093597174	0.01410710031	0.2318493426	5.185471725
1.54081285	0.5160000324	0.01455031481	0.2300544232	5.617793558
1.538581014	0.5177326798	0.01466485883	0.2285333276	5.730831063
1.532630324	0.5152980685	0.01478099866	0.2223258168	5.852001048
1.526298642	0.5122644305	0.01488708298	0.2159208357	5.961126828
1.529812098	0.5137099028	0.01476062028	0.2189392447	5.831454624
1.522098184	0.5190690756	0.01518538407	0.2166767418	6.231744995
1.518453956	0.529260397	0.01559833632	0.2200165838	6.601212087
1.485149503	0.5937409401	0.01906418873	0.2351540625	9.783304938
1.483929753	0.6187156439	0.01967446458	0.2482969165	10.22748398
1.485240459	0.6142004132	0.01931709957	0.2438648343	9.801930408
1.492910028	0.6037551761	0.01851401502	0.2387471348	8.962701726
1.496399164	0.5946784616	0.01798887502	0.232600823	8.408270075
1.502519488	0.5875731707	0.01741379139	0.2294043601	7.811425074
1.507968545	0.573064208	0.0167018837	0.2213627994	7.110836482
1.520024657	0.558799088	0.01574063755	0.2178337127	6.18180933
1.51755619	0.5513575077	0.01557145296	0.2110607922	6.02495783
1.516179442	0.5457642078	0.01540655023	0.206628263	5.871126185
1.520224571	0.5441728234	0.01515566797	0.2083730549	5.629246419
1.523325086	0.5488559008	0.01512793157	0.2133926004	5.596864644
1.523346782	0.5500870943	0.01511506101	0.2140045464	5.586742
1.525972366	0.5508939028	0.01499444998	0.215940848	5.473130151
1.532524467	0.5528967381	0.01476582696	0.2209727615	5.255135405
1.539423466	0.5527943969	0.01446847463	0.2246562093	4.979864817
1.535088658	0.547244072	0.01443419371	0.2175728232	4.976932086
1.538836956	0.5491456985	0.0143261838	0.2207321376	4.887426251
1.541102171	0.5474489331	0.01416497621	0.2205899209	4.755469122
1.53361249	0.5452444553	0.01435087526	0.2136631906	4.963778052
1.537291408	0.5510954261	0.0143791547	0.2193099707	4.998017942
1.531842351	0.5552960038	0.01469396531	0.217496112	5.313157407
1.531968713	0.5467872024	0.01438422719	0.2122813165	5.041637655
1.541025758	0.5411702394	0.01384143127	0.2149661034	4.545545534
1.542035341	0.5400420427	0.0137557451	0.2147746682	4.492866865
1.541276574	0.5468728542	0.01400044071	0.2179438621	4.743924888
1.532492876	0.5424196124	0.01416085767	0.208949551	4.930965823
1.525272489	0.5401185751	0.01432577704	0.2029743642	5.112293382
1.529330134	0.5452134013	0.01432017816	0.2091988623	5.110807133
1.527907848	0.5478619933	0.01443606104	0.2098957896	5.231358454
1.531599402	0.5582047105	0.0146135472	0.2183035761	5.392866018
1.540475249	0.5584073067	0.01425333386	0.2238227129	5.056115835
1.546479702	0.5568641424	0.01395743274	0.226066798	4.792917076
1.544037461	0.5521230698	0.01388933488	0.220631659	4.760085722
1.540129066	0.5528392792	0.01405547972	0.2177855521	4.94002569
1.5471946	0.5443652868	0.0134948583	0.2172838748	4.439586229
1.548556089	0.5487575531	0.01360245937	0.2203087807	4.564507961
1.556508422	0.5563866496	0.01358434467	0.2293327302	4.558376576
1.550114512	0.5568835735	0.01385021554	0.223940298	4.839352041
1.547783256	0.5625001788	0.01413617662	0.2245448083	5.122764517
1.544359207	0.5677455664	0.01444301959	0.2242161483	5.42006717
1.542208791	0.5757789016	0.01478922013	0.2263315618	5.742842482
1.536369324	0.5792198181	0.01511591925	0.2233446091	6.049771755
1.533750415	0.5833513141	0.01532911882	0.223100543	6.239825867
1.543945789	0.5935539007	0.0152174762	0.2347022295	6.102702989
1.545422912	0.5873388052	0.01493397542	0.2302614748	5.84105696
1.536237597	0.5777329206	0.01497734749	0.2172355056	5.903160682
1.53572166	0.5862583518	0.01525035896	0.2214198411	6.143413345
1.541628838	0.5823933482	0.01486283365	0.2221402228	5.775167794
1.568570495	0.5148083568	0.01151558241	0.1980716139	2.734775262
1.57527113	0.4944713712	0.01062012987	0.1921152622	1.989460315
1.566309452	0.4964073002	0.01101778455	0.188333571	2.440307442
1.567228556	0.5053675175	0.01139841165	0.1962682009	2.864342433
1.567480206	0.5135033727	0.01173860759	0.2014094442	3.221400134
1.558230758	0.5204219222	0.01231044445	0.1990053058	3.803313431
1.554148793	0.5266951323	0.01270147556	0.200055629	4.202622075
1.55294466	0.5299749374	0.01289070564	0.2016336918	4.408272392
1.54693222	0.5275107026	0.01303083473	0.1967597604	4.573970657
1.544815779	0.5138730407	0.01264194039	0.1892900765	4.255514453
1.55241394	0.511965096	0.01235465501	0.1953025609	4.016199195
1.554878592	0.5126315951	0.01233724147	0.1986029148	4.033665962
1.554772735	0.520416379	0.01266465008	0.2034469694	4.363841556
1.566153884	0.5195946097	0.01228398969	0.2120707482	4.03465467
1.556877255	0.5214669704	0.01271717157	0.2063775212	4.475455954
1.548898101	0.5253589749	0.01317942768	0.2029785514	4.931332832
1.546605468	0.5409438014	0.01385994544	0.2099907249	5.559515348
1.542414784	0.5502375364	0.01436557154	0.2120461464	6.021628948
1.541461706	0.5614838004	0.01480255466	0.2173834592	6.404591279
1.554936409	0.5766146779	0.01477267524	0.234257549	6.330915698
1.540897369	0.58195436	0.01555428597	0.2262785733	7.046907733
1.536656976	0.5937014222	0.0161093574	0.2291458398	7.518924196
1.533526421	0.5964471698	0.01629813495	0.2275494188	7.655157632
1.529592752	0.599149704	0.01651483096	0.2255623043	7.814311968
1.534779668	0.6042893529	0.01638812379	0.2307653874	7.641394649
1.527468681	0.603358686	0.01664364369	0.2242429554	7.844713899
1.542520523	0.5945768356	0.01564609637	0.226831302	6.883437932
1.549084425	0.5869596004	0.01510038033	0.2249716818	6.364313199
1.537534952	0.5808115602	0.01537158168	0.2128519267	6.618830332
1.538073182	0.5762569308	0.01517867207	0.2102019042	6.428239519
1.533748388	0.5737120509	0.01524668671	0.2058888078	6.482157943
1.536815047	0.5860741735	0.01549546236	0.2156707644	6.674379502
1.525816321	0.5864280462	0.01591835674	0.2085227966	7.052212817
1.531244516	0.5975637436	0.01600010434	0.2187801003	7.077315128
1.537177682	0.606025219	0.01597297755	0.2269260585	7.006502155
1.529896617	0.6123642325	0.01643829733	0.2250461131	7.407226622
1.540804505	0.6220989227	0.01621134503	0.2364774346	7.138513623
1.541051507	0.6198772192	0.01609767487	0.2332846969	7.008909418
1.528071761	0.6149346232	0.01650960243	0.2192795724	7.380875449
1.525269508	0.6164603829	0.01662594824	0.2180351019	7.459762009
1.527017951	0.6082463264	0.0162530339	0.2132934779	7.08844439
1.525870085	0.6025673747	0.01608269875	0.2086758018	6.910297271
1.524670482	0.6005458832	0.01602478644	0.2066621482	6.835004302
1.528030396	0.6023955941	0.01589800748	0.2099773288	6.687614891
1.516673326	0.5912002325	0.01597779204	0.1959502101	6.766155995
1.530263662	0.5923336744	0.01542801781	0.2058739811	6.219833145
1.539744377	0.5923599005	0.01502343162	0.2120412141	5.825960724
1.527007103	0.5936834812	0.01553502799	0.2045888752	6.307397384
1.534420133	0.6072427034	0.01561834748	0.2178659588	6.347327581
1.523649335	0.6081464291	0.01604455	0.2110516876	6.739389546
1.52079308	0.6087772846	0.01613052017	0.2094307542	6.798149815
1.528049469	0.6037077308	0.01563224481	0.2105963826	6.313069173
1.514352918	0.5977006555	0.01597563031	0.1979503483	6.63871195
1.514921784	0.5931789875	0.01576639011	0.1961716712	6.429968013
1.534732223	0.6103488207	0.01545365177	0.2197390199	6.084651862
1.524084806	0.6156787276	0.01601753764	0.2155443132	6.604071052
1.505569696	0.6138433218	0.01668551982	0.2024759203	7.225440378
1.517571807	0.6331532598	0.01667014943	0.2221840918	7.138804437
1.514108539	0.6446049809	0.01709235825	0.2261976898	7.489495492
1.505010128	0.6473043561	0.01750595445	0.2212239504	7.842591987
1.497320533	0.6464121342	0.01774982718	0.2142545283	8.022576275
1.515153289	0.6486957669	0.01686862567	0.2253316045	7.135369308
1.5214293	0.650638938	0.01656407864	0.2287246734	6.815484532
1.517558455	0.6577420235	0.01688537134	0.2294723988	7.085995236
1.504963994	0.6433760524	0.01700570669	0.2091986686	7.1995828
1.503195763	0.6292468905	0.01659022235	0.1986511946	6.806865136
1.516061544	0.6313661337	0.01604385196	0.2076650411	6.264480725
1.522719264	0.6397070289	0.01596593578	0.2166154087	6.163780059
1.533040404	0.6493801475	0.01577722481	0.2280614227	5.958193186
1.530275941	0.6488944888	0.01584057891	0.2246760577	6.018317672
1.523190975	0.6447399855	0.01596966004	0.2164945453	6.146597124
1.514185667	0.6431604028	0.01624375861	0.2093845308	6.40312203
1.508072495	0.6421867609	0.01640908058	0.2045561522	6.547458802
1.503100514	0.643330574	0.01658434675	0.2024387717	6.696242178
1.505924344	0.6441013813	0.01642343356	0.2046909928	6.522140353
1.520446301	0.6440565586	0.01575898527	0.2133366019	5.87706086
1.536128521	0.644720912	0.01510673759	0.2224820852	5.257685949
1.53997314	0.6483894587	0.01504062774	0.2259359509	5.201626792
1.547391295	0.6521998048	0.01484104046	0.2315255851	5.020421266
1.554604173	0.6546557546	0.0146232022	0.235763222	4.828076157
1.549925566	0.6515763998	0.01471656473	0.228545785	4.947048946
1.54300797	0.6507856846	0.01495892383	0.2220077068	5.198127914
1.548098922	0.6486512423	0.0146748977	0.2228190154	4.947731054
1.563528299	0.6438096166	0.01391311919	0.2286927998	4.256009262
1.565570593	0.6255192757	0.01324732164	0.2174068987	3.697429106
1.566661119	0.6207162738	0.01307271606	0.2144755721	3.588995755
1.564986348	0.6204794049	0.01314967725	0.2126937211	3.706914266
1.564797044	0.6174740791	0.01307967981	0.2104090899	3.691325345
1.570952773	0.610909462	0.01267229523	0.2107358277	3.363770722
1.564974189	0.6011567712	0.01256896353	0.2007323802	3.336902883
1.547503114	0.5919613838	0.0128456899	0.1836637855	3.665250719
1.536976099	0.5878448486	0.01306043431	0.1755264848	3.917624387
1.53763032	0.6015940905	0.01353847068	0.1856155396	4.378365574
1.533350348	0.6168355346	0.01421503324	0.192370072	5.014550643
1.531719327	0.6418045163	0.01510705384	0.2056240141	5.820651997
1.543797493	0.660315454	0.01523237846	0.2239225805	5.89873897
1.546181798	0.6672955155	0.01535054271	0.2281316668	5.995077422
1.542274117	0.6728634238	0.01568448022	0.2271923423	6.297418022
1.519203305	0.6645914316	0.01639444152	0.2060441673	6.976867027
1.495026708	0.6612000465	0.01728262343	0.1885689348	7.794916052
1.49076438	0.6615736485	0.01740154813	0.1873052716	7.859254613
1.514032483	0.6692014337	0.01654673376	0.2070122063	6.992142973
1.528842211	0.6652287841	0.01568835949	0.2138559967	6.163121932
1.527497292	0.6617117524	0.01561551579	0.2105588019	6.095294814
1.519114852	0.6607871652	0.01590236425	0.2045221478	6.359379677
1.515286326	0.6602525115	0.01600714195	0.2017849684	6.445709018
1.522430539	0.6645317078	0.01579843127	0.2090453506	6.226965683
1.530004025	0.6646788716	0.01545632638	0.2134374529	5.896625557
1.516584039	0.6650668979	0.01600692349	0.2044850141	6.40944041
1.506436825	0.6687578559	0.01650189903	0.2004671544	6.852361482
1.507348537	0.6801174283	0.01675024608	0.2083127201	7.039474059
1.512542009	0.6861433387	0.01664438127	0.2148073763	6.901930441
1.505554438	0.6847572923	0.01686117402	0.2087976187	7.083965608
1.521059513	0.6972318888	0.0164830582	0.2252926826	6.679530375
1.528243303	0.702272892	0.01626678455	0.2311352193	6.450481651
1.512915134	0.6892626286	0.01654032449	0.2115667462	6.719830313
1.513814211	0.6818474531	0.01622743115	0.206607759	6.421897461
1.521322131	0.6850255728	0.01595368524	0.2128831148	6.147195145
1.522008896	0.6878868341	0.01597841518	0.2143713832	6.158179304
1.527693391	0.6973831654	0.01599166129	0.2230022103	6.145432653
1.513106108	0.7003872395	0.01668312506	0.214321211	6.779135783
1.514575005	0.7046548128	0.01669508848	0.217009753	6.762131344
1.518547654	0.7003586888	0.0163452469	0.2155300081	6.424821996
1.520005465	0.7049780488	0.01637616245	0.2183465511	6.432086282
1.520688772	0.7033089399	0.01625627547	0.2164795995	6.311325502
1.519111872	0.7050804496	0.01633720852	0.2155713141	6.373499651
1.52138114	0.707177341	0.01626186395	0.2172496915	6.287882471
1.520266414	0.7106918097	0.01637525635	0.2176765949	6.377686405
1.510925055	0.7158944607	0.01688763606	0.2141525596	6.835069871
1.507464528	0.7160493135	0.01698631242	0.2112781405	6.906336976
1.513555884	0.7157310843	0.01659449069	0.2142005116	6.509926153
1.517361999	0.7134993076	0.01634901277	0.2141294926	6.27635554
1.515430689	0.7063574195	0.01617902299	0.207611829	6.122205153
1.51324892	0.7097130418	0.01632602428	0.2079403251	6.246350671
1.518371344	0.7149870992	0.01622552844	0.213828966	6.132804392
1.524593234	0.7230692506	0.01616502995	0.2217715085	6.054215932
1.528382301	0.7199982405	0.01588580168	0.220562771	5.794897024
1.529907346	0.7231406569	0.01589059641	0.2220537812	5.795131375
1.529126763	0.7241135836	0.01592893136	0.2206542045	5.831155918
1.527207971	0.7263732553	0.01605193403	0.2193975896	5.943257232
1.528696775	0.7208911777	0.01579778836	0.2154467106	5.713938336
1.538256645	0.7223037481	0.01542483762	0.2211207449	5.364281828
1.533805132	0.7187351584	0.01548568877	0.2146441936	5.439024133
1.532020092	0.7128946781	0.01536261536	0.2088012993	5.343405734
1.527659774	0.7170957327	0.01566388754	0.2075796276	5.630243323
1.523635507	0.7205863595	0.01591471986	0.2067289054	5.86185352
1.529139876	0.7189975977	0.01561692331	0.2086059153	5.584555125
1.522272468	0.7162364721	0.0157872231	0.2020130008	5.754948613
1.519818187	0.7133055925	0.01576788606	0.1985730827	5.743145439
1.519479513	0.7185656428	0.01591454093	0.2016744018	5.870585841
1.525358677	0.7249239683	0.01578444239	0.2104913592	5.732661554
1.527348757	0.7331012487	0.01595819492	0.2154532224	5.881090368
1.523743033	0.7382522821	0.01622962305	0.2154187411	6.125181294
1.519047141	0.7336075306	0.01626771978	0.2077092975	6.163600956
1.530471802	0.7370852828	0.01584695073	0.2163891941	5.754130205
1.533034801	0.7360163927	0.01568937482	0.216081053	5.610589985
1.530873895	0.7316430807	0.01563013301	0.2108456194	5.568833547
1.518995762	0.7291610837	0.01601709136	0.2013673782	5.941602808
1.518106461	0.7415997386	0.01640202008	0.2083632052	6.27460519
1.518710971	0.7517106533	0.01664102943	0.2143694311	6.468369461
1.511641979	0.7527338266	0.01693063155	0.209861666	6.725607742
1.51357317	0.755364418	0.01687530438	0.2118166238	6.648795131
1.519012213	0.7627953887	0.01680953366	0.2187037468	6.55515597
1.524441361	0.7646161914	0.01658659275	0.2215597332	6.32788613
1.522476912	0.7631998658	0.01660115899	0.2178430408	6.335010169
1.531655073	0.7643662691	0.01620388506	0.2225831747	5.950448662
1.527043581	0.7607076764	0.01627517247	0.215739727	6.022831061
1.529498935	0.7565287352	0.01602420283	0.2132409662	5.792192876
1.532025695	0.7589440346	0.01596926161	0.2152208984	5.737400795
1.531720161	0.7594246268	0.01597870543	0.2141149193	5.747724398
1.53469646	0.7634716034	0.0159602131	0.2173448056	5.724898209
1.53068924	0.7593541741	0.01598862258	0.210788995	5.762309432
1.528901219	0.7611632943	0.01609700803	0.2099204212	5.861597919
1.534957051	0.7685691118	0.01604787999	0.2174504995	5.800805592
1.532422781	0.765098691	0.01603396186	0.2123011202	5.795807108
1.537375093	0.760453105	0.0156763607	0.2113380432	5.471053773
1.538439035	0.7661408782	0.01579479023	0.2146336436	5.578807445
1.530326486	0.7709391713	0.01625769548	0.211463511	6.008151315
1.531414628	0.7686133981	0.01612164332	0.2096296847	5.881521429
1.529229403	0.7671023607	0.01614769652	0.20646891	5.90745247
1.532718182	0.7635843158	0.01588024649	0.2057122439	5.661976685
1.542628288	0.7680943608	0.0156005636	0.2140490562	5.395406241
1.551133513	0.7674671412	0.01523523303	0.2177578062	5.064889744
1.543817401	0.7652000189	0.01546805365	0.2102564424	5.303286114
1.531469226	0.7691319585	0.01608007928	0.2040374875	5.878425076
1.535024166	0.777119875	0.01616006358	0.2107638866	5.9361338
1.540605307	0.7817357779	0.01605145758	0.2161422372	5.823305146
1.542021751	0.7891421318	0.01620304034	0.2203324139	5.95141946
1.546473861	0.7927041054	0.01610994829	0.2236496061	5.855812597
1.543458223	0.7903968692	0.01616461384	0.2184804976	5.912145569
1.547531366	0.7891381979	0.01594604633	0.218622759	5.709184524
1.550813675	0.7865379453	0.01572855658	0.2174507231	5.514139214
1.548768997	0.7876957655	0.01585053352	0.2154382318	5.633068289
1.550197363	0.7937098742	0.01597239602	0.2188232392	5.739978053
1.547573447	0.786449492	0.01586165325	0.2109532952	5.653096832
1.548491955	0.7912225127	0.01596581198	0.2135505229	5.744723365
1.546510696	0.7976141572	0.01623499307	0.2151847482	5.98566876
1.540616512	0.8057880402	0.01671388145	0.2154041082	6.414066725
1.537528038	0.8173843026	0.01716165766	0.2195787579	6.797702969
1.532788515	0.8284888268	0.01765675595	0.2220686972	7.216361994
1.528844476	0.8403862119	0.0181233168	0.2257573754	7.603002914
1.525789499	0.8489466906	0.01844191825	0.2275675535	7.84907247
1.516006231	0.8463613391	0.01877915143	0.2183219492	8.130619546
1.52558434	0.8425844908	0.01817402922	0.2192512602	7.523054488
1.534479737	0.839504838	0.0176422334	0.2202015966	6.996182802
1.540780067	0.8341750503	0.01719036258	0.2181817442	6.559824176
1.544502258	0.8226845264	0.01670338589	0.2106958181	6.111357598
1.543774724	0.8151803613	0.01651417141	0.2040201128	5.942205687
1.54646194	0.8162561059	0.01641828721	0.2056712955	5.847585406
1.541917801	0.8077781796	0.01635295238	0.1965085268	5.800931268
1.54417789	0.8065989614	0.01621469583	0.1969724745	5.672931094
1.545945525	0.8156492114	0.01638631784	0.2039106637	5.818762008
1.542243361	0.8162813187	0.01653833544	0.2015039325	5.959301802
1.540654063	0.8265992403	0.01687217829	0.2068296671	6.248849002
1.542546272	0.8408743143	0.01716293098	0.2163922042	6.484805021
1.536169648	0.8306991458	0.01714511589	0.2041890472	6.474437705
1.538464546	0.8329549432	0.01708070692	0.2063082159	6.395797031
1.546506882	0.8313387036	0.01666655416	0.209051162	5.99824663
1.556406975	0.8233016133	0.01600931617	0.2085279971	5.394305518
1.560195088	0.8144182563	0.01560018493	0.2040269077	5.036620654
1.554063559	0.8072530031	0.01564200696	0.1949423999	5.104032799
1.551561475	0.8076325655	0.01575152842	0.1936849207	5.219092041
1.547031999	0.8105303645	0.01601205944	0.1928784102	5.467668428
1.539354563	0.8161476851	0.01647327941	0.1919085085	5.892893542
1.535163045	0.8136773705	0.01655335213	0.1879566014	5.968420863
1.535277724	0.8164644837	0.01660699402	0.1902933568	6.00771904
1.537732363	0.8198898435	0.01658225679	0.1942445636	5.972512905
1.53872478	0.8321778178	0.01686951617	0.2027697414	6.212219153
1.52470839	0.8363669515	0.01756444621	0.1966042072	6.841502392
1.525384545	0.8402762413	0.0175981019	0.199355334	6.841860597
1.53362906	0.8513359427	0.01748685043	0.2108602375	6.695364271
1.535479665	0.8551756144	0.01747167457	0.213217333	6.655777709
1.538451195	0.8524619341	0.01723086863	0.2117045224	6.42064617
1.532053709	0.8556734324	0.01758461965	0.208911404	6.729894065
1.536965251	0.8648782372	0.01757123935	0.2167143077	6.681442828
1.529507756	0.8678029776	0.0179633378	0.2128750235	7.021691889
1.524094105	0.87605232	0.01839143887	0.2139855176	7.376833798
1.523444414	0.8857028484	0.01861777011	0.2186174989	7.535478146
1.522972822	0.8948247433	0.01881217047	0.2226786762	7.66213596
1.530605674	0.9001436234	0.01850771498	0.2281370461	7.333623896
1.52294445	0.8945738077	0.0187008753	0.2176908553	7.494363443
1.534683585	0.9017941356	0.01825445252	0.2268974185	7.035258163
1.529779077	0.8975244164	0.01834992684	0.2183514237	7.107537349
1.537305236	0.8949119449	0.01788977214	0.2185966522	6.665420722
1.537756324	0.8864498734	0.01761892033	0.2110194713	6.416492808
1.547070026	0.8852511644	0.01714068214	0.2138134688	5.967463422
1.543781519	0.8784192801	0.01708496278	0.205596149	5.926969811
1.542055011	0.869979918	0.01690934395	0.197776407	5.779081341
1.530027986	0.8632388115	0.01720443884	0.1858870536	6.062394552
1.522808075	0.8574853539	0.01731081132	0.178269878	6.163344748
1.526073694	0.8604265451	0.01722185446	0.1830304414	6.066260136
1.524043918	0.8595356941	0.0172460861	0.1818639934	6.08264409
1.528847098	0.8651170731	0.01715876459	0.1891628802	5.983872269
1.527336597	0.8666713238	0.01723135445	0.1894884557	6.042922138
1.540659428	0.8819943666	0.01704709804	0.2073901296	5.839154828
1.550724387	0.8894549012	0.01678988037	0.217003122	5.588379424
1.544369817	0.8866513968	0.01698764817	0.2096007019	5.782509185
1.556956172	0.8904277682	0.01651943532	0.218084082	5.345549503
1.562724113	0.895337522	0.0164024258	0.2228421867	5.240901898
1.55401206	0.8940253258	0.01675591258	0.2146549821	5.582911023
1.551450491	0.8947425485	0.01688389203	0.2119028121	5.70579675
1.545313954	0.8909384608	0.01703593669	0.2043251693	5.855947986
1.554541588	0.8912807703	0.01662608764	0.2089428008	5.478018138
1.553647995	0.8860563636	0.01651068434	0.2036721706	5.389356211
1.544465661	0.8917626739	0.01706404552	0.2010787129	5.895586762
1.536894917	0.8892700672	0.01730301637	0.1941808611	6.117524804
1.531469226	0.8901726007	0.01753469786	0.1914459169	6.321064441
1.527419806	0.8836101294	0.01749604666	0.1847353429	6.286088408
1.538157821	0.8791082501	0.01688278204	0.1881962419	5.721526221
1.549950838	0.8833492994	0.0164824205	0.1980756372	5.348567536
1.551453114	0.8902567625	0.01660616386	0.203063488	5.458712077
1.555526614	0.89058429	0.01643632909	0.2048141211	5.310194622
1.559267044	0.8946664929	0.01639169929	0.2087617815	5.27301168
1.564082861	0.8967221975	0.01624679628	0.2117293179	5.148844912
1.568340302	0.8996614218	0.01615918973	0.21474424	5.078148811
1.573175311	0.9042019844	0.01609931229	0.2189411074	5.031979768
1.570949078	0.9025363326	0.01616744136	0.2144778073	5.115377592
1.572968125	0.9006494284	0.016040342	0.2128222436	5.018034039
1.569729686	0.9029941559	0.0162692459	0.2108075768	5.240596512
1.564963818	0.8995581269	0.01638293791	0.2042808533	5.363236353
1.559934258	0.8947073817	0.01645973162	0.1971143484	5.451524897
1.544898987	0.8793545961	0.01663654054	0.1776786149	5.647018267
1.543045402	0.8758077621	0.01659806723	0.1752039343	5.618779533
1.555685282	0.8757485747	0.0160794603	0.1837814152	5.149011265
1.555574894	0.8739756942	0.01603510722	0.1831032634	5.123374681
1.556067944	0.8710234165	0.01593246109	0.1820866019	5.04747003
1.563642979	0.8752221465	0.01576221852	0.1900892705	4.899317459
1.567179322	0.8769958615	0.01568672726	0.1935243309	4.84518138
1.56406796	0.8764010072	0.01581248776	0.1910686493	4.979280457
1.56586504	0.8854474425	0.01602616171	0.1980083436	5.173797262
1.566014647	0.8884775639	0.01612510646	0.1995652616	5.271059156
1.548735619	0.8994134068	0.01720070834	0.1953362525	6.239972792
1.536802649	0.9061527848	0.01791348468	0.1921364218	6.865437803
1.530714869	0.9189232588	0.01851505532	0.1967819929	7.364518208
1.518989801	0.9356677532	0.019465034	0.2007685155	8.164160935
1.515591264	0.9361838102	0.01957663086	0.1985716224	8.214775976
1.520285249	0.9438818097	0.01944468163	0.2056184858	8.026606997
1.518196821	0.9493635297	0.01961546932	0.2071714848	8.127034456
1.514974952	0.9516569972	0.01976307294	0.2058615535	8.209506713
1.515840769	0.9613068104	0.01986228609	0.2117598057	8.231367568
1.514535308	0.972358644	0.02009789054	0.2172206342	8.374032917
1.510813832	0.9779138565	0.02033420656	0.2172322124	8.525543512
1.514279127	0.9806765914	0.02012975693	0.2186764777	8.281143559
1.519772291	0.9835537672	0.01982643537	0.2209831923	7.950766398
1.529301763	0.9848881364	0.01930367973	0.2239233851	7.433404157
1.530410886	0.9796876311	0.01908896861	0.2178237438	7.217596893
1.531628013	0.9726769328	0.01882699678	0.2109768242	6.966692777
1.539563537	0.9676648974	0.01828974148	0.2094894946	6.467745333
1.535006523	0.9497439265	0.01803825793	0.1926704347	6.260592678
1.538663149	0.9400490522	0.01759923791	0.1871343404	5.871013866
1.553881884	0.9394810796	0.01690844721	0.1948315054	5.246540295
1.559681177	0.9391722083	0.01664777992	0.1973611861	5.02342655
1.571602821	0.9465907812	0.01635687534	0.2085570097	4.763845058
1.575160503	0.9561139345	0.01648394662	0.2157501578	4.885277322
1.579167962	0.9577121139	0.0163741474	0.2171970904	4.803997767
1.57849884	0.9631834626	0.01657974551	0.218359679	5.004819293
1.577800155	0.9544928074	0.01638036942	0.2101640701	4.857432614
1.576496243	0.9553766251	0.01648005382	0.2084029317	4.967736223
1.572584867	0.9575442672	0.01672340641	0.2061058581	5.203458497
1.567635298	0.9540449977	0.01684698645	0.199426055	5.336276231
1.563688993	0.9510548115	0.01693084065	0.1944537312	5.427370919
1.560856819	0.9621334672	0.01736285531	0.1996791214	5.806891443
1.562057257	0.9711934328	0.01755352725	0.2055696845	5.962967033
1.564513922	0.977399826	0.01760680503	0.2098374665	5.996935841
1.565139174	0.9777653217	0.01758455931	0.2088602185	5.973294279
1.563930154	0.9789346457	0.0176664432	0.20745489	6.043444268
1.558966875	0.9902431369	0.01818079531	0.2108731866	6.486841328
1.551467538	0.9911763072	0.01853124858	0.2057775259	6.792784626
1.555159807	0.9871538877	0.0182343727	0.2037109733	6.509469593
1.560830116	0.9872727394	0.01795608277	0.2057036757	6.240611491
1.562141895	0.9885185361	0.01791849683	0.2060144246	6.196094443
1.562672853	0.992566824	0.01798780976	0.2077409327	6.244336221
1.553384185	0.9921754599	0.01838722566	0.2009183168	6.60172936
1.553544044	0.9957653284	0.01844714471	0.2024811506	6.633190122
1.566825032	0.9943040609	0.01778372215	0.2074649781	6.012818914
1.566174269	0.9930487275	0.01777899296	0.2046393305	6.007415476
1.560182571	0.9882547855	0.01791559024	0.1969814599	6.13747017
1.564279556	0.9920146465	0.01781782726	0.2010859251	6.034065963
1.566954136	0.9989001155	0.01786741823	0.2062904686	6.06211588
1.569000959	1.005925655	0.01794682828	0.2108886093	6.116801714
1.568112493	1.003851652	0.01793051434	0.2072998583	6.100904677
1.573756456	1.004400373	0.01768500418	0.2092843801	5.870298669
1.574027896	1.011116266	0.01784661437	0.2124680281	6.005419846
1.56597352	1.021618366	0.01847929197	0.2134447098	6.561715987
1.568145156	1.023232579	0.01840563268	0.213816613	6.477180101
1.556932688	1.019808888	0.01884662927	0.203012988	6.874968497
1.566781402	1.019108772	0.0183527086	0.2064472884	6.404019365
1.57782042	1.013498306	0.01769539675	0.2069244832	5.802225058
1.586978674	1.000976443	0.01697420752	0.2016939521	5.16813458
1.581043363	1.000012398	0.01721951587	0.1966942698	5.406504539
1.576931	1.006229043	0.01756768985	0.1979836076	5.720656206
1.569103837	1.011237502	0.01804475563	0.1960391998	6.148148943
1.562656164	1.01736033	0.01852840857	0.194645822	6.561383888
1.567067385	1.022562981	0.01851570238	0.1984652281	6.540580649
1.570479512	1.02246058	0.0183265264	0.1990734488	6.346449066
1.57745266	1.022472262	0.01804263551	0.2012981325	6.08248138
1.574671745	1.016996503	0.01801803872	0.1955024451	6.065083522
1.580305457	1.016281605	0.0177524737	0.1973239332	5.818418374
1.579766393	1.018995523	0.01784486459	0.1981116086	5.897091832
1.578181148	1.024537563	0.01805267229	0.2002335638	6.074308223
1.575354815	1.028970599	0.01829153288	0.2005044669	6.277169699
1.57648623	1.030879378	0.01825377425	0.1951061189	6.186983274
1.579136848	1.022506118	0.01784550541	0.1914980561	5.851314386
1.578398466	1.02355969	0.01790771727	0.1915747672	5.901447367
1.581332803	1.024847388	0.01782564821	0.1927871853	5.821851075
1.593832016	1.029937625	0.01748991098	0.1990405619	5.500566262
1.602694631	1.032556176	0.01722990948	0.2029186636	5.262635863
1.599763155	1.028006077	0.01722073614	0.1985310316	5.282837438
1.593776822	1.021988869	0.01729119652	0.191989556	5.379181354
1.587936044	1.027622223	0.01768699115	0.1923100203	5.731769076
1.584136963	1.028619409	0.01786518159	0.190836668	5.893252355
1.586781263	1.024973631	0.01766421488	0.1896022111	5.716784552
1.588177085	1.022945762	0.01756027669	0.1888313144	5.627769276
1.587517381	1.029982567	0.01777784447	0.1926453263	5.811148624
1.592767954	1.045508504	0.01797009765	0.2046397626	5.94636512
1.598784208	1.053312421	0.01792463042	0.2113321126	5.883022856
1.60725069	1.051493764	0.01753227189	0.2127796412	5.527262284
1.603705049	1.045750737	0.01755978567	0.2054720372	5.574147131
1.607763171	1.050520658	0.01752881602	0.2094265819	5.540822486
1.606564045	1.052950263	0.01766383413	0.208802864	5.666138547
1.608291388	1.049233675	0.01751440791	0.2057172507	5.541860675
1.605682135	1.04685688	0.01758587841	0.2013703436	5.618550039
1.603666186	1.046281338	0.01767496115	0.1988322884	5.705053019
1.609416723	1.050150275	0.0175481281	0.2036616951	5.583540007
1.599487782	1.050161958	0.01799105132	0.1970274597	5.991237338
1.602435589	1.052758932	0.01794011004	0.1996234059	5.935243751
1.603572726	1.056035757	0.01798606206	0.2015169412	5.967420924
1.598660946	1.061889291	0.01835805781	0.2017627358	6.289493181
1.595787525	1.065566421	0.01858064814	0.2016121149	6.473736472
1.597663879	1.068233848	0.01856229105	0.2033333778	6.438034314
1.600451708	1.0707376	0.01849961314	0.2052991986	6.363496612
1.612008929	1.069807053	0.01796067048	0.2093979865	5.867121569
1.617769003	1.064921856	0.01760597071	0.2074315846	5.556286034
1.626622319	1.064481854	0.01723503815	0.2104298174	5.228535309
1.626021981	1.0645082	0.01730612582	0.2081768811	5.306492356
1.622190595	1.059155941	0.01736189408	0.2010628134	5.376759521
1.624561787	1.048802853	0.01701935747	0.1942825764	5.096371452
1.642606616	1.043064117	0.01614682683	0.2000697404	4.337151909
1.643757939	1.042507529	0.01614352805	0.199397862	4.366172928
1.641989231	1.042038202	0.01625412206	0.1972417384	4.493814592
1.645384789	1.045128822	0.01626095161	0.2006305754	4.521924919
1.645567536	1.051611662	0.01649488014	0.2040914744	4.745861019
1.640195489	1.05655098	0.01690742148	0.2030080855	5.128191027
1.634184122	1.060964823	0.01732597053	0.2012964189	5.509399366
1.628483534	1.0583179	0.01753957894	0.195126161	5.712395624
1.622077942	1.057871938	0.01783382495	0.1905952841	5.978250264
1.61778152	1.06413126	0.01820889166	0.1920526177	6.29732331
1.618932962	1.063349724	0.01815476291	0.1917947382	6.237948021
1.617199659	1.059213161	0.01816083825	0.1871174276	6.238374831
1.612570047	1.059101701	0.01835675744	0.1849854141	6.40641327
1.615168929	1.068823218	0.01849634661	0.1930035651	6.497164324
1.611836553	1.077926993	0.01887429078	0.1969459057	6.803545361
1.611693144	1.080784082	0.01895152661	0.1981127262	6.845763823
1.616754889	1.079942465	0.01870033851	0.199388355	6.59970216
1.611335516	1.077829719	0.01891835153	0.1939902604	6.781686934
1.608224034	1.082058311	0.01916100088	0.1948384196	6.97098335
1.608291149	1.08294332	0.01917330343	0.1948719174	6.95330075
1.608731508	1.090725422	0.01932560296	0.1999471635	7.051351302
1.604448557	1.100288153	0.01973652039	0.2035716176	7.375460475
1.60265553	1.101851344	0.0198471248	0.2021373063	7.431774018
1.599506378	1.0933249	0.01978828975	0.194396168	7.37035635
1.606381774	1.088482261	0.01933755389	0.1936261058	6.942667511
1.607344389	1.085562825	0.01921827132	0.1914808452	6.81693921
1.619530439	1.086451054	0.01865513135	0.1978401691	6.288989872
1.622776747	1.084155083	0.0184592392	0.197018683	6.107587334
1.621731043	1.087842703	0.01860380308	0.1983826905	6.223238525
1.61884129	1.087126493	0.01872804787	0.1955554336	6.326755051
1.623375416	1.087664843	0.0185338847	0.1976329088	6.140406848
1.62400043	1.083650231	0.01841993677	0.1942947656	6.038539282
1.634268641	1.085589767	0.01800619389	0.200465098	5.659588851
1.634765744	1.084431767	0.01797869259	0.1989281178	5.639916692
1.622285724	1.073838234	0.01830991701	0.183769837	5.958164044
1.626179338	1.074245334	0.01815266775	0.1863519996	5.811768501
1.627980828	1.075086951	0.01810529469	0.1879354119	5.765953414
1.6278404	1.079032421	0.01822405087	0.1905420125	5.863636047
1.624989033	1.087150455	0.01856666654	0.1944068968	6.151444434
1.625773549	1.094384789	0.01871238515	0.1993537992	6.259216319
1.621114969	1.104501128	0.01917990516	0.2030670494	6.647667694
1.616203547	1.114027381	0.01963471898	0.2060334384	7.018625286
1.615610838	1.119091868	0.01976523052	0.2078922093	7.100411489
1.616712332	1.128105521	0.01989215511	0.2132766843	7.169722427
1.611719251	1.129056573	0.02015571027	0.2096251249	7.377814917
1.618527174	1.1247226	0.01969830195	0.208152473	6.946833623
1.618974686	1.121556997	0.01960049944	0.2044550031	6.843134352
1.615182996	1.111228347	0.01955407929	0.1939989328	6.802438567
1.619177341	1.103830695	0.0191852398	0.1900122464	6.466789107
1.628669858	1.10408783	0.01873593956	0.1946154684	6.05108558
1.635894299	1.105670214	0.01844405294	0.1987721324	5.782532256
1.642319918	1.110027432	0.01826462455	0.204337582	5.614678384
1.639620304	1.112371325	0.01846744715	0.2033043355	5.79562497
1.637303591	1.111625075	0.01857348673	0.2003757209	5.892392054
1.626606464	1.112035632	0.01909071007	0.1941272765	6.35200793
1.631727934	1.110035658	0.01880379607	0.1947654784	6.087519934
1.640713453	1.110329032	0.01839949909	0.198983103	5.719203349
1.635455012	1.104806185	0.01852761586	0.1914189458	5.845994124
1.638952732	1.108358264	0.01846292394	0.1954031736	5.779420118
1.643630981	1.110475659	0.01831375987	0.1987109035	5.641960285
1.644502878	1.113777995	0.01837273848	0.2006277591	5.691443639
1.637624741	1.108350158	0.01857871735	0.1921517849	5.88867036
1.637393713	1.10732007	0.0185746914	0.1909059435	5.884303289
1.651758432	1.102691889	0.01781609204	0.1949020177	5.212403313
1.650151253	1.105667949	0.01799175456	0.1955453753	5.375155489
1.643981099	1.105813146	0.0182974272	0.1917217821	5.655864728
1.640520096	1.105183959	0.01845556487	0.1890640557	5.800250678
1.638127089	1.105378747	0.01858194851	0.1877381951	5.911356909
1.637027383	1.111537337	0.01879084853	0.1913636029	6.082121353
1.642292738	1.113130212	0.01852420785	0.1960647851	5.827306726
1.653748035	1.109480381	0.01785269386	0.1991308481	5.239749569
1.658645988	1.104681373	0.01752261377	0.197511211	4.968730395
1.647825837	1.099815965	0.01791514083	0.1885323524	5.343437912
1.647553086	1.10379827	0.01806332286	0.1908543259	5.474110663
1.65725112	1.109108925	0.01779911855	0.1987275183	5.233071162
1.661474109	1.112610102	0.01773862318	0.2022947073	5.182796112
1.669376135	1.121917009	0.01766936851	0.2113880068	5.114017625
1.667671919	1.123115897	0.01782254605	0.2097072303	5.263205349
1.664849162	1.124453187	0.01802869136	0.2075668871	5.4566017
1.665266395	1.119166851	0.01791134999	0.202864334	5.371177587
1.664235353	1.118842959	0.01798699	0.2010403723	5.448149872
1.664324164	1.119108677	0.0180254165	0.2003025115	5.488942191
1.661469817	1.116529703	0.01812444032	0.196070224	5.588807449
1.661662221	1.118211865	0.01818911561	0.1966864169	5.646490673
1.666775107	1.124044776	0.01813726095	0.2026926875	5.590829185
1.664216757	1.127146482	0.01836437449	0.2023678422	5.791339861
1.663911581	1.128448486	0.01844208678	0.201990813	5.858219859
1.658707142	1.132976055	0.01882153938	0.2012588233	6.186353682
1.654395461	1.138047695	0.01916124014	0.2015305907	6.471384458
1.656143308	1.145228028	0.01925908843	0.2063465863	6.529960768
1.659469366	1.142860651	0.01906227458	0.2050810009	6.344758822
1.660560012	1.142158628	0.01901394653	0.2038904577	6.292252578
1.657625198	1.141018987	0.01914667598	0.2003882676	6.403295668
1.654109836	1.136033893	0.01921655691	0.194048509	6.463013986
1.660382152	1.134344935	0.01889788056	0.195518598	6.167631071
1.67511487	1.134958386	0.01825467514	0.2028260678	5.58384175
1.678146362	1.130862236	0.01805815466	0.2003967911	5.42084308
1.687182665	1.125514627	0.01756446493	0.2004984915	4.997832161
1.695595741	1.131032109	0.01738271459	0.2080499977	4.841646681
1.690283298	1.129588604	0.01764172157	0.2025999874	5.095902749
1.676527262	1.127993226	0.01825205775	0.1929859221	5.657959927
1.673077703	1.139805317	0.01873286236	0.1989045292	6.066374883
1.663548827	1.143673539	0.0192868498	0.1956633031	6.548532811
1.663006306	1.154271245	0.01956883487	0.2021605968	6.762399694
1.668688893	1.155281901	0.0193314848	0.2047296315	6.527708323
1.66804111	1.155169725	0.01937719338	0.2031497359	6.554405559
1.662969828	1.164392352	0.01983714835	0.2059727609	6.931815706
1.657154679	1.167717695	0.02019589487	0.2041849196	7.224323263
1.659512639	1.171364784	0.02015198392	0.2067432404	7.148003033
1.658556581	1.167484045	0.02012141375	0.2021812499	7.101932344
1.657824874	1.16761148	0.02015861686	0.2008377463	7.107486958
1.653655171	1.167543054	0.02035576984	0.1979308277	7.258303606
1.654034853	1.168052197	0.02033755216	0.1977141798	7.21009522
1.656947136	1.17324388	0.02028875389	0.2020700127	7.125816757
1.655794621	1.182903886	0.02052556093	0.2074970454	7.290728487
1.655897737	1.189071774	0.02062785752	0.2105930001	7.339807494
1.657812357	1.192033529	0.02057826655	0.2119682431	7.258811772
1.662800908	1.193807244	0.02035347495	0.2137422115	7.023653519
1.661913157	1.186081648	0.02025708516	0.205724895	6.930019215
1.666661263	1.190402746	0.02009945931	0.2097657472	6.755446258
1.667764783	1.19288671	0.02009751188	0.2105329186	6.731021502
1.670902133	1.189977765	0.01989320373	0.2081489116	6.535245816
1.673240781	1.186033964	0.01971096861	0.2048409283	6.365340459
1.674488187	1.174974203	0.01943948014	0.1960235536	6.132503257
1.674126029	1.167321444	0.01930820294	0.1895446032	6.022137721
1.675547481	1.167744398	0.01926264208	0.190353021	5.974489714
1.674102068	1.163965583	0.01925826867	0.1866236031	5.972945181
1.667281389	1.162552714	0.01954032032	0.1823003888	6.223932472
1.66664052	1.160298228	0.01952266231	0.180674091	6.201051642
1.671530247	1.165634155	0.01941806042	0.18731682	6.085535233
1.67451334	1.17628026	0.01951087366	0.1964556873	6.139856183
1.678317189	1.183217883	0.01948560068	0.2026340365	6.095333671
1.676659703	1.190283418	0.01972117393	0.2057979554	6.287596514
1.670141459	1.192282081	0.02008490555	0.2027795315	6.603013435
1.67394805	1.190786004	0.01986903762	0.202392146	6.394627096
1.670662522	1.189032674	0.01999898948	0.1984909177	6.503795375
1.66464901	1.197318435	0.02045617518	0.2007969767	6.884405087
1.662776113	1.207588196	0.02073761305	0.2063476741	7.094275247
1.663607955	1.214753747	0.02081634483	0.2105291337	7.124306223
1.668002725	1.223873019	0.0207448015	0.2174494267	7.01385751
1.670782685	1.233407617	0.02076641056	0.2234855592	6.990086631
1.670833945	1.236136794	0.0208127454	0.2228508592	7.004896909
1.673514485	1.238879442	0.02072053553	0.2234715074	6.89427638
1.67452383	1.228904724	0.02049209248	0.2141596526	6.691989247
1.673469782	1.224784136	0.02047104103	0.2086745054	6.665881532
1.669576764	1.225723267	0.02067898189	0.2060436308	6.835101442
1.667966008	1.231681228	0.02086078425	0.2083047628	6.965810013
1.656562209	1.238803983	0.02154272826	0.2069262117	7.542863251
1.650112867	1.234476924	0.02176312356	0.199543938	7.717872732
1.658128858	1.22949326	0.02124433146	0.1982180178	7.221161948
1.656030774	1.22365427	0.0212244597	0.192113772	7.187302423
1.658231258	1.224927664	0.02110786942	0.1935278177	7.047542789
1.653627872	1.218676567	0.02119467807	0.1865239441	7.114937024
1.650243521	1.222873211	0.02139839117	0.1880941242	7.260951898
1.654584169	1.228753924	0.02125637186	0.1940582395	7.088081935
1.658084273	1.230644584	0.02109147642	0.1962858289	6.907986542
1.647053957	1.244926333	0.02183562188	0.2014749646	7.527119209
1.6420573	1.248010993	0.02209499089	0.2005195171	7.720116677
1.643805027	1.254977107	0.02206576477	0.2052586973	7.63938627
1.639455199	1.256750464	0.02227318965	0.2033856213	7.786922606
1.644440413	1.252901673	0.02191505898	0.2010637075	7.430007883
1.645806313	1.253135085	0.02181021366	0.2005710602	7.302127921
1.63949883	1.253682613	0.0220993955	0.1972943842	7.532474077
1.636373639	1.251618147	0.02218101099	0.1935405135	7.575314845
1.63221252	1.258999109	0.02244526939	0.1967683882	7.761128776
1.63418591	1.254982591	0.02223379775	0.1935018599	7.537897551
1.641477823	1.263950586	0.02193983678	0.2022695094	7.216924802
1.640024185	1.267590642	0.02202367018	0.2031032592	7.257029244
1.640545011	1.273912668	0.02203868791	0.2066724449	7.227287869
1.647474289	1.26535356	0.02152694487	0.2012280524	6.756219132
1.648209691	1.265562296	0.02146032423	0.2003372908	6.676860227
1.649695873	1.272522092	0.02145827692	0.2049997747	6.643536189
1.65020442	1.266687274	0.02131560223	0.1992229074	6.51162429
1.661061883	1.261035681	0.02065710652	0.1981493533	5.915173316
1.669921756	1.25567162	0.02012161348	0.1966976672	5.442039737
1.672332883	1.248317719	0.01987075619	0.1911750287	5.238805485
1.666090965	1.251869082	0.02022506273	0.1905052066	5.56206225
1.650944471	1.252043009	0.02092689514	0.1832589954	6.197566728
1.649938583	1.259674191	0.02108643097	0.1884346604	6.316381056
1.654516935	1.259161353	0.02082790045	0.1896227449	6.073765451
1.654848814	1.256548882	0.02074323065	0.1873188615	5.997261868
1.660489917	1.261056066	0.0205294454	0.1927938461	5.791644639
1.669767499	1.269393206	0.0202089194	0.2025132626	5.487475977
1.666586637	1.261045218	0.02021238983	0.1935082376	5.515697711
1.677665591	1.258595347	0.01962636955	0.1959100813	5.001401466
1.679934502	1.252642155	0.01941049746	0.1915931404	4.837019152
1.687895894	1.246094823	0.018914388	0.1898986548	4.425696964
1.694594145	1.239575148	0.01848671554	0.1878645271	4.08450564
1.703273296	1.230718136	0.01792421014	0.1853830814	3.634704291
1.715380669	1.22153306	0.01721271129	0.184826687	3.062016607
1.724257469	1.231965899	0.01714832	0.1970956773	3.042801312
1.726207495	1.235742331	0.01722551006	0.1999305189	3.162647758
1.722758412	1.240807891	0.01757462656	0.2004293501	3.518865497
1.715286493	1.242370725	0.01800658088	0.1962482035	3.946452642
1.710712552	1.241984963	0.01825713441	0.1925400496	4.208285364
1.709537029	1.252078533	0.01861044434	0.1982847601	4.535348214
1.70168817	1.249507904	0.01895692575	0.1913089901	4.874134703
1.698509812	1.252055287	0.01920373629	0.1908138096	5.106996191
1.698237777	1.245105982	0.01908225037	0.1853899956	5.026576026
1.691769481	1.250104189	0.01953163176	0.1854367554	5.428420643
1.686425447	1.254826069	0.01991314831	0.1859112382	5.762356181
1.683374286	1.257957697	0.02014038045	0.1864591986	5.956101023
1.687409639	1.257512331	0.01994035832	0.1879480332	5.775668675
1.693318844	1.271994352	0.01996828407	0.200787887	5.769662966
1.693585753	1.273760557	0.02001503711	0.2008320987	5.808851252
1.697606921	1.272105455	0.0197996061	0.200531438	5.622483621
1.693455338	1.262989879	0.01987309686	0.1898317933	5.712039847
1.696138859	1.260080576	0.01969562006	0.1887114644	5.562156962
1.69918251	1.261680841	0.0196049748	0.1909659356	5.48298323
1.696174383	1.26359129	0.0198132444	0.1904368252	5.668097142
1.700084209	1.269383073	0.01976498709	0.1960995197	5.615802785
1.706097603	1.270852208	0.01952615147	0.1992528439	5.406101406
1.704611063	1.279744387	0.01981752834	0.2039562464	5.653161188
1.700399518	1.287949443	0.02022498159	0.2065012008	5.999530098
1.692355752	1.279097676	0.02048005208	0.1946710199	6.241206476
1.688042402	1.275195956	0.02063827298	0.1888241917	6.379151405
1.682873964	1.268751383	0.02076519133	0.181694448	6.49245969
1.674167275	1.273157835	0.02127476016	0.181154713	6.915185258
1.679355621	1.280637264	0.02113993555	0.1891309619	6.755160908
1.686062574	1.282590866	0.02082030004	0.1932923496	6.447701612
1.694705129	1.297598004	0.02066641926	0.207203418	6.267716717
1.70138967	1.31271255	0.02060668539	0.2196630388	6.174444261
1.693700314	1.311569333	0.02101566163	0.2128948271	6.534846933
1.690611124	1.31023705	0.02117565311	0.208147034	6.666155347
1.689197659	1.315083027	0.02133572782	0.2095960975	6.782867798
1.690084219	1.326669335	0.02148691423	0.2167250514	6.873261861
1.688515782	1.328197122	0.02159750199	0.214918673	6.94938356
1.693310857	1.320729733	0.02122476763	0.2092352509	6.616356286
1.703329325	1.322990298	0.02074847583	0.2133755535	6.175404737
1.715382338	1.322567105	0.02014825758	0.2161742151	5.640490428
1.714309573	1.317973018	0.02015723534	0.2099246979	5.664633477
1.716094494	1.310047269	0.01995452717	0.202867046	5.507059495
1.714829206	1.307326436	0.01999402102	0.1989246011	5.554564827
1.719917417	1.30742681	0.01978376861	0.2002940178	5.373824665
1.727541685	1.304101348	0.01939419808	0.2002404034	5.04508341
1.727490306	1.287319064	0.01909400573	0.1866718829	4.829776723
1.727267146	1.278873086	0.01896458442	0.1801490784	4.750486726
1.730226994	1.280176997	0.01890443859	0.1828963459	4.713868716
1.724539399	1.276896477	0.01912288854	0.1777695715	4.933490869
1.714425802	1.282186985	0.01971668608	0.1770177037	5.463217573
1.710563064	1.28960824	0.02007194553	0.1809795648	5.766696538
1.70869863	1.293992162	0.02026636461	0.1834482104	5.928238101
1.706913114	1.306761742	0.02061649539	0.1918222755	6.207213384
1.69507432	1.30813098	0.02122695641	0.1867456883	6.739367689
1.683684826	1.313363314	0.02187741062	0.1852094084	7.287051113
1.677179098	1.317024827	0.02224864696	0.1849686354	7.577238834
1.676210403	1.321688652	0.02234477667	0.1878964156	7.613616118
1.672365189	1.322680116	0.02253130822	0.1868010908	7.739447023
1.674204946	1.313625336	0.02227610665	0.1806677133	7.491183307
1.672446966	1.316437721	0.02237662017	0.1822545528	7.537046965
1.665147424	1.321844578	0.02279601395	0.1835119873	7.860161055
1.671077609	1.338824987	0.02267852901	0.1983386874	7.674857112
1.66550386	1.340622187	0.02296645001	0.1965402067	7.889365122
1.664063215	1.324925542	0.02281520119	0.1832689643	7.74724376
1.67028904	1.324832678	0.02243545731	0.1854650676	7.366716618
1.674542546	1.336953282	0.02234021185	0.1960316598	7.224160553
1.678395748	1.34705472	0.02223845621	0.2042867243	7.083099843
1.671050906	1.345345974	0.02261867655	0.197739467	7.395081635
1.670369506	1.339897394	0.02255089494	0.1924750358	7.317940568
1.682184815	1.3431952	0.02196849489	0.1980283856	6.767506247
1.687310457	1.34679842	0.02173580328	0.2015459687	6.534572511
1.683137059	1.342384458	0.02188118482	0.1952227354	6.658894704
1.674842	1.331488967	0.02213472192	0.1827824712	6.888835906
1.66859901	1.33539784	0.02248064574	0.1833023876	7.162374358
1.664081335	1.332342505	0.02262962672	0.1791919917	7.271575422
1.672178745	1.333285928	0.02218493707	0.1831083745	6.844603601
1.670201898	1.335909724	0.0222895993	0.1842742562	6.908640419
1.664301634	1.344466209	0.02267588458	0.1884003282	7.207581103
1.666950583	1.358051419	0.02267332128	0.1992718428	7.146394144
1.664765716	1.366105318	0.02285282666	0.2033805102	7.260930041
1.667332411	1.37511909	0.0227823486	0.2096537054	7.150809178
1.678045988	1.378798604	0.02220592403	0.2143400759	6.607902637
1.683251143	1.372640371	0.02183633761	0.209208101	6.282100792
1.693818569	1.375982404	0.02130603773	0.2138660401	5.799631407
1.698157549	1.373665571	0.0210550244	0.2114334404	5.586811212
1.699911714	1.365299821	0.02084953655	0.2035115957	5.430695552
1.708990812	1.354618788	0.02022225185	0.1971942931	4.911181649
1.711484909	1.346295476	0.01997962747	0.1902609318	4.737047342
1.712126613	1.343227983	0.01990061481	0.1880328655	4.688477108
1.713432312	1.336614847	0.019729979	0.1832976639	4.57393514
1.712193847	1.338397384	0.01984620102	0.1839723885	4.696303594
1.723439097	1.348124027	0.01954957897	0.1962916851	4.43775756
1.730179787	1.354145885	0.01938511004	0.2032643706	4.313417761
1.733680964	1.359111786	0.01936626402	0.2071610689	4.317062957
1.735584497	1.35797596	0.01929772299	0.2057176977	4.287594181
1.72830224	1.354286075	0.01961526126	0.1979434788	4.607931268
1.724854708	1.355772972	0.01985140042	0.1962249577	4.838204569
1.733424544	1.36146903	0.01959436585	0.2035813481	4.61998215
1.731794119	1.369794011	0.01989068205	0.2073658258	4.888775897
1.721239805	1.360459447	0.02026652482	0.1936140954	5.262553901
1.719722152	1.364093781	0.02044190022	0.1947413534	5.420299093
1.714834809	1.356323361	0.02055678649	0.1859064102	5.54693505
1.703875184	1.356592655	0.02111053882	0.1807682514	6.038842846
1.695290208	1.350811601	0.02142895094	0.1726738513	6.325592401
1.700597405	1.351273537	0.02117882186	0.1760180742	6.090066836
1.700272083	1.345098257	0.02108660783	0.1717905402	6.013917816
1.708006144	1.339997292	0.02062986321	0.1721554548	5.615115516
1.707743883	1.326424837	0.02040696911	0.1626540571	5.447703633
1.702615023	1.314035654	0.02042047425	0.1524943113	5.486445681
1.693968296	1.310702682	0.02075322375	0.148170501	5.784489637
1.680768132	1.308778286	0.02130853653	0.1431571543	6.267620791
1.679159522	1.316349268	0.02150967801	0.1507233977	6.412362517
1.693021297	1.332079649	0.02112147235	0.1704736501	6.023042341
1.709077716	1.34418726	0.02053397485	0.1872656494	5.475363775
1.712392211	1.35139811	0.02050200652	0.1937661171	5.438647106
1.720029473	1.353278756	0.02016411795	0.1977910399	5.145387925
1.722922444	1.344519496	0.0199008832	0.191389814	4.945208438
1.719468117	1.344870925	0.02012285768	0.1893981397	5.156118304
1.71410346	1.347041368	0.02046656983	0.1881018877	5.464773035
1.705118656	1.349428058	0.02099746059	0.185364604	5.930271373
1.705154777	1.355280399	0.02111121294	0.1894977391	6.014238379
1.703761339	1.353005648	0.02115147244	0.1867425293	6.049045023
1.701114655	1.347499013	0.02120495413	0.1810353398	6.100406224
1.707761645	1.338793635	0.02070132748	0.1775618047	5.672721635
1.715118408	1.337584257	0.02031223756	0.1802307665	5.33816622
1.72708571	1.344196439	0.01985717823	0.1906681061	4.939264959
1.739376783	1.354676843	0.01947791497	0.2037660927	4.608318919
1.746937752	1.360101104	0.01926244859	0.2098865509	4.435909766
1.74580121	1.355690598	0.01930070656	0.2041326016	4.506863289
1.74483192	1.355677366	0.01941713456	0.2021206766	4.63471077
1.750383615	1.354279399	0.01916896955	0.2023938894	4.447837098
1.767916679	1.356776953	0.01841780624	0.211344704	3.821236454
1.777502418	1.363417149	0.01819866762	0.2190079093	3.660660224
1.783551931	1.359485745	0.01792009889	0.216628775	3.473637199
1.782067537	1.344584465	0.01773557095	0.2026609927	3.390929983
1.767115116	1.350452542	0.0186974548	0.1973844171	4.256771814
1.753809452	1.344412684	0.01925596546	0.1850366145	4.780740214
1.752561808	1.335964918	0.01917229018	0.1782938987	4.744179274
1.746029615	1.341836095	0.0196802299	0.1794282049	5.187298573
1.744617105	1.352215528	0.02003704564	0.1863198429	5.481667584
1.732833743	1.358067274	0.02077774564	0.184447974	6.112709065
1.720016003	1.355151892	0.02138245797	0.1761843115	6.634510018
1.714918375	1.339525938	0.02136601504	0.1628616899	6.635856628
1.715057254	1.337371707	0.02132596567	0.162711516	6.585332656
1.717583418	1.334387302	0.02115609136	0.1631069481	6.42426526
1.720764875	1.34306407	0.02117219516	0.1722337008	6.401683137
1.737280011	1.36244607	0.02070067833	0.1950390041	5.934630551
1.738631606	1.387710452	0.02109906643	0.2134027034	6.221374642
1.729455471	1.40526402	0.02190388827	0.2202913612	6.876567672
1.731009603	1.407635093	0.02188287843	0.2196777314	6.831301428
1.726104736	1.390186071	0.02196207418	0.2017157376	6.925944172
1.719927907	1.370293021	0.02201539774	0.1831739247	6.996644826
1.722109318	1.357993364	0.02169634272	0.1750837862	6.720753147
1.738535762	1.365638733	0.0209893962	0.1881418079	6.068421511
1.746304274	1.357152462	0.02047565578	0.184765622	5.634022694
1.761205196	1.342525959	0.01951138965	0.1801809669	4.82949198
1.768949509	1.339265347	0.01913239894	0.1816002876	4.524735617
1.769583941	1.336783528	0.01912771344	0.1802602708	4.553982487
1.770843983	1.347233176	0.01935205564	0.1882455796	4.7456124
1.768679857	1.347317219	0.01951249029	0.1871096492	4.904362388
1.770559311	1.335127711	0.01922526836	0.1790474206	4.695359207
1.764752746	1.325130701	0.01934572855	0.169210881	4.839784012
1.759511709	1.337359905	0.01990120361	0.1765384376	5.312275857
1.752444148	1.351993203	0.02058776238	0.184451282	5.885513295
1.740353107	1.370806694	0.02157341911	0.19225353	6.700102298
1.730010152	1.380809069	0.02229228119	0.1943620294	7.286378415
1.721147537	1.38440764	0.02282153036	0.1926152706	7.710268455
1.709727526	1.37514317	0.02329640111	0.1809994578	8.109862449
1.706434727	1.374442935	0.02343091987	0.1795701683	8.180142971
1.704137802	1.373431683	0.02350250897	0.178382352	8.193372896
1.704332829	1.376891255	0.02349287166	0.181445092	8.125681167
1.715922117	1.378252625	0.02282725199	0.1869455427	7.490012765
1.733990788	1.371965289	0.02175381706	0.1885345578	6.533364327
1.735217094	1.374507427	0.02172615972	0.1907141656	6.48777327
1.748478651	1.371665955	0.0209978455	0.1933100969	5.845099825
1.752012968	1.361944079	0.02069054792	0.1866874993	5.595960023
1.754254103	1.361208916	0.0205908167	0.1869946718	5.513308056
1.745351434	1.367283821	0.02117257799	0.1876740754	6.010846356
1.733501434	1.357320905	0.0216166289	0.1750274301	6.411833101
1.737255335	1.365998983	0.02157331716	0.1837364435	6.340781527
1.734469414	1.382089853	0.02198020032	0.1947417259	6.647554769
1.726328731	1.399187207	0.02266598303	0.2035859078	7.189860253
1.722251296	1.410778522	0.02303141866	0.2094016522	7.455452007
1.722177386	1.418374538	0.02310436639	0.2133988887	7.468456688
1.716509223	1.429013252	0.02353314781	0.2174561322	7.788826559
1.70780015	1.429750204	0.0240190145	0.2128319889	8.176835945
1.697167635	1.433690667	0.02463073636	0.210400328	8.658368532
1.691041708	1.435576797	0.02494104872	0.2081888467	8.870488708
1.700579405	1.439174294	0.02434474407	0.212119028	8.279371959
1.697690845	1.431255698	0.02439817582	0.2033346891	8.299984559
1.69769609	1.432988286	0.02429896891	0.2024273574	8.125880913
1.712838411	1.42323637	0.02343217447	0.1980798095	7.382538979
1.722615361	1.425654531	0.02293821427	0.2014287412	6.914352279
1.719183087	1.433235645	0.02318166048	0.2049322575	7.088521495
1.716569781	1.446745992	0.02344255248	0.2130420059	7.261381744
1.708570123	1.45718801	0.02394655363	0.2164454311	7.65341396
1.697167754	1.475863099	0.0246941404	0.2249847502	8.234026182
1.687819719	1.470704317	0.02513133991	0.215524435	8.593632302
1.677531958	1.471532583	0.02564637029	0.2110913247	8.996763424
1.671346545	1.463604927	0.02587329451	0.2012600005	9.155810298
1.671489477	1.457741261	0.02574747887	0.1955735832	8.994421731
1.682025909	1.429728746	0.02494128799	0.1758175343	8.287635577
1.689578295	1.420321465	0.02441544267	0.1707630157	7.789697787
1.699377298	1.416306496	0.02383953201	0.1710005552	7.244636549
1.704842925	1.405581117	0.02342969024	0.1648055613	6.873875667
1.708954692	1.40803647	0.0232182727	0.1691771001	6.655083155
1.719949722	1.419806361	0.02278215927	0.183032468	6.221077757
1.721377373	1.41550982	0.02264058729	0.1800732017	6.094688294
1.721377373	1.41550982	0.02264058729	0.1800732017	6.094688294