1.191608
1.191602
1.191595
1.191459
1.191477
1.1914
1.191676
1.191465
1.191494
1.191462
1.191756
1.191764
1.190915
1.186649
1.180583
1.169688
1.163118
1.154381
1.146219
1.139006
1.131037
1.122811
1.114553
1.10651
1.098386
1.090712
1.082201
1.074306
1.065653
1.056856
1.048022
1.039232
1.030501
1.021735
1.012995
1.003946
0.995537
0.98647
0.976659
0.966117
0.955814
0.945085
0.942224
0.932071
0.925312
0.915928
0.907654
0.898626
0.889153
0.880321
0.870977
0.863226
0.853917
0.843089
0.83343
0.82392
0.814382
0.804352
0.794014
0.78435
0.774926
0.765022
0.75478
0.74531
0.736421
0.727742
0.719233
0.709412
0.699547
0.69032
0.680236
0.669899
0.659898
0.650405
0.641157
0.631903
0.62229
0.612833
0.603072
0.592689
0.581899
0.571242
0.561761
0.552426
0.54249
0.531784
0.521038
0.511153
0.501023
0.490543
0.479291
0.468799
0.458254
0.447918
0.437281
0.427285
0.416951
0.407525
0.39708
0.386144
0.375744
0.36578
0.355785
0.345684
0.334628
0.324572
0.314854
0.304768
0.293566
0.282949
0.273194
0.262737
0.25226
0.241151
0.230637
0.220294
0.210456
0.199789
0.189925
0.179602
0.16884
0.157429
0.147124
0.137096
0.126906
0.116859
0.105809
0.094963
0.084775
0.074468
0.06348
0.052332
0.041175
0.030145
0.019345
0.008728
-0.002537
-0.01438
-0.029555
-0.034804
-0.040363
-0.050429
-0.056802
-0.067597
-0.076476
-0.085762
-0.096313
-0.108302
-0.120827
-0.135395
-0.149013
-0.161993
-0.174214
-0.185864
-0.197552
-0.207896
-0.218159
-0.227962
-0.237575
-0.247484
-0.257347
-0.267204
-0.277803
-0.288239
-0.298781
-0.309333
-0.319433
-0.329457
-0.339683
-0.349501
-0.359339
-0.370253
-0.380753
-0.391807
-0.402235
-0.412013
-0.421866
-0.43228
-0.442493
-0.45165
-0.461148
-0.471233
-0.481377
-0.491726
-0.502048
-0.511774
-0.522038
-0.531916
-0.541357
-0.550978
-0.561111
-0.571608
-0.581417
-0.59116
-0.601315
-0.611282
-0.620709
-0.630363
-0.639317
-0.648371
-0.658782
-0.667904
-0.677231
-0.687144
-0.696469
-0.705846
-0.715525
-0.725113
-0.734619
-0.743631
-0.752695
-0.761383
-0.770943
-0.78079
-0.790877
-0.800228
-0.809367
-0.818667
-0.827194
-0.836367
-0.844752
-0.853425
-0.861789
-0.870708
-0.879675
-0.887922
-0.897013
-0.905794
-0.914605
-0.923766
-0.932462
-0.940501
-0.949603
-0.957946
-0.967275
-0.975808
-0.985089
-0.993845
-1.002375
-1.010941
-1.019493
-1.02939
-1.033859
-1.040163
-1.047639
-1.055633
-1.063458
-1.071622
-1.079221
-1.08686
-1.094093
-1.101322
-1.108289
-1.11526
-1.122253
-1.130448
-1.138192
-1.148186
-1.156737
-1.164566
-1.171907
-1.179456
-1.186825
-1.194279
-1.202187
-1.210226
-1.218456
-1.225576
-1.232351
-1.239639
-1.246603
-1.25319
-1.260164
-1.266893
-1.273431
-1.279934
-1.286326
-1.292705
-1.299254
-1.305266
-1.310741
-1.315831
-1.321481
-1.32665
-1.33266
-1.339217
-1.345437
-1.352173
-1.358058
-1.364114
-1.369763
-1.375317
-1.381548
-1.387579
-1.393007
-1.398496
-1.403919
-1.40919
-1.414222
-1.41899
-1.423821
-1.428519
-1.433397
-1.43803
-1.443142
-1.448145
-1.453089
-1.458123
-1.463033
-1.467445
-1.472022
-1.476425
-1.480503
-1.484657
-1.489149
-1.493823
-1.498386
-1.502275
-1.505828
-1.509524
-1.51367
-1.517587
-1.521288
-1.525085
-1.528659
-1.532161
-1.535226
-1.538877
-1.542466
-1.546125
-1.549655
-1.552779
-1.555387
-1.558352
-1.561883
-1.565365
-1.568579
-1.571765
-1.574799
-1.577574
-1.579807
-1.582042
-1.584528
-1.586853
-1.589202
-1.591143
-1.593422
-1.595777
-1.598205
-1.600546
-1.602867
-1.60499
-1.606925
-1.609027
-1.611078
-1.613009
-1.615129
-1.616917
-1.618226
-1.619253
-1.620228
-1.621322
-1.622097
-1.622537
-1.623412
-1.624577
-1.626077
-1.627132
-1.62768
-1.628132
-1.629006
-1.629949
-1.630818
-1.630999
-1.631396
-1.631898
-1.632152
-1.632302
-1.63262
-1.633044
-1.633424
-1.633364
-1.632979
-1.632556
-1.632305
-1.631844
-1.631187
-1.630557
-1.630043
-1.629523
-1.628749
-1.627818
-1.626861
-1.62626
-1.625435
-1.6243
-1.622647
-1.62161
-1.620424
-1.619361
-1.618423
-1.616926
-1.615379
-1.613432
-1.611567
-1.609323
-1.607592
-1.606205
-1.604517
-1.602826
-1.600686
-1.599014
-1.59729
-1.595185
-1.592504
-1.589975
-1.588129
-1.586027
-1.583641
-1.580821
-1.578248
-1.575898
-1.573384
-1.570577
-1.567344
-1.564254
-1.561421
-1.55799
-1.554682
-1.552127
-1.549621
-1.546729
-1.543527
-1.539677
-1.536724
-1.533641
-1.530296
-1.526501
-1.522675
-1.51882
-1.514979
-1.510947
-1.506515
-1.502484
-1.498541
-1.494271
-1.489586
-1.485319
-1.480903
-1.476468
-1.472072
-1.467875
-1.463471
-1.459234
-1.454724
-1.449373
-1.444094
-1.439446
-1.434678
-1.429514
-1.424208
-1.418896
-1.413967
-1.408783
-1.403605
-1.397918
-1.392794
-1.387495
-1.381384
-1.375649
-1.370228
-1.364965
-1.359523
-1.353832
-1.34789
-1.342356
-1.336839
-1.330592
-1.323752
-1.317608
-1.311126
-1.304126
-1.299807
-1.293561
-1.286655
-1.280784
-1.274029
-1.26719
-1.259952
-1.253078
-1.246521
-1.240055
-1.233083
-1.226993
-1.22018
-1.213196
-1.205298
-1.198693
-1.191065
-1.184163
-1.176737
-1.169104
-1.161903
-1.154743
-1.147944
-1.140798
-1.133399
-1.126169
-1.118752
-1.11115
-1.103828
-1.095852
-1.08837
-1.079955
-1.071669
-1.062849
-1.054446
-1.045019
-1.032141
-1.026116
-1.017753
-1.010811
-1.002988
-0.995118
-0.986329
-0.977693
-0.969915
-0.962081
-0.954048
-0.946086
-0.938426
-0.93079
-0.922381
-0.914586
-0.904364
-0.895337
-0.886272
-0.876729
-0.867451
-0.858794
-0.850214
-0.840745
-0.831133
-0.821976
-0.81292
-0.804198
-0.795254
-0.785758
-0.777069
-0.768891
-0.759764
-0.750133
-0.740501
-0.731059
-0.721795
-0.713176
-0.703664
-0.694527
-0.685399
-0.676441
-0.666332
-0.656362
-0.647302
-0.637724
-0.627713
-0.61764
-0.607603
-0.59811
-0.589344
-0.579185
-0.568587
-0.558313
-0.548455
-0.538145
-0.528236
-0.518084
-0.50754
-0.497905
-0.488231
-0.477876
-0.467917
-0.458222
-0.448164
-0.437631
-0.427177
-0.417364
-0.408082
-0.398508
-0.388106
-0.377845
-0.368224
-0.358555
-0.347418
-0.336683
-0.325988
-0.315707
-0.305468
-0.295104
-0.285107
-0.275271
-0.265023
-0.254247
-0.243452
-0.232986
-0.222099
-0.211786
-0.200882
-0.189569
-0.179555
-0.169042
-0.157754
-0.146866
-0.136604
-0.126038
-0.115478
-0.103897
-0.093425
-0.082298
-0.072217
-0.061232
-0.047322
-0.038645
-0.028714
-0.021509
-0.010911
-0.002573
0.006949
0.016277
0.026189
0.035691
0.048554
0.061441
0.07419
0.08718
0.099381
0.110483
0.120659
0.130737
0.141578
0.152038
0.162039
0.172139
0.182412
0.1928
0.203305
0.213929
0.224568
0.234985
0.244835
0.254148
0.264102
0.274485
0.285425
0.296445
0.306927
0.317478
0.328409
0.338969
0.349626
0.359485
0.368746
0.379481
0.390153
0.400177
0.41118
0.421836
0.433059
0.443369
0.452856
0.462425
0.472469
0.482434
0.492342
0.502583
0.513389
0.523459
0.533488
0.543278
0.552824
0.563272
0.574172
0.584028
0.593333
0.603585
0.614015
0.624284
0.634697
0.644445
0.654291
0.663993
0.673456
0.682212
0.691572
0.701479
0.711196
0.720329
0.730541
0.740594
0.750345
0.759745
0.768839
0.778071
0.787667
0.797587
0.80777
0.817443
0.826785
0.836183
0.845712
0.854966
0.863812
0.872388
0.881451
0.890538
0.900136
0.910167
0.920381
0.931288
0.941827
0.95136
0.962032
0.966609
0.974033
0.981643
0.991004
0.999239
1.00833
1.016876
1.025578
1.033522
1.041265
1.048007
1.054977
1.06318
1.071962
1.081522
1.091717
1.102089
1.111255
1.119823
1.128389
1.136405
1.144537
1.15221
1.160984
1.169308
1.1773
1.185254
1.192661
1.200427
1.20794
1.21492
1.221925
1.229057
1.236
1.242988
1.25032
1.257874
1.265298
1.27311
1.280434
1.287542
1.294287
1.30135
1.308079
1.315315
1.322723
1.329899
1.33715
1.343817
1.350117
1.356628
1.363049
1.368933
1.375192
1.381882
1.386846
1.393626
1.400103
1.406458
1.412947
1.419354
1.425046
1.430791
1.436219
1.44265
1.448445
1.454797
1.460644
1.466029
1.47142
1.47635
1.481187
1.486161
1.491678
1.497288
1.502824
1.507503
1.512535
1.517461
1.522895
1.528219
1.533058
1.537341
1.542148
1.546768
1.551684
1.556307
1.560972
1.565764
1.570257
1.57442
1.578512
1.58253
1.586337
1.590159
1.594169
1.598413
1.602611
1.606704
1.610597
1.614103
1.617705
1.621557
1.625063
1.628584
1.63208
1.635685
1.639314
1.642782
1.646048
1.649119
1.651886
1.654418
1.656609
1.659196
1.662352
1.665527
1.668318
1.671026
1.673083
1.675407
1.677926
1.68005
1.682242
1.684692
1.686995
1.688896
1.69042
1.692151
1.694255
1.696341
1.698166
1.699264
1.700569
1.701853
1.703038
1.704297
1.705479
1.706809
1.70783
1.709102
1.709917
1.710784
1.711904
1.712744
1.713404
1.714175
1.715142
1.716065
1.716312
1.716387
1.716443
1.716997
1.717347
1.717049
1.716795
1.716946
1.717117
1.717197
1.717076
1.717139
1.717499
1.717284
1.716537
1.715283
1.714486
1.714043
1.713558
1.712542
1.711295
1.710309
1.709323
1.708132
1.7065
1.705294
1.704117
1.7027
1.700753
1.699007
1.697666
1.696513
1.695458
1.693733
1.691662
1.689594
1.687614
1.685315
1.683126
1.681436
1.679411
1.677234
1.674554
1.67183
1.669723
1.667604
1.664895
1.66152
1.658824
1.656412
1.653665
1.650709
1.647569
1.645003
1.642386
1.639367
1.635649
1.632149
1.629063
1.626002
1.622693
1.61916
1.615817
1.612466
1.608752
1.604626
1.600715
1.59704
1.593198
1.588475
1.583626
1.579404
1.575333
1.571315
1.566523
1.562114
1.558096
1.55399
1.549308
1.544404
1.539476
1.534516
1.529815
1.524713
1.519431
1.514484
1.509673
1.504349
1.498587
1.493221
1.488165
1.482956
1.47704
1.470749
1.46543
1.460341
1.455531
1.449538
1.443555
1.437809
1.431955
1.425247
1.418431
1.411785
1.407451
1.402877
1.395608
1.389849
1.383884
1.376819
1.370676
1.363943
1.357597
1.351438
1.344708
1.337654
1.330851
1.324357
1.318276
1.31183
1.304255
1.296587
1.289554
1.282478
1.275652
1.268507
1.26107
1.25393
1.246513
1.237907
1.23026
1.223482
1.216278
1.208643
1.200906
1.19306
1.185742
1.178519
1.170734
1.162493
1.154699
1.146651
1.138631
1.130275
1.121972
1.114351
1.106574
1.098238
1.090319
1.082019
1.074015
1.065061
1.05644
1.047729
1.039863
1.031561
1.022431
1.01298
1.00395
0.995913
0.987075
0.976328
0.964165
0.95637
0.945176
0.941447
0.932164
0.92446
0.915744
0.907728
0.898659
0.889718
0.880878
0.871773
0.863206
0.855269
0.845013
0.834945
0.824877
0.814866
0.804632
0.795513
0.786429
0.776486
0.765688
0.755298
0.745854
0.737471
0.728308
0.719234
0.709879
0.700883
0.691414
0.681756
0.672147
0.662659
0.652872
0.642813
0.632938
0.622937
0.614457
0.604724
0.593577
0.582608
0.572249
0.562373
0.552894
0.542822
0.532209
0.522678
0.513444
0.503134
0.492246
0.481394
0.470982
0.460427
0.450214
0.439456
0.429309
0.419455
0.409002
0.397751
0.386943
0.377575
0.367266
0.356574
0.345986
0.33538
0.325669
0.316373
0.305783
0.29576
0.286054
0.27567
0.264974
0.253979
0.243278
0.233269
0.222722
0.212179
0.201109
0.190727
0.180292
0.169051
0.158067
0.148091
0.138275
0.12739
0.116823
0.106327
0.096827
0.086791
0.0763
0.065465
0.054372
0.043458
0.032485
0.021789
0.010831
-0.000359
-0.011688
-0.022834
-0.034908
-0.042586
-0.048353
-0.057419
-0.066962
-0.076147
-0.085198
-0.093893
-0.106622
-0.119679
-0.133747
-0.14657
-0.159445
-0.171145
-0.18305
-0.194902
-0.205895
-0.216414
-0.226581
-0.236184
-0.246225
-0.256236
-0.266712
-0.276984
-0.287473
-0.297479
-0.307888
-0.318185
-0.328942
-0.338417
-0.348036
-0.357581
-0.367838
-0.378468
-0.388813
-0.399732
-0.410594
-0.420953
-0.430992
-0.440705
-0.449985
-0.46027
-0.471026
-0.481403
-0.4919
-0.502107
-0.511658
-0.521375
-0.530627
-0.540282
-0.550154
-0.559775
-0.569543
-0.578717
-0.588718
-0.599299
-0.609264
-0.618988
-0.628801
-0.638329
-0.648207
-0.657735
-0.667208
-0.676818
-0.687051
-0.696421
-0.706236
-0.715677