0.024963
0.024954
0.024991
0.025305
0.025278
0.025117
0.025184
0.025117
0.025103
0.025103
0.025115
0.025066
0.02512
0.01378
-0.000214
-0.014743
-0.027648
-0.040749
-0.055769
-0.070115
-0.084911
-0.100081
-0.119018
-0.134962
-0.151335
-0.167842
-0.183139
-0.199364
-0.214606
-0.229533
-0.244787
-0.260114
-0.275422
-0.290437
-0.305327
-0.320302
-0.335669
-0.35132
-0.367132
-0.381999
-0.396994
-0.412104
-0.426661
-0.441609
-0.456511
-0.471301
-0.486204
-0.50029
-0.514856
-0.529915
-0.545226
-0.560527
-0.575541
-0.589864
-0.605224
-0.619988
-0.634085
-0.649442
-0.664317
-0.678923
-0.69259
-0.706324
-0.720762
-0.736411
-0.751179
-0.76563
-0.780396
-0.794763
-0.808263
-0.822057
-0.836303
-0.851065
-0.865091
-0.878545
-0.892991
-0.907888
-0.923993
-0.939279
-0.954462
-0.970287
-0.983984
-0.994939
-1.008752
-1.022384
-1.035742
-1.04921
-1.060105
-1.06973
-1.086203
-1.100483
-1.114956
-1.129698
-1.142607
-1.156648
-1.170385
-1.183881
-1.199234
-1.214057
-1.225807
-1.23827
-1.250478
-1.263117
-1.276735
-1.289975
-1.302549
-1.315509
-1.328409
-1.341629
-1.354144
-1.366752
-1.379666
-1.391901
-1.403569
-1.415544
-1.427676
-1.440534
-1.452623
-1.464436
-1.476648
-1.488886
-1.500331
-1.512267
-1.524444
-1.536744
-1.548596
-1.559557
-1.570206
-1.581439
-1.593451
-1.604772
-1.6153
-1.626615
-1.637336
-1.647624
-1.658709
-1.669083
-1.680011
-1.690895
-1.701166
-1.711574
-1.721562
-1.732403
-1.743426
-1.753802
-1.763653
-1.773835
-1.783639
-1.793675
-1.802836
-1.812436
-1.822178
-1.83186
-1.841031
-1.85009
-1.859884
-1.86983
-1.879448
-1.889019
-1.898413
-1.908242
-1.917707
-1.926682
-1.936637
-1.945476
-1.952987
-1.959022
-1.966923
-1.974398
-1.982772
-1.99067
-1.99855
-2.00575
-2.013316
-2.022229
-2.030033
-2.037701
-2.045066
-2.050916
-2.059594
-2.065921
-2.074605
-2.082844
-2.09092
-2.098146
-2.104089
-2.109484
-2.11447
-2.122465
-2.128991
-2.136037
-2.142209
-2.149336
-2.155757
-2.161795
-2.168349
-2.174802
-2.179794
-2.184901
-2.190084
-2.195556
-2.20082
-2.206056
-2.211311
-2.216112
-2.220481
-2.224571
-2.228661
-2.233524
-2.23819
-2.242649
-2.246695
-2.250618
-2.254378
-2.257776
-2.261182
-2.263807
-2.267298
-2.270425
-2.273527
-2.276687
-2.279834
-2.283499
-2.286918
-2.289623
-2.292288
-2.294881
-2.297305
-2.299721
-2.302309
-2.304812
-2.306923
-2.30876
-2.310315
-2.31205
-2.313797
-2.315807
-2.317414
-2.318981
-2.320834
-2.322248
-2.32312
-2.324071
-2.324873
-2.325761
-2.326509
-2.326901
-2.326952
-2.327528
-2.327744
-2.328489
-2.329044
-2.329692
-2.329994
-2.329471
-2.328767
-2.327743
-2.327694
-2.327199
-2.326531
-2.325869
-2.325292
-2.324636
-2.323551
-2.322104
-2.320779
-2.319858
-2.318317
-2.316067
-2.31397
-2.312171
-2.310183
-2.307738
-2.305772
-2.304119
-2.302359
-2.299583
-2.296396
-2.293946
-2.291923
-2.28918
-2.286139
-2.282777
-2.279709
-2.276831
-2.273645
-2.270374
-2.266718
-2.263442
-2.259555
-2.25463
-2.250843
-2.246385
-2.241891
-2.238322
-2.233743
-2.229029
-2.224118
-2.218548
-2.212136
-2.20908
-2.204894
-2.200399
-2.195009
-2.189129
-2.183946
-2.178669
-2.172992
-2.167138
-2.161522
-2.155473
-2.149108
-2.142519
-2.13614
-2.130306
-2.123672
-2.116326
-2.108233
-2.102799
-2.096264
-2.088883
-2.083747
-2.07765
-2.071137
-2.063988
-2.057457
-2.050191
-2.042997
-2.035736
-2.028559
-2.021234
-2.013815
-2.006075
-1.999281
-1.990495
-1.981616
-1.972462
-1.963997
-1.954962
-1.945804
-1.937414
-1.928626
-1.919318
-1.910241
-1.901239
-1.892776
-1.883569
-1.873836
-1.864252
-1.8549
-1.84563
-1.836021
-1.825951
-1.816478
-1.806823
-1.797193
-1.787436
-1.777506
-1.767922
-1.757911
-1.747203
-1.737334
-1.727423
-1.71681
-1.705989
-1.695436
-1.684614
-1.673654
-1.662816
-1.651942
-1.641207
-1.630593
-1.619583
-1.608135
-1.596751
-1.585389
-1.57431
-1.562331
-1.550441
-1.539143
-1.527521
-1.515478
-1.503613
-1.491769
-1.480249
-1.468535
-1.456474
-1.444626
-1.432496
-1.420545
-1.407679
-1.394865
-1.382753
-1.370327
-1.358189
-1.345371
-1.332604
-1.320479
-1.307887
-1.294679
-1.282177
-1.268776
-1.256913
-1.243696
-1.230591
-1.217819
-1.204325
-1.191918
-1.178826
-1.16608
-1.15375
-1.141683
-1.126548
-1.111392
-1.09866
-1.083926
-1.069812
-1.055366
-1.039344
-1.026066
-1.012076
-1.000098
-0.989265
-0.976585
-0.962993
-0.947321
-0.93295
-0.918577
-0.903973
-0.889562
-0.875088
-0.86013
-0.845373
-0.83116
-0.816208
-0.801688
-0.78755
-0.773567
-0.759098
-0.744864
-0.730593
-0.716396
-0.701476
-0.689375
-0.675302
-0.65819
-0.643801
-0.628701
-0.612803
-0.598491
-0.583863
-0.568404
-0.553818
-0.539318
-0.524705
-0.509764
-0.494451
-0.479186
-0.464251
-0.449533
-0.434449
-0.419348
-0.404116
-0.389039
-0.374225
-0.359366
-0.344761
-0.330119
-0.314872
-0.299642
-0.284496
-0.26953
-0.25478
-0.240233
-0.22486
-0.209732
-0.194525
-0.179521
-0.163733
-0.148658
-0.13277
-0.117214
-0.100943
-0.083641
-0.06624
-0.04985
-0.037176
-0.023501
-0.010098
0.002847
0.016084
0.033661
0.050212
0.066298
0.081862
0.097771
0.113337
0.128654
0.143041
0.158399
0.173275
0.188058
0.202968
0.218495
0.233792
0.248289
0.263404
0.278914
0.293882
0.309585
0.325201
0.340074
0.355119
0.370813
0.385344
0.400234
0.415608
0.430699
0.444989
0.45973
0.475161
0.490808
0.505782
0.520198
0.534569
0.54939
0.563859
0.578601
0.593442
0.608043
0.622387
0.636873
0.651092
0.665964
0.680206
0.694954
0.709571
0.723447
0.737916
0.752503
0.766989
0.781422
0.795443
0.809317
0.822976
0.836912
0.851224
0.866155
0.882178
0.89881
0.914169
0.925943
0.938321
0.95138
0.964015
0.975827
0.988159
1.00016
1.011807
1.029626
1.043487
1.058365
1.072472
1.085634
1.098507
1.111363
1.12453
1.136226
1.151856
1.165824
1.179516
1.192353
1.20504
1.217906
1.231367
1.244295
1.256275
1.268849
1.281171
1.293573
1.305549
1.317216
1.329327
1.341788
1.35416
1.366552
1.378613
1.390655
1.402158
1.413843
1.425531
1.437028
1.449052
1.460329
1.471135
1.481965
1.493218
1.504912
1.51648
1.527591
1.538851
1.550362
1.561361
1.572347
1.582728
1.59418
1.60509
1.61559
1.625072
1.635481
1.645912
1.656052
1.666251
1.676771
1.686901
1.696938
1.70623
1.715415
1.72534
1.735028
1.744554
1.753555
1.762476
1.771235
1.780807
1.790288
1.799246
1.8087
1.817748
1.826493
1.834629
1.843648
1.853449
1.86337
1.871411
1.87963
1.885883
1.893145
1.901173
1.908593
1.916802
1.924907
1.932598
1.939885
1.94702
1.954166
1.961417
1.968028
1.973117
1.982023
1.988862
1.997228
2.004208
2.012705
2.020878
2.026565
2.03193
2.037875
2.044194
2.05103
2.057041
2.062769
2.069211
2.075406
2.081044
2.085929
2.091939
2.098215
2.103551
2.108474
2.113559
2.118617
2.12427
2.127648
2.131997
2.136834
2.141611
2.146164
2.150206
2.154345
2.159036
2.163259
2.167161
2.171098
2.17513
2.178969
2.182022
2.184593
2.187549
2.191327
2.194907
2.197617
2.20023
2.203201
2.205992
2.2083
2.210837
2.213606
2.215995
2.217679
2.218828
2.220218
2.222471
2.225232
2.227119
2.228732
2.23061
2.232282
2.232882
2.233543
2.234802
2.236465
2.237504
2.237348
2.237333
2.237668
2.238446
2.238949
2.239226
2.240987
2.240853
2.240512
2.240118
2.239811
2.239627
2.239495
2.238747
2.238201
2.237507
2.236623
2.235675
2.234236
2.233475
2.233013
2.231994
2.230248
2.228054
2.226422
2.224787
2.222715
2.220735
2.218972
2.217225
2.215113
2.21234
2.209483
2.207581
2.205542
2.202873
2.199732
2.196532
2.193732
2.190186
2.186714
2.183421
2.180444
2.177265
2.173081
2.169278
2.165279
2.161585
2.158266
2.154262
2.149918
2.145567
2.140504
2.135669
2.131102
2.127033
2.123098
2.118123
2.11255
2.106687
2.101496
2.096649
2.09163
2.086176
2.08056
2.074377
2.067769
2.061195
2.055396
2.04899
2.043369
2.036182
2.029773
2.023557
2.017251
2.010199
2.003533
1.998548
1.992877
1.986011
1.978053
1.970885
1.963589
1.956159
1.948652
1.940979
1.934734
1.926105
1.918652
1.910187
1.901199
1.893235
1.884941
1.875624
1.86685
1.85813
1.848831
1.840707
1.831469
1.822347
1.814132
1.804931
1.795445
1.785932
1.777041
1.768184
1.758786
1.749143
1.739454
1.730131
1.720931
1.711039
1.701434
1.691281
1.680953
1.670873
1.660185
1.65018
1.640293
1.629706
1.619299
1.608429
1.596817
1.585759
1.57503
1.564321
1.553639
1.542223
1.530959
1.519678
1.508551
1.497845
1.486857
1.475787
1.464443
1.452871
1.440593
1.428522
1.417002
1.405664
1.39403
1.382293
1.370008
1.357985
1.345963
1.333545
1.321493
1.308994
1.296545
1.284453
1.271816
1.25896
1.246728
1.234807
1.222063
1.208472
1.196112
1.183327
1.170775
1.158268
1.144555
1.13266
1.119488
1.106366
1.09285
1.078792
1.064752
1.05144
1.038804
1.022608
1.010459
0.998367
0.9837
0.969332
0.955542
0.942297
0.930053
0.920342
0.905681
0.889973
0.874447
0.857906
0.843111
0.827632
0.814129
0.799831
0.785325
0.770942
0.756119
0.742087
0.728495
0.714136
0.699869
0.686231
0.671493
0.657434
0.643344
0.629076
0.613803
0.598529
0.583437
0.568219
0.553277
0.538704
0.523941
0.508951
0.494274
0.478716
0.463975
0.449515
0.435035
0.420503
0.405454
0.389532
0.374185
0.358448
0.343345
0.328877
0.313598
0.29886
0.28376
0.268753
0.25435
0.240268
0.225708
0.210188
0.195748
0.18056
0.165095
0.150526
0.135428
0.120191
0.10425
0.088024
0.072776
0.057789
0.042474
0.026944
0.011081
-0.00629
-0.019943
-0.033262
-0.047551
-0.061738
-0.075398
-0.089469
-0.108298
-0.12445
-0.141251
-0.156608
-0.172042
-0.188373
-0.204115
-0.219547
-0.23488
-0.24939
-0.264896
-0.280144
-0.295111
-0.310124
-0.325079
-0.339916
-0.354761
-0.370079
-0.385497
-0.4006
-0.415819
-0.430469
-0.445264
-0.459882
-0.474574
-0.48947
-0.504148
-0.518632
-0.532744
-0.547751
-0.56254
-0.577102
-0.592467
-0.607562
-0.622493
-0.636993
-0.651577
-0.665771
-0.680372
-0.694635
-0.708775
-0.722881
-0.736949
-0.751754
-0.766735
-0.781013
-0.795126
-0.809091
-0.823006
-0.837464
-0.851151
-0.864893
-0.879841
-0.893698
-0.907851
-0.922381
-0.93683
-0.952613
-0.968845
-0.980412
-0.994059
-1.006798
-1.01996
-1.033564
-1.046839
-1.058314
-1.06825
-1.083119
-1.096095
-1.109567
-1.124551
-1.137547
-1.154868
-1.16709
-1.181033
-1.194476
-1.206187
-1.21841
-1.231471
-1.244156
-1.256044
-1.267857
-1.28013
-1.292931
-1.30587
-1.31851
-1.330954
-1.343305
-1.355554
-1.367477
-1.37951
-1.392027
-1.40418
-1.415573
-1.426513
-1.438256
-1.450271
-1.461949
-1.473415
-1.485147
-1.496799
-1.508161
-1.51931
-1.530311
-1.541654
-1.553167
-1.563741
-1.574127
-1.584534
-1.595546
-1.606378
-1.616744
-1.627086
-1.6378
-1.647997
-1.657956
-1.668015
-1.678545
-1.68878
-1.698084
-1.70726
-1.716772
-1.726665
-1.736656
-1.746278
-1.755748
-1.764907
-1.774748
-1.784523
-1.793228
-1.801938
-1.811208
-1.819833
-1.828263
-1.837212
-1.845979
-1.855322
-1.86502
-1.873346
-1.880936
-1.889547
-1.898553
-1.906732
-1.914566
-1.923146
-1.931553
-1.938675
-1.945865
-1.954245
-1.96094
-1.96857
-1.975277
-1.981487
-1.988373
-1.99608
-2.00324
-2.010158
-2.017759
-2.024109
-2.029079
-2.033865
-2.038852
-2.044883
-2.050655
-2.056302
-2.06266
-2.068735
-2.075048
-2.081267
-2.087135
-2.092909
-2.098817
-2.104925
-2.110407
-2.115756
-2.1215
-2.127766
-2.133512
-2.137957
-2.142254
-2.14731
-2.151649
-2.155667
-2.160173
-2.164835
-2.168854
-2.172478
-2.175903
-2.179478
-2.18335
-2.186995
-2.18965
-2.192935
-2.19651
-2.199435
-2.202006
-2.204759
-2.207478
-2.209842
-2.21235
-2.21501
-2.217378
-2.219847
-2.221894
-2.22365
-2.225338
-2.227411
-2.228738
-2.229989
-2.231326
-2.232557
-2.233995
-2.235447
-2.236845
-2.238074
-2.239331
-2.240617
-2.241056
-2.240851
-2.241186
-2.241814
-2.241973
-2.241177
-2.241707
-2.24172
-2.242095
-2.242428
-2.242432
-2.242507
-2.242672
-2.241371
-2.239967
-2.239508
-2.238428
-2.237589
-2.236385
-2.235054
-2.233632
-2.231901
-2.229697
-2.227755
-2.226198