0.012306206282633656	 0.2164275050163269	 5.868973916041188
0.012199720410625219	 0.21175609529018402	 5.7733136257295845
0.011891994227261164	 0.21349629759788513	 5.481007635753866
0.011424680196168713	 0.2188185602426529	 5.040399114367495
0.01123761081464476	 0.2256173938512802	 4.870175318488658
0.011454834253730055	 0.2246452420949936	 5.0953235493412175
0.011551852380003802	 0.21969516575336456	 5.208832186427935
0.012115444885989122	 0.22544541954994202	 5.74049229003795
0.011992796955115265	 0.22796553373336792	 5.620674379541918
0.011641122371981097	 0.2263239324092865	 5.295633873168015
0.011222323645809324	 0.2239808291196823	 4.91630398763122
0.011305401788252187	 0.22076629102230072	 5.017431464918466
0.011138809618797423	 0.2244587391614914	 4.871847652361441
0.011563720091611468	 0.2199193686246872	 5.29675523844775
0.011770462535391078	 0.21925604343414307	 5.501399848539856
0.011756234389207872	 0.22093328833580017	 5.490501902264147
0.0116235787983002	 0.23138302564620972	 5.354545317233246
0.011200223569950872	 0.2306620329618454	 4.967696152330174
0.011354495498472117	 0.22562003135681152	 5.137192912517358
0.012001635320982966	 0.22248491644859314	 5.761696839989226
0.01231645945283046	 0.22880104184150696	 6.045322114875803
0.012560003453923605	 0.23089997470378876	 6.262661162777314
0.013026778611014235	 0.22748900949954987	 6.694451758163217
0.013080643124655691	 0.22842280566692352	 6.721352382318321
0.012702147596511984	 0.22681361436843872	 6.346520707586914
0.012821847324835338	 0.22407430410385132	 6.449455604710527
0.013079592424381871	 0.22926564514636993	 6.665566432817288
0.013226129742471579	 0.22989358007907867	 6.780020368085136
0.013236324656019538	 0.23597325384616852	 6.754785095831663
0.013758998107974709	 0.23186883330345154	 7.230301044464172
0.013784433376979568	 0.2346516251564026	 7.214351186714358
0.01416594784789023	 0.2276550531387329	 7.552659866787946
0.0143856971288219	 0.22451017796993256	 7.724050866104947
0.014068825691886404	 0.22137343883514404	 7.38591886025789
0.013626628598824762	 0.22351889312267303	 6.927565203843862
0.013048278435330121	 0.21184241771697998	 6.376505541607234
0.012723323888367317	 0.2084987610578537	 6.061941027600315
0.012474062413308909	 0.21540139615535736	 5.809086817398517
0.01167670886204728	 0.22520528733730316	 5.042037145512445
0.011001961629767479	 0.23069533705711365	 4.413293947295723
0.010660307190234735	 0.22363314032554626	 4.132341856668308
0.010668827225128387	 0.21940071880817413	 4.182520676206705
0.010164555592127282	 0.22187566757202148	 3.741043961885835
0.010091810722773386	 0.2195373922586441	 3.7212433952639494
0.010047475332407373	 0.21980050206184387	 3.7247723263351227
0.010049158533440088	 0.22055955231189728	 3.7712564688784873
0.009840326132383143	 0.21930287778377533	 3.621870821247452
0.010063662358408009	 0.22135743498802185	 3.8764404714047944
0.010082213980173395	 0.2227439433336258	 3.9340942499708538
0.010039920693408875	 0.22013765573501587	 3.939786681407124
0.010205153194291479	 0.22212465107440948	 4.131723193311486
0.010471586856894394	 0.2238968014717102	 4.414962031273022
0.010697677790171813	 0.22378724813461304	 4.656542483012778
0.011507448330015933	 0.22359876334667206	 5.439000454538472
0.011436553109262882	 0.2317759394645691	 5.365006738530001
0.01188571291215886	 0.22521226108074188	 5.805411872061087
0.012205605372455911	 0.22124236822128296	 6.110238661259309
0.012640966671953918	 0.2189566195011139	 6.513123288949792
0.012854067412836094	 0.2233012169599533	 6.686428562618175
0.013210383802526484	 0.23341095447540283	 6.979134042769348
0.013284981441373127	 0.23363392055034637	 7.020171033558637
0.01382817891877602	 0.23079653084278107	 7.5057270567071015
0.013610610100986858	 0.2270280122756958	 7.2686575654591845
0.013443070220691052	 0.22363419830799103	 7.0828837055699525
0.01327094991137977	 0.22294603288173676	 6.891766512802029
0.01270438527600603	 0.22517697513103485	 6.329396057299859
0.01268841567214126	 0.22628788650035858	 6.298714240420235
0.012846937215136325	 0.22804540395736694	 6.431314015147048
0.012820708199290948	 0.22646431624889374	 6.393148739448795
0.013280668368763958	 0.22000791132450104	 6.822016013869932
0.013311413315192162	 0.21817204356193542	 6.829368940184423
0.013171757563747328	 0.22392411530017853	 6.662161659407028
0.013168904028251199	 0.22850514948368073	 6.629798705299692
0.013329745434227075	 0.22812938690185547	 6.76123522291986
0.013334775271676503	 0.22948360443115234	 6.739647575247136
0.013290868483798422	 0.23410619795322418	 6.66667383415472
0.013342835495163194	 0.23467449843883514	 6.693049899781567
0.013945344482874598	 0.2335696816444397	 7.241421199560879
0.014026079875796032	 0.23505914211273193	 7.2800648920649955
0.014122738059203697	 0.23657870292663574	 7.332103648005377
0.013920967196224664	 0.2346704602241516	 7.1084395413684724
0.013735693367841913	 0.2300238311290741	 6.910949933886908
0.013600627408088263	 0.23574993014335632	 6.745210688435121
0.01381712263906299	 0.23238691687583923	 6.932639579051237
0.013833908876308894	 0.2378506362438202	 6.910347662984094
0.013647466794057332	 0.238932803273201	 6.704461476282861
0.014093230026266158	 0.2380986213684082	 7.106000101360907
0.014339844984991301	 0.23203334212303162	 7.319974446295287
0.014174878800217705	 0.22879566252231598	 7.133034900787707
0.014220027703072955	 0.2253183126449585	 7.150619146914914
0.01420078636419713	 0.21990828216075897	 7.110143749457381
0.014044313166587366	 0.222366064786911	 6.9252587248521404
0.014181950741268625	 0.21805360913276672	 7.036536773937914
0.014089739828821932	 0.22176995873451233	 6.911386458865863
0.014099273113286577	 0.2231960892677307	 6.890518257785714
0.013702392410945617	 0.23169425129890442	 6.469363936539318
0.013775230907056584	 0.23189160227775574	 6.5211051997958505
0.013364010746721227	 0.23443572223186493	 6.106143583396933
0.013013601165104848	 0.22977636754512787	 5.7721084767960305
0.012861666784618525	 0.22774934768676758	 5.630019899710274
0.012499824335666222	 0.22816473245620728	 5.287209973191666
0.01260241845547232	 0.22162310779094696	 5.406066800180486
0.012407531239732764	 0.2227879911661148	 5.226483823754953
0.012202868350257476	 0.22148945927619934	 5.045690537808495
0.012248937916223944	 0.22488179802894592	 5.099822367274532
0.012794999332095977	 0.22372539341449738	 5.635303734052196
0.01339730546183372	 0.23060598969459534	 6.197095596640675
0.013955157607313159	 0.234244704246521	 6.709826058638971
0.013979449589584424	 0.23635230958461761	 6.705824478477233
0.013668941651237998	 0.23807628452777863	 6.383658115706071
0.014018411844391745	 0.23353491723537445	 6.710316618003359
0.013776487586195965	 0.2371261864900589	 6.450316512109912
0.013310407347702275	 0.2286456823348999	 6.006589781694458
0.013090470813256462	 0.22177767753601074	 5.804008192295658
0.01272062639746631	 0.22227096557617188	 5.450608133359936
0.012466871878365694	 0.22423690557479858	 5.213241149428169
0.012674872041581988	 0.22558800876140594	 5.41999431480805
0.012911122518299139	 0.22935962677001953	 5.644500507878627
0.01340241540217531	 0.2259480357170105	 6.118932733162827
0.013477082740941107	 0.2238757610321045	 6.184760578563595
0.013191831140463798	 0.22991357743740082	 5.891913637605612
0.013259364120340626	 0.22869952023029327	 5.954524919253248
0.013495304588462135	 0.22341561317443848	 6.183262793969602
0.013521117485387186	 0.22182495892047882	 6.2001257721204555
0.013549871302781636	 0.22301258146762848	 6.214199604578239
0.013581971756592797	 0.22512774169445038	 6.22960972560164
0.01370781548077475	 0.22564099729061127	 6.336291209157977
0.013668309150479103	 0.2297491729259491	 6.277312981020862
0.01372704121519106	 0.22908717393875122	 6.32163453389102
0.01359161947376053	 0.2273937463760376	 6.182548204400437
0.013577600427334784	 0.22642266750335693	 6.16057685187834
0.013482038717282176	 0.2226332277059555	 6.0668733348729535
0.012967323539678216	 0.2298528254032135	 5.558146881548101
0.01308656033570271	 0.2309274971485138	 5.673261979127607
0.013043902944882906	 0.22961945831775665	 5.636453027216537
0.013042067860444272	 0.22775429487228394	 5.640156507566499
0.013299461339503129	 0.2284778654575348	 5.884761063506774
0.013359813147112449	 0.22569335997104645	 5.943502511752663
0.01321326126486053	 0.2232985496520996	 5.8041982233365665
0.013219150387880428	 0.22439153492450714	 5.806071212988965
0.013399939494599377	 0.22241128981113434	 5.9789739608422625
0.013588061656991751	 0.22622248530387878	 6.144183183614457
0.013825340987739406	 0.2263493686914444	 6.3589474019808545
0.01432534740180718	 0.23061169683933258	 6.809738065817918
0.014189208895536392	 0.22855621576309204	 6.659412584157089
0.013810973441717889	 0.22963695228099823	 6.277217054808519
0.01337077684036571	 0.2265385240316391	 5.853922607622185
0.012986497259229485	 0.22870004177093506	 5.483584286672758
0.012892714457561266	 0.22970639169216156	 5.398798871775666
0.01269420284602568	 0.2244023084640503	 5.227823147960202
0.012104430218168122	 0.22411583364009857	 4.682742177977058
0.01199493060487923	 0.22682160139083862	 4.59909846714523
0.012228788397804512	 0.2245357483625412	 4.849417311127119
0.012674367497391094	 0.22649358212947845	 5.28685723186653
0.012740757190534328	 0.22490987181663513	 5.362599476302525
0.012847565554706016	 0.21843183040618896	 5.483418540748899
0.012867972026558748	 0.21691575646400452	 5.511000362437226
0.012452794575291103	 0.22113899886608124	 5.117037479622596
0.01206683491401407	 0.21761511266231537	 4.7733277895173245
0.011662297623539129	 0.21056656539440155	 4.42593404715573
0.011354161563038555	 0.2144765406847	 4.159846876673968
0.011567199886082681	 0.2154967486858368	 4.39475893883605
0.011853217145373388	 0.21833257377147675	 4.6895681172515875
0.012023288069002071	 0.2199421226978302	 4.8708316237769065
0.012273489972820413	 0.2200470268726349	 5.125724265990999
0.012776624560871731	 0.21935422718524933	 5.614133183264787
0.012996201152451464	 0.22278563678264618	 5.81726725907645
0.013290315045634389	 0.22955340147018433	 6.079612700148898
0.01354266620367621	 0.23411652445793152	 6.300485839708955
0.014017544236442865	 0.23436084389686584	 6.734429917849172
0.013893327537239385	 0.23306643962860107	 6.5967527322753545
0.01384153633611845	 0.23423105478286743	 6.525721800546853
0.013569852293038337	 0.23221102356910706	 6.255808509874031
0.013399688782949882	 0.22527959942817688	 6.09660621080389
0.01339556296385486	 0.2192862629890442	 6.095000964566956
0.013594993157907066	 0.22115567326545715	 6.270578110935266
0.013583004771812505	 0.23262152075767517	 6.2259013882282686
0.013316825982048289	 0.230118989944458	 5.969123310239288
0.013483551309557557	 0.23120826482772827	 6.118217536465736
0.013955239790799923	 0.23278222978115082	 6.550117414878359
0.013915830208153254	 0.22846479713916779	 6.5017293191583585
0.013734512630405493	 0.22743596136569977	 6.316100562843493
0.01381853432250019	 0.22499071061611176	 6.386364692001175
0.013989027606833002	 0.22405163943767548	 6.533483323955692
0.01409810069822856	 0.2255599945783615	 6.614944106328784
0.014195676423855542	 0.23063507676124573	 6.676794656684863
0.01386510323117105	 0.22969810664653778	 6.345006530538914
0.01361669688049391	 0.226044163107872	 6.103429114438788
0.013102412385972486	 0.2296181172132492	 5.6036984755967865
0.01317309538607617	 0.2275749146938324	 5.676757821726801
0.013110840874703666	 0.22790580987930298	 5.6187169991077734
0.013500364594533283	 0.2293529212474823	 5.985958360505536
0.013517374495698863	 0.2324994057416916	 5.990358216586876
0.013812800203778116	 0.2270263135433197	 6.2734467903866715
0.013729503598902081	 0.22869886457920074	 6.179075432662439
0.013637142883644073	 0.2213490605354309	 6.0954332396504265
0.013823686915031115	 0.21417951583862305	 6.276181294566381
0.013582867452568795	 0.2095050811767578	 6.04511204861333
0.013582404520269936	 0.2067091017961502	 6.042393329759702
0.013500913871508114	 0.21907754242420197	 5.936603717126987
0.013123494010773444	 0.22133351862430573	 5.571616014591366
0.013141963449052064	 0.21834270656108856	 5.597907082308542
0.012953961961146584	 0.21653880178928375	 5.426608366436327
0.012706621915202776	 0.2153778076171875	 5.2021033876216025
0.012559384477029622	 0.21753506362438202	 5.072060835720043
0.012393470581414986	 0.22087658941745758	 4.925142252417216
0.012320332479681385	 0.21744652092456818	 4.880237249609959
0.012366514397756342	 0.2137679010629654	 4.949102859589584
0.012412977196102517	 0.2163790613412857	 5.006762102306979
0.0124010439457649	 0.22251997888088226	 5.001924810554795
0.012622521160513217	 0.2250990867614746	 5.222872626849777
0.012887949895923548	 0.22594845294952393	 5.482468385544359
0.012713612713064235	 0.22338618338108063	 5.328707774076959
0.012728476480898239	 0.22433552145957947	 5.35017035339688
0.012947138651150557	 0.2242468148469925	 5.564298301696596
0.01281143706974611	 0.21990680694580078	 5.448348403218533
0.012874206528282516	 0.21936921775341034	 5.514540525375034
0.012619739405530843	 0.21981020271778107	 5.280349427625342
0.01273403686997108	 0.219091534614563	 5.398772158146913
0.01276358651480065	 0.22216428816318512	 5.428735742689814
0.01274316963997491	 0.21584953367710114	 5.427437703183548
0.012462209265863453	 0.21962778270244598	 5.165199723754042
0.012386745059365236	 0.22130341827869415	 5.104738889221089
0.0125676829285982	 0.22482413053512573	 5.282123455425767
0.012630000898106054	 0.21937516331672668	 5.359919006508249
0.012687802937031084	 0.22176122665405273	 5.4182907138470675
0.012823984095491207	 0.2215590924024582	 5.552886725195301
0.01307029424710721	 0.21914240717887878	 5.791228756576583
0.013382610222162448	 0.22148628532886505	 6.07737300522906
0.013331680387206585	 0.21918119490146637	 6.026066445567703
0.013254096054809312	 0.22008509933948517	 5.9452297907027685
0.013292219829992178	 0.2250358760356903	 5.967055432522572
0.013315902198045166	 0.22089235484600067	 5.991251301766351
0.012994130960822848	 0.22219625115394592	 5.682365862381325
0.012833069011819197	 0.2223370224237442	 5.532790790837309
0.012645038395589297	 0.21479764580726624	 5.374627287648936
0.012342729040270572	 0.21454177796840668	 5.101174441166232
0.012447824034787823	 0.21325652301311493	 5.215523343302843
0.012699281577448245	 0.21490763127803802	 5.458831681120632
0.013191815536004285	 0.21897555887699127	 5.917303120352346
0.01354279624083881	 0.223213329911232	 6.232945286428311
0.013746396986769972	 0.22595717012882233	 6.406708334553067
0.013997082628833191	 0.22169920802116394	 6.6336145043160055
0.014016013959113373	 0.21979999542236328	 6.634347307722957
0.013658144405552868	 0.21904680132865906	 6.280623042474632
0.013653007417481457	 0.22074750065803528	 6.260252686293986
0.013500026497910518	 0.2176264524459839	 6.1110449271453335
0.013079647560138814	 0.2144118845462799	 5.715649222424816
0.01288152501979373	 0.21730750799179077	 5.526348556412152
0.012675071778663742	 0.22408051788806915	 5.327183275854212
0.012745082746711104	 0.22628648579120636	 5.39801871239047
0.012562720710473327	 0.2205691933631897	 5.244979368899422
0.012903396230246007	 0.21858488023281097	 5.577005489192451
0.013032831060710362	 0.21673287451267242	 5.7044325339878394
0.013324914293562102	 0.21255835890769958	 5.9845832157526395
0.013715371160070548	 0.21707576513290405	 6.334857172996238
0.014219526279773962	 0.22581107914447784	 6.7753527685883315
0.013985739227065135	 0.2274414300918579	 6.5299091618540155
0.01398977870148419	 0.22534427046775818	 6.519234638655156
0.014421359560591042	 0.21951603889465332	 6.915375896469076
0.014860655264480717	 0.222835972905159	 7.292704081233113
0.014702725650649815	 0.2221461683511734	 7.110851660619358
0.013914526715635336	 0.22706890106201172	 6.332692761939252
0.01346594427774131	 0.2246319204568863	 5.90400459025635
0.013105855770038175	 0.2213202714920044	 5.569392712125536
0.01295832288743159	 0.2141059935092926	 5.447207002717233
0.013021145401130337	 0.2056543231010437	 5.5258652825828785
0.012529816106848637	 0.2070493847131729	 5.070439500593063
0.012088949554034735	 0.20994991064071655	 4.670013741003785
0.01171734703580621	 0.2150692641735077	 4.34023854749723
0.01190390147016626	 0.2191218137741089	 4.540044348017336
0.012406671954162294	 0.21931961178779602	 5.035256133704457
0.01350063091064229	 0.22034060955047607	 6.069833083513292
0.014274123162715188	 0.2247633934020996	 6.776482633659033
0.014275333028476033	 0.2196565568447113	 6.764205899862871
0.013612513845047343	 0.22143623232841492	 6.117361486089761
0.013711521019760241	 0.21896801888942719	 6.205538924710663
0.013650826954338956	 0.22283166646957397	 6.13109046988545
0.013621389661617873	 0.21956853568553925	 6.100392260551819
0.013509868750673504	 0.21712028980255127	 5.992239098902316
0.013630054297836338	 0.2178887128829956	 6.097054878341369
0.013756238199235655	 0.22111167013645172	 6.200609045949729
0.014438179087350574	 0.22498251497745514	 6.819276045538886
0.014833479578091602	 0.22816400229930878	 7.157732864826473
0.015251280659151894	 0.23014238476753235	 7.512058793849685
0.015899829044208044	 0.2302740216255188	 8.078350081499405
0.01568437202993953	 0.23305997252464294	 7.816175850502153
0.015435046056448468	 0.22894619405269623	 7.543991901385255
0.015222868059272112	 0.22423267364501953	 7.312697410971574
0.015036238723506403	 0.2209816575050354	 7.108590716222102
0.01494027441839838	 0.22659286856651306	 6.976867634220756
0.014875656351558431	 0.22760245203971863	 6.885869479254621
0.015025321843631681	 0.22067157924175262	 7.012861820454834
0.014939126970475584	 0.21714210510253906	 6.909126728724459
0.014721154517333706	 0.22061032056808472	 6.6716765682668
0.014776903009386928	 0.22335697710514069	 6.697221475762648
0.014996957097427734	 0.22490695118904114	 6.878943363872265
0.014841783231146682	 0.2246313840150833	 6.707250014848005
0.014793021375765712	 0.2225901484489441	 6.642443965747072
0.014854072263161178	 0.2213667333126068	 6.681502933752725
0.01475910144197543	 0.2186764031648636	 6.575557289242971
0.014885658810105739	 0.22287583351135254	 6.667118858924641
0.01514727173501669	 0.22503744065761566	 6.88796589198387
0.015018782534798776	 0.2237396538257599	 6.742987993097216
0.014796922490643759	 0.21768860518932343	 6.522014677429333
0.014543649629193418	 0.2142721712589264	 6.271869472034344
0.014644123623100462	 0.21662136912345886	 6.349697200896915
0.014847828398761705	 0.21928535401821136	 6.522419631756124
0.01472898691571152	 0.2213541567325592	 6.3885631022220295
0.014337497033983366	 0.22374211251735687	 6.000715211880321
0.01394320875251603	 0.22500284016132355	 5.621251758199756
0.013726973595866505	 0.2185915857553482	 5.4312164673963625
0.01415475112804159	 0.2195177525281906	 5.838340669395663
0.014505551861443073	 0.21691197156906128	 6.170060190085949
0.014722031487958288	 0.21426790952682495	 6.367878860903526
0.014667517828801128	 0.21456559002399445	 6.301779022191811
0.014834325339797162	 0.2186870276927948	 6.437473327958584
0.01496756973897709	 0.2215297520160675	 6.541921795002271
0.014881437283659045	 0.22542302310466766	 6.434891820016282
0.01468898852479259	 0.22660662233829498	 6.2356342560135545
0.014130743146933446	 0.22397181391716003	 5.704041543603352
0.014105840510146603	 0.21835379302501678	 5.690721156902011
0.014096668208845342	 0.2177848070859909	 5.6839389308381705
0.01422236837199978	 0.21810182929039001	 5.802309448358085
0.014166708305217126	 0.22009135782718658	 5.74509310546287
0.013936139932357011	 0.21576575934886932	 5.53598003383376
0.01347880235237935	 0.21795980632305145	 5.1085364743996164
0.013250182456363656	 0.21760593354701996	 4.909376354429048
0.013314773475473784	 0.21343590319156647	 4.994890322837608
0.013076849160399627	 0.21207919716835022	 4.791661231505491
0.013179672145611906	 0.21202091872692108	 4.908695156895826
0.013430115398404037	 0.20542393624782562	 5.1716194944459275
0.013503675860841769	 0.20804235339164734	 5.248739919274449
0.013394527868040552	 0.2090422362089157	 5.15631804932132
0.013766368614350964	 0.2128821313381195	 5.509814034469386
0.01400497016296795	 0.2177746295928955	 5.729273173089268
0.014312749401494344	 0.21593454480171204	 6.019705566284661
0.01455977423735601	 0.21511873602867126	 6.245133986675172
0.014616537019277525	 0.21344812214374542	 6.2892217952937335
0.014458594921879012	 0.20914416015148163	 6.136768330251491
0.01465840170355411	 0.20879516005516052	 6.314238501493766
0.014834583333527763	 0.21850581467151642	 6.448436844050325
0.0153496542928086	 0.220923513174057	 6.907609516036827
0.015583934446438012	 0.22010211646556854	 7.101065365576563
0.015833522574848876	 0.22181163728237152	 7.299194278764441
0.015903136149327323	 0.22549518942832947	 7.321809794016261
0.016040742515089558	 0.2295273095369339	 7.406079150176063
0.01600361014323437	 0.2364540696144104	 7.3206137520016
0.01611325435784807	 0.22771169245243073	 7.40291904932007
0.01574885693872497	 0.2289157509803772	 7.022729470639742
0.015536919250225104	 0.22550688683986664	 6.802542385636318
0.015305088996739104	 0.2226051241159439	 6.567311277749005
0.015200559923953496	 0.21716850996017456	 6.460540546387513
0.015395549088828533	 0.21260900795459747	 6.632913878689144
0.01596438781410185	 0.214267298579216	 7.13848569530934
0.015773888572377114	 0.2135360836982727	 6.930327635908179
0.01563264012576474	 0.21356894075870514	 6.770988125926712
0.01587240160587213	 0.20974639058113098	 6.977886394880959
0.015640664979143203	 0.2151828110218048	 6.7241724915356285
0.015609574654011131	 0.2163930982351303	 6.670503597113337
0.015550791614731434	 0.21711492538452148	 6.592939361770745
0.01510054678175071	 0.2142990231513977	 6.158376620273707
0.014879193362381192	 0.21156445145606995	 5.946916999209743
0.014472366377547166	 0.20933380722999573	 5.566571995780302
0.014562852477069111	 0.20884279906749725	 5.655196280554904
0.014106731004636098	 0.2135205864906311	 5.225288388868219
0.013999005098245091	 0.2078234702348709	 5.144940471983895
0.013427027796015227	 0.2057727724313736	 4.629470648782479
0.013103132271704648	 0.2071273773908615	 4.351916653158136
0.013023067870542238	 0.20619650185108185	 4.309941042594906
0.013179043806042215	 0.20358486473560333	 4.490523655150965
0.013509109333643911	 0.2017744779586792	 4.826530106128314
0.013471445369868006	 0.2049385905265808	 4.8075449123113465
0.013188353426587184	 0.21660654246807098	 4.548941807776139
0.01330422486084355	 0.21621453762054443	 4.683414268591387
0.013410077191795794	 0.2162112146615982	 4.805040206051712
0.013316326639343899	 0.22146646678447723	 4.7313728213035855
0.013336743514169637	 0.2154512256383896	 4.781856115496984
0.013274656490662564	 0.2120179682970047	 4.750829146391302
0.013411602267638783	 0.21039894223213196	 4.90240804365582
0.013753167241603657	 0.2110944241285324	 5.233807000801059
0.013724422786884915	 0.21723096072673798	 5.208975468618524
0.014055485959598088	 0.21493810415267944	 5.5291425591286325
0.014199623311814822	 0.21661244332790375	 5.663778640919998
0.014229842908106116	 0.21425722539424896	 5.696878648329768
0.014246501188784023	 0.21648138761520386	 5.70935330582988
0.014417745567768021	 0.21617431938648224	 5.867822194365143
0.01415371291133538	 0.2187211662530899	 5.617741951658259
0.014230842633812198	 0.21338476240634918	 5.699652615824683
0.01460063503473731	 0.2033586949110031	 6.055884926536237
0.01431032342818885	 0.2049618363380432	 5.779390369143154
0.014250620766095238	 0.20355482399463654	 5.725693546836255
0.014593539166848468	 0.2066066414117813	 6.035788385050318
0.014607164980894509	 0.21025991439819336	 6.035663316697516
0.013942918509569103	 0.21845930814743042	 5.405340068052797
0.013536395291546915	 0.22165285050868988	 5.041069687162008
0.013712057813167462	 0.21466177701950073	 5.226152331907236
0.013890352286959064	 0.21286225318908691	 5.4030712309925
0.01402301828083974	 0.2087998241186142	 5.5385536491130205
0.014110257612485853	 0.20576393604278564	 5.627762598080576
0.014521367501307322	 0.20608128607273102	 6.005667554374525
0.014610774812528326	 0.21501946449279785	 6.0660549264284045
0.014719682496653055	 0.2147742360830307	 6.158856858463349
0.014734950940137074	 0.2148863822221756	 6.163024184548946
0.015034512870284355	 0.21601668000221252	 6.426230533020779
0.014732513523561273	 0.2164388746023178	 6.132718786983581
0.014496344190033586	 0.2121770828962326	 5.913742315065046
0.014516041179127163	 0.20997825264930725	 5.931233670619541
0.013997374952374719	 0.2137020230293274	 5.4451069472204265
0.013661645005970101	 0.20991306006908417	 5.14916426096663
0.01366848392042564	 0.20996545255184174	 5.168341610772248
0.013693520755564287	 0.20549792051315308	 5.21029111483465
0.013749580296510456	 0.20874468982219696	 5.2685687173449045
0.013883038996934355	 0.20926466584205627	 5.400503079864575
0.014173434867564177	 0.2096453458070755	 5.673224944324106
0.01390287538586624	 0.21347881853580475	 5.420645763072888
0.013668142702910975	 0.21620145440101624	 5.208371983459858
0.013940514382506927	 0.21199843287467957	 5.475686159480518
0.013893162129968557	 0.21056418120861053	 5.440086606398486
0.013651062061528938	 0.20589753985404968	 5.2315970551496065
0.013481459271685623	 0.2062758356332779	 5.087200481252312
0.013148006536072482	 0.20909757912158966	 4.7927740969942585
0.012933728178645788	 0.2068207561969757	 4.6205853315822
0.012712026259680497	 0.20315395295619965	 4.447585139696744
0.012251111097285342	 0.19837243854999542	 4.061480617195186
0.012084777961858478	 0.19824327528476715	 3.946823901199979
0.01216629357775552	 0.19618172943592072	 4.063246145204643
0.012424823061466863	 0.1952480673789978	 4.336709616426057
0.01273627975095163	 0.19838671386241913	 4.646984468070245
0.012906402689445352	 0.20503626763820648	 4.8172947796785675
0.013134109204430934	 0.21010231971740723	 5.03807685004969
0.01381146342174657	 0.20857292413711548	 5.672855203417036
0.01384380314393692	 0.2097720354795456	 5.701799420171809
0.013728512195574407	 0.2142624408006668	 5.590654939229804
0.014241441182712871	 0.21669813990592957	 6.057416103166172
0.014629241129915043	 0.20997969806194305	 6.41380383862684
0.014455664404382625	 0.21819686889648438	 6.2276657019818735
0.014249247573658167	 0.21713264286518097	 6.0303503402151355
0.014073941874011798	 0.20855066180229187	 5.877102144717467
0.014171624750260764	 0.20574530959129333	 5.966649871067855
0.013921000485738293	 0.2099144160747528	 5.727851886613979
0.013822249224161393	 0.21279959380626678	 5.634514467748105
0.013795228542070095	 0.2083529829978943	 5.618091657343764
0.013777280292739185	 0.20696884393692017	 5.606334017924522
0.014330767350744414	 0.20853424072265625	 6.108722055699603
0.01450954452248359	 0.21490652859210968	 6.253264036735229
0.01456828386927665	 0.22108732163906097	 6.2852256792833305
0.014408373529385003	 0.22584682703018188	 6.119845246435942
0.014138427823094544	 0.22140340507030487	 5.87256993474821
0.013853381161185497	 0.20954281091690063	 5.6279283440044345
0.01325563257392261	 0.20768311619758606	 5.089930735536538
0.013264019450761758	 0.2037772834300995	 5.116740594066672
0.013273441423415215	 0.20621506869792938	 5.135602844478579
0.01317775487768651	 0.18879163265228271	 5.0990840997162445
0.013720871211899941	 0.18566757440567017	 5.603417375366945
0.01358303598073153	 0.1885002851486206	 5.477881534061742
0.013738604119689588	 0.20027995109558105	 5.601716202917667
0.013771378686151676	 0.20494304597377777	 5.624997130376628
0.01374164282810526	 0.2001584768295288	 5.6096137229819805
0.01409156555058486	 0.20408576726913452	 5.921247023361094
0.014391204462732397	 0.21398451924324036	 6.170203472276538
0.014655832169221103	 0.21620260179042816	 6.3963197686074595
0.014918516600351893	 0.21440288424491882	 6.623245973591963
0.014617426473469721	 0.21339039504528046	 6.331721357257294
0.014586989455042556	 0.2118970900774002	 6.293419477775641
0.014871241329813783	 0.2097938358783722	 6.5427195610973286
0.01496321401417859	 0.21424876153469086	 6.601055447888499
0.014993566768524386	 0.21537478268146515	 6.606946410156644
0.014657538256794436	 0.2192508429288864	 6.27593237211663
0.014690658201960395	 0.21409955620765686	 6.302308437743478
0.014902158965593921	 0.20736736059188843	 6.492096627480898
0.014435693817098935	 0.20881450176239014	 6.049429942424631
0.013863501173327799	 0.21084937453269958	 5.520018640653348
0.013927561640814514	 0.21298348903656006	 5.579755171570316
0.013751082485812829	 0.212594673037529	 5.423510192628809
0.013963287530719007	 0.20849409699440002	 5.628733395634606
0.014174594799054583	 0.20587670803070068	 5.826246073977368
0.014440191022330344	 0.20283114910125732	 6.069445735896362
0.014368334566871343	 0.20770002901554108	 5.987686853711494
0.014154014597552613	 0.2019519805908203	 5.7979788048603345
0.014148338735479382	 0.2082170695066452	 5.782027125726742
0.014290111491931372	 0.20100414752960205	 5.919495459293939
0.014434110484607096	 0.20461887121200562	 6.041386104530097
0.014568408704952749	 0.20583556592464447	 6.154429681625329
0.014293292721077254	 0.21097010374069214	 5.887564173142148
0.014693282872050344	 0.2124200165271759	 6.245115772837385
0.015078525768487118	 0.20569820702075958	 6.593938694337309
0.015658662122447254	 0.20279081165790558	 7.106132455248823
0.015937919529877283	 0.20926471054553986	 7.318737119581645
0.01634150494832198	 0.21275630593299866	 7.604520127118019
0.014032301893952187	 0.20068742334842682	 5.531460573550953
0.013681744590119095	 0.1946277767419815	 5.228254815915747
0.013460435903533508	 0.20129713416099548	 5.030543910305075
0.013595574684098216	 0.19674690067768097	 5.17409475500114
0.0138884797518176	 0.20298807322978973	 5.442405835076658
0.013934431764189077	 0.2034798264503479	 5.4896810653078925
0.014170178737012634	 0.2030252367258072	 5.709141418183628
0.01390701264823157	 0.20562154054641724	 5.467224617572743
0.014049345084631393	 0.20592957735061646	 5.6015522783775875
0.014235378330043737	 0.20599085092544556	 5.772824887748975
0.014371523078098332	 0.20744705200195312	 5.893020431815117
0.01472834817316882	 0.20692458748817444	 6.204852263026105
0.014998357337594628	 0.20759794116020203	 6.4351128145814265
0.015524059094992465	 0.20886006951332092	 6.888581519701061
0.015334154903323799	 0.21815194189548492	 6.671791315444856
0.015158414359405691	 0.219088613986969	 6.490130140127861
0.014887047607002324	 0.21862933039665222	 6.230719555450777
0.014548725239724081	 0.2139998972415924	 5.924045275973056
0.01415717189986058	 0.21307334303855896	 5.568682979579781
0.01333793777547097	 0.2205984741449356	 4.821202255011741
0.01307841480783735	 0.21417959034442902	 4.617433730517175
0.013005065525751683	 0.21015501022338867	 4.581581612217833
0.013372492290614749	 0.2086525559425354	 4.9400475465699625
0.013583107761245284	 0.20397058129310608	 5.153803932578829
0.01389224562804654	 0.19905565679073334	 5.452892755746315
0.014370346501851114	 0.2048151046037674	 5.881433395343144
0.014826551198068192	 0.20999251306056976	 6.281855512164865
0.01530197018543127	 0.20822276175022125	 6.702697162529256
0.01583725724215879	 0.20875942707061768	 7.165125254456168
0.015634271311932412	 0.2205805629491806	 6.927735199663205
0.015844828525914102	 0.21569126844406128	 7.101563210476066
0.016411681323640168	 0.21699751913547516	 7.583342290795495
0.016805268444726757	 0.21924927830696106	 7.896175275956826
0.016930135329743246	 0.21151646971702576	 7.975778246875675
0.01689790379847218	 0.20398597419261932	 7.909998364581079
0.01671932740411206	 0.20772382616996765	 7.693065485262212
0.01613266734577853	 0.21452596783638	 7.1051155159723995
0.01609748345076776	 0.20926378667354584	 7.051253554869568
0.016150737309893637	 0.20617955923080444	 7.075051148193745
0.016154462614527847	 0.20861434936523438	 7.0448938898423785
0.016385763356687733	 0.21531417965888977	 7.215577585125329
0.016823710835275556	 0.211731418967247	 7.587023914540114
0.01704435373158862	 0.21365104615688324	 7.743774631044165
0.0170024443145281	 0.21935302019119263	 7.650196789519507
0.01717386034256673	 0.21274277567863464	 7.7752954987178295
0.017028731587022325	 0.20967021584510803	 7.603652541311446
0.01658217668856758	 0.21875697374343872	 7.139348424092503
0.016400400339710162	 0.2257785052061081	 6.928790387998982
0.01588974856336317	 0.21197885274887085	 6.405281583926442
0.016127286928138727	 0.21251600980758667	 6.572341332617766
0.016224718052440898	 0.21247105300426483	 6.643547117189019
0.016288979297306667	 0.20403318107128143	 6.710991137129393
0.016913265868713275	 0.20314648747444153	 7.249843885281376
0.01682226794291933	 0.20954623818397522	 7.110171677341987
0.016600104131952474	 0.2109227329492569	 6.874421475077754
0.01638091036977944	 0.21012641489505768	 6.653507050818714
0.016154434526500724	 0.21145351231098175	 6.423658739125297
0.015863879490383877	 0.2116284966468811	 6.1431109956967465
0.01613522959803043	 0.20819830894470215	 6.390290988300062
0.01604831275854757	 0.2057708203792572	 6.3016454540480416
0.01584946513098382	 0.2078814059495926	 6.101805047236141
0.015551549991463727	 0.20666661858558655	 5.822159495905958
0.015375188390057033	 0.1923965960741043	 5.684845979959948
0.0154764592516965	 0.19148972630500793	 5.780467414084274
0.015275515425071615	 0.19787031412124634	 5.583999602902543
0.015323592764828652	 0.19510281085968018	 5.635921183153165
0.015509398185132119	 0.19041530787944794	 5.8163092112088695
0.01537280090775167	 0.19666805863380432	 5.679091014347277
0.015473154227171819	 0.19950540363788605	 5.768273856814004
0.015314452712743716	 0.20894819498062134	 5.607309672501963
0.015224050877303136	 0.20219002664089203	 5.537761347169299
0.015284595139913105	 0.19141404330730438	 5.613766477997348
0.015163701150288417	 0.19239242374897003	 5.504481629893366
0.01488059776373729	 0.19809092581272125	 5.24327880357807
0.014866761809636485	 0.205477774143219	 5.231323847582806
0.014870087640107181	 0.20394374430179596	 5.2474321657213645
0.015011955063613544	 0.20378722250461578	 5.387124408882317
0.01526005972807345	 0.2048502117395401	 5.619988324985285
0.015862147395378022	 0.20120622217655182	 6.172712124867693
0.01608725108651697	 0.20278070867061615	 6.3640733830619585
0.01564481264448154	 0.21518738567829132	 5.930349085231033
0.015419547707260967	 0.21218420565128326	 5.727362541505443
0.015212522302615534	 0.21077077090740204	 5.542876399947731
0.015414285883513458	 0.20424968004226685	 5.738009136819696
0.01532880361400842	 0.20357109606266022	 5.6619736495953354
0.015012951668427723	 0.2060553878545761	 5.376239212293059
0.014626127520093712	 0.20544476807117462	 5.037954210208594
0.014553100730171296	 0.2019110769033432	 4.99247213230746
0.014655880022896943	 0.19601616263389587	 5.10796030999763
0.014564636586940006	 0.1936667263507843	 5.043048317073571
0.014533578511024256	 0.1948193609714508	 5.033310288700911
0.014559046029245439	 0.19664373993873596	 5.071836501951304
0.014523751862720783	 0.20078258216381073	 5.0415399077408685
0.014648595861196654	 0.20307236909866333	 5.164442635230041
0.014760101167681512	 0.2098742425441742	 5.2672142149415
0.014620684684615864	 0.20505878329277039	 5.159274155194102
0.014404534832345006	 0.19935834407806396	 4.986638847192307
0.014512290907357735	 0.20353963971138	 5.093378918593523
0.014464039837951463	 0.19939188659191132	 5.086364466097902
0.014453822037862886	 0.1974652111530304	 5.093594449007333
0.014731027979015711	 0.19676928222179413	 5.352483510795792
0.014732030825613696	 0.19205206632614136	 5.369419951425718
0.015224541897629118	 0.19218410551548004	 5.810373321474184
0.01542691405244802	 0.1967514008283615	 5.978767537347347
0.015318200903918543	 0.20069539546966553	 5.870233706488102
0.015399910015113536	 0.20524494349956512	 5.931368453019163
0.01566591715582312	 0.2022925764322281	 6.167645642323358
0.015567470701355357	 0.2062421590089798	 6.064063546830392
0.01587609258069541	 0.20646893978118896	 6.330193823394916
0.01576608218143182	 0.20955193042755127	 6.213821971008128
0.015385572637713743	 0.21329161524772644	 5.8599665661277385
0.014572683286561786	 0.21001295745372772	 5.140218230973729
0.014747999389181162	 0.20312979817390442	 5.317863862186683
0.014513430032902126	 0.19483934342861176	 5.1297349530716305
0.0146325139052234	 0.19219501316547394	 5.251572778178208
0.01439322992157708	 0.19338397681713104	 5.048738319998136
0.01461812035176936	 0.1953381597995758	 5.259664579178913
0.014292136950776052	 0.2016371637582779	 4.973000932585551
0.014224775619953861	 0.20731121301651	 4.922222270656045
0.014800455340277316	 0.20528261363506317	 5.452832042953693
0.015133329670591205	 0.2081417441368103	 5.749934343546575
0.015515724233018356	 0.21266458928585052	 6.082218493208249
0.015373096352185102	 0.2124449908733368	 5.948274537252779
0.015534996780813205	 0.20618832111358643	 6.0956584841110555
0.015929791687066035	 0.2014354169368744	 6.446362895054346
0.0163572872986726	 0.20063120126724243	 6.810971749764003
0.01659408705236458	 0.20161381363868713	 6.996513686785418
0.016579632121369793	 0.20218804478645325	 6.955322485502868
0.016661392207132527	 0.2017841935157776	 7.0017987353831925
0.016533197411050738	 0.1996224820613861	 6.864167084403841
0.016187784377370163	 0.1985599547624588	 6.534302339528168
0.015961053661252743	 0.20037014782428741	 6.313019995745837
0.015573484660051354	 0.20312783122062683	 5.952294331252303
0.015210269018661977	 0.1996687650680542	 5.629823797390104
0.01464738495513851	 0.2005222886800766	 5.131221202235025
0.014961520410172869	 0.20145179331302643	 5.4217058084320735
0.01569530035308456	 0.2040482610464096	 6.076422850024521
0.015921678408417	 0.21147900819778442	 6.259244853936455
0.016520644143521838	 0.20711788535118103	 6.787650751861912
0.016736301935169413	 0.20788395404815674	 6.954952744595798
0.017124501356535093	 0.21099404990673065	 7.269326013305957
0.017246924583191974	 0.21483571827411652	 7.337974575051958
0.01707196738314138	 0.21382464468479156	 7.149116505297511
0.01720453766967038	 0.21673302352428436	 7.231569334702052
0.0178161607020342	 0.20530499517917633	 7.764224520983146
0.018268296795507802	 0.20152489840984344	 8.130474442477386
0.01807493673620584	 0.20505161583423615	 7.899038491256895
0.01817420190464934	 0.2036377191543579	 7.943148763608726
0.01821516465116612	 0.202597513794899	 7.9327814471405365
0.01822824326883193	 0.20427988469600677	 7.893791084590546
0.018169023304685894	 0.20511075854301453	 7.792242867650428
0.01839143262581574	 0.20584841072559357	 7.945097037123977
0.017961617151228366	 0.2069166600704193	 7.510012165610386
0.017904850208117645	 0.21049782633781433	 7.413989419926827
0.017977017712469588	 0.21016749739646912	 7.442575431205127
0.017775982339682233	 0.21007631719112396	 7.2249674256322995
0.017157009606888173	 0.21631580591201782	 6.625965906701444
0.01670058852883253	 0.2149616926908493	 6.19808825080005
0.016229530467754452	 0.2106015682220459	 5.772650642034148
0.016429823068269032	 0.20785288512706757	 5.955198224123429
0.01678285731997536	 0.19876357913017273	 6.280119733423793
0.01757540053651803	 0.20430441200733185	 6.969393889448947
0.018172730924265988	 0.20610438287258148	 7.475631118276284
0.018961234666389607	 0.19194665551185608	 7.980628591878273
0.019444583840076777	 0.1954890489578247	 8.386102013046171
0.01987183602211495	 0.19468316435813904	 8.708541583384134
0.0198115715994789	 0.19295553863048553	 8.600191712286536
0.019407076961193294	 0.19337531924247742	 8.17850676123262
0.018980143110129168	 0.19815772771835327	 7.726108422646917
0.018792400656251592	 0.19456033408641815	 7.529170087322364
0.01858685039317871	 0.19050082564353943	 7.319770451312077
0.01811960086051891	 0.1956881880760193	 6.850101751737024
0.018070274123703597	 0.19546358287334442	 6.781947392122969
0.017774255446162884	 0.19362995028495789	 6.490784016904404
0.017376041082682283	 0.19475874304771423	 6.1168982474820535
0.016988246336966616	 0.20116527378559113	 5.743744674338728
0.01645932173853086	 0.20289961993694305	 5.2620414850100765
0.016180754048211274	 0.20221808552742004	 5.02161609414996
0.015991976498519387	 0.19614553451538086	 4.877031614159499
0.015205233979726045	 0.18966034054756165	 4.196714416429918
0.014371862215018398	 0.18690510094165802	 3.48427711576349
0.01370471955600753	 0.18140113353729248	 2.9425068143620416
0.013208268878113931	 0.1771152913570404	 2.5634974923702925
0.012952195536329805	 0.17506708204746246	 2.40521499210838
0.012857785435389197	 0.17125074565410614	 2.397671731189018
0.012771169241826271	 0.18050500750541687	 2.382729402232772
0.01332602533107937	 0.1864597201347351	 2.9427029166822116
0.013764798805724038	 0.19046567380428314	 3.3905969731832633
0.01414615723203958	 0.18559366464614868	 3.786803800813215
0.014441567335659319	 0.18618695437908173	 4.087808112587935
0.01464093199098157	 0.18543951213359833	 4.30043857985762
0.014999635862977326	 0.18920722603797913	 4.643559659438418
0.015659357041044198	 0.18631845712661743	 5.253324342245362
0.015958808699677588	 0.18602800369262695	 5.5280970848396755
0.016474823208610264	 0.18337789177894592	 5.990500284521612
0.016746848469205045	 0.19385305047035217	 6.207915830541827
0.017347572306748254	 0.20196840167045593	 6.712263677262757
0.01775825151248719	 0.2068474292755127	 7.043434961435664
0.018081742361147752	 0.20106391608715057	 7.309935586035184
0.01826890849032068	 0.2112155258655548	 7.422090934974351
0.01829692369663155	 0.21534496545791626	 7.4031649361301906
0.018283655744856995	 0.21470803022384644	 7.357055998645231
0.018005001709861437	 0.21474306285381317	 7.078023646520535
0.018095307837950343	 0.21257518231868744	 7.132093245374135
0.018237173180862102	 0.2073724865913391	 7.235292243145654
0.018284169651723595	 0.21021176874637604	 7.239293823307392
0.018152644863981906	 0.20849071443080902	 7.095405719048309
0.018303974831736458	 0.20352637767791748	 7.206901119931671
0.01814031109918348	 0.20464107394218445	 7.030983981924675
0.01762931082324072	 0.20505540072917938	 6.557573552940308
0.017587486710558865	 0.19872742891311646	 6.513997553163554
0.0173628688382594	 0.20275136828422546	 6.295273646462327
0.017066531829744633	 0.20257572829723358	 6.025323320986006
0.016905016311117835	 0.207639679312706	 5.870333882595929
0.01706657552223127	 0.19563108682632446	 6.027170811265504
0.016852729928481712	 0.1955031007528305	 5.834371267014014
0.01691756957864673	 0.1839945912361145	 5.906527813917735
0.016739119060260012	 0.17920832335948944	 5.754310521638793
0.016676965457725686	 0.18881648778915405	 5.685757278977209
0.016892240419966557	 0.19244049489498138	 5.8688203126758545
0.017534100733675787	 0.1841845065355301	 6.439566097920275
0.01762192055121575	 0.18589040637016296	 6.498483006136842
0.01727172527084334	 0.2010635882616043	 6.150459672115754
0.016887624620842857	 0.20634330809116364	 5.7955266151663185
0.016523935644181607	 0.20573696494102478	 5.476139076913481
0.01670315286167903	 0.19301928579807281	 5.657779002753058
0.016561711960066002	 0.18686123192310333	 5.544206617234086
0.016508097117776743	 0.18695718050003052	 5.501019179330114
0.0164054499428083	 0.18567943572998047	 5.41793979390571
0.016645774223755433	 0.18657633662223816	 5.633470207715002
0.016909912990512754	 0.1894996613264084	 5.862467326055853
0.016924414734886078	 0.20014835894107819	 5.856292835046161
0.01697553390395069	 0.19595350325107574	 5.905033064963372
0.01726880827721186	 0.19021791219711304	 6.167102262829388
0.017032138560682482	 0.19659940898418427	 5.940579797915824
0.016960476640818734	 0.20110514760017395	 5.853123020143349
0.01662130539094303	 0.20426854491233826	 5.570916603220357
0.01660336234309862	 0.20066098868846893	 5.563278326780541
0.016490103095364594	 0.19622576236724854	 5.487602259288504
0.01662519922373997	 0.20011065900325775	 5.59311684297064
0.016587097294800422	 0.20493951439857483	 5.545990966209256
0.016231898184411103	 0.2108410894870758	 5.2235768952441965
0.01583155641295034	 0.2088668942451477	 4.89342801449905
0.015676440803318134	 0.2075076699256897	 4.780024714107531
0.01553884900171811	 0.2029179185628891	 4.69212534007684
0.015581297292780454	 0.19709038734436035	 4.764629771282285
0.015844218911695827	 0.19535712897777557	 5.019128083908297
0.015649428443605246	 0.19492392241954803	 4.864789486655131
0.015936007463438387	 0.19014453887939453	 5.144633265253225
0.0157737418904577	 0.19801539182662964	 4.998549179284993
0.015774093510945376	 0.20092058181762695	 5.00871037582223
0.015587162488962431	 0.2001553773880005	 4.8615076566499305
0.015941010253157993	 0.194005087018013	 5.202301311325551
0.016029529150484105	 0.19033369421958923	 5.29825180878589
0.015706948561961753	 0.191048264503479	 5.022546214132934
0.01525664131114298	 0.19937682151794434	 4.627874205900475
0.015476024407424762	 0.1906091719865799	 4.858314770885922
0.01565173894391035	 0.17719613015651703	 5.052275447296314
0.015824796561089663	 0.18385347723960876	 5.2081819524189505
0.015573331736348135	 0.1863986700773239	 4.994992927457139
0.015680129697546813	 0.1841995120048523	 5.114621717604153
0.01610054712631865	 0.1849505603313446	 5.487625937277627
0.01662608555704026	 0.1798935830593109	 5.960499665175212
0.016857680703336278	 0.18523679673671722	 6.149207167203955
0.016688746824657385	 0.19310036301612854	 5.979158527731834
0.016254789926515474	 0.20698313415050507	 5.571374377676729
0.015958843029488516	 0.20937201380729675	 5.3117755833425155
0.016209806430931055	 0.19333796203136444	 5.564394227908939
0.01590075802969767	 0.1998790204524994	 5.288359266356007
0.015929211201172185	 0.19572679698467255	 5.328501350582043
0.015796815684589717	 0.19157908856868744	 5.227466763867509
0.01568137701401049	 0.1972622573375702	 5.129836950563236
0.015690288200689247	 0.1999138593673706	 5.146658036887181
0.016164705381751642	 0.1934002786874771	 5.580362906624465
0.01641404071791841	 0.19693812727928162	 5.794931022670693
0.016304076091736057	 0.20509544014930725	 5.685624925089292
0.016305801944958103	 0.2045184075832367	 5.688945307717808
0.016317369010645833	 0.2044214904308319	 5.70000353576604
0.016454395930811515	 0.20384904742240906	 5.820380003954197
0.016898187799635304	 0.20620210468769073	 6.199754209829607
0.017126098212891842	 0.19627156853675842	 6.4039331528023
0.016809835349877324	 0.18956221640110016	 6.124302172542347
0.016369934192958572	 0.19138185679912567	 5.731112770705725
0.01581238269339907	 0.1940499246120453	 5.2454753924151465
0.015614246629189078	 0.18551908433437347	 5.10332245976921
0.015542606555568645	 0.18244822323322296	 5.050604631243346
0.015416837732792354	 0.19282789528369904	 4.941898376053055
0.015490550078636003	 0.2017189860343933	 5.010023289962688
0.01593407563135078	 0.18608807027339935	 5.430996079959144
0.015962746224961164	 0.19873999059200287	 5.444023223872118
0.01632778966870807	 0.20208826661109924	 5.761089104935077
0.01656981587603933	 0.19667039811611176	 5.978861035047985
0.017026260880932894	 0.19078078866004944	 6.378905518299595
0.01695290535706342	 0.2000454068183899	 6.286334294876615
0.017119965660303552	 0.2014787793159485	 6.416353168789051
0.01748553965567387	 0.20013628900051117	 6.722266109847287
0.01735369133547163	 0.20791201293468475	 6.573178562028028
0.018009310621281402	 0.19622206687927246	 7.145880513450741
0.018184964820523543	 0.1836337447166443	 7.291322258073029
0.017566453979731046	 0.19402877986431122	 6.703029868632827
0.01740230754923049	 0.18812283873558044	 6.5500743087955975
0.016911099969732984	 0.1920679360628128	 6.100089303716634
0.01759077196943483	 0.1790490299463272	 6.701313517985393
0.017349336650970434	 0.19183292984962463	 6.451629729814333
0.017406081747837834	 0.19055253267288208	 6.4879317299070065
0.01755482969769177	 0.19542177021503448	 6.592909005374434
0.01787104054584125	 0.19545358419418335	 6.8494958380666535
0.01775065734219126	 0.20547398924827576	 6.7032490418141935
0.01737393552094544	 0.20603996515274048	 6.353679960092941
0.017045481413862702	 0.21288198232650757	 6.042693250955256
0.01748986313125605	 0.19771306216716766	 6.44803249685146
0.017276908031995983	 0.20661918818950653	 6.232749791236068
0.01765972911631647	 0.20041523873806	 6.565782529630774
0.01741328372605136	 0.20401670038700104	 6.327177611857438
0.01765970414918125	 0.1884719878435135	 6.5508392899826395
0.01683853715240673	 0.19515061378479004	 5.8135613502147825
0.017057017270631407	 0.19482795894145966	 6.001955574233595
0.017084373968750864	 0.1919127106666565	 6.0247034433733315
0.01731126593094991	 0.1946811079978943	 6.211038289466394
0.017009506892903314	 0.2023654580116272	 5.925504811507698
0.017011467853315344	 0.20719625055789948	 5.914974177627354
0.01771073489297529	 0.1969013512134552	 6.537209268038925
0.017797784890512654	 0.1966707557439804	 6.596178389257147
0.018258873782557045	 0.19699744880199432	 6.9787054104534345
0.01834100525445617	 0.19845886528491974	 7.0211970797539545
0.01801659686357629	 0.19311290979385376	 6.721273455687912
0.018429010244915677	 0.19060008227825165	 7.063841138163957
0.017836217633993862	 0.2013554722070694	 6.498922566755428
0.01807379865095875	 0.20066246390342712	 6.691133804046406
0.01805630293095369	 0.1907152533531189	 6.673761445565451
0.017667547990829372	 0.18830430507659912	 6.3190214552965545
0.01798653643277202	 0.18611709773540497	 6.587932984891108
0.017802453744798698	 0.1915639340877533	 6.399984392770143
0.017093879165188387	 0.20312225818634033	 5.7480965673138975
0.01792032983195373	 0.19616304337978363	 6.480055459320111
0.018322427625258264	 0.1916465163230896	 6.822948562364611
0.01807095447813833	 0.1986195296049118	 6.567461845474709
0.018846075835784296	 0.19787414371967316	 7.227974530250884
0.01933962408420863	 0.18861715495586395	 7.6454344780662105
0.018688302266548516	 0.1964416354894638	 7.019990109436622
0.01814113501464572	 0.2018119841814041	 6.504028512614966
0.01852648610200178	 0.20516391098499298	 6.818118859711505
0.01870212781767631	 0.19070684909820557	 6.975627271867482
0.01780456554831935	 0.19398465752601624	 6.158887214859661
0.017565007966482915	 0.19318972527980804	 5.942269434934503
0.01831759232340409	 0.19120264053344727	 6.5968492656156235
0.018673513400120172	 0.18030671775341034	 6.907877866580217
0.01805050015260976	 0.18639197945594788	 6.3293851289971865
0.018051326148666606	 0.19362804293632507	 6.304743020727633
0.018703147309031106	 0.19199404120445251	 6.863065147217745
0.018839153697544693	 0.19477702677249908	 6.952569160357445
0.01854313710059858	 0.19875672459602356	 6.660883655122327
0.01818352921024842	 0.20302411913871765	 6.318957099736374
0.01864174896233717	 0.19883568584918976	 6.713842816998865
0.01753089245680008	 0.20179970562458038	 5.685746350674537
0.018349675092161136	 0.1969827115535736	 6.355345311994571
0.01895766228545862	 0.20102420449256897	 6.843264277031897
0.01835786223191853	 0.19845299422740936	 6.358965615818641
0.018342001859270346	 0.1985180377960205	 6.337930454558781
0.01843950476408627	 0.19686828553676605	 6.415631293684772
0.01822601287141899	 0.2025410681962967	 6.18603129731318
0.01789747866144409	 0.19983910024166107	 5.910485680868784
0.017639882324411573	 0.1995580792427063	 5.684010571933465
0.017589675496079777	 0.20475482940673828	 5.624274041016496
0.017427410963396388	 0.20010510087013245	 5.498707843314982
0.017622519762461018	 0.20130734145641327	 5.671645804588
0.018066377170014754	 0.1933142989873886	 6.087175085597936
0.01807199061424994	 0.18961229920387268	 6.095107819081971
0.01796948596001171	 0.17779435217380524	 6.027943685115586
0.017593249957605365	 0.18377190828323364	 5.6748581184456475
0.01699426549714911	 0.18371692299842834	 5.148052002605789
0.01693220240047996	 0.16976778209209442	 5.138032570439325
0.016570606501987946	 0.18775616586208344	 4.794013245091681
0.01618022661747976	 0.19895301759243011	 4.460115652966068
0.016390196063486493	 0.19744469225406647	 4.659985505482391
0.0168367062291573	 0.19467563927173615	 5.081375999492088
0.01685906845993556	 0.2021515965461731	 5.098744108077559
0.01745557909341048	 0.1954714059829712	 5.651806685342799
0.017468998928590957	 0.20365776121616364	 5.647404400749753
0.01776924121317297	 0.1979404240846634	 5.925883052205735
0.018110566918758654	 0.20306697487831116	 6.210312771594557
0.018372332767372827	 0.19839610159397125	 6.440298294199301
0.01856302966558471	 0.1996404528617859	 6.58989218670903
0.018492872015617938	 0.20408089458942413	 6.500029968092859
0.018623065222814584	 0.20236501097679138	 6.601043912457901
0.018269301722700387	 0.21976223587989807	 6.234348359065814
0.018941071624105264	 0.21111531555652618	 6.830979650572694
0.01951703638588914	 0.2042374610900879	 7.327372300076319
0.019138253735690412	 0.1986209601163864	 6.975126391328348
0.01862982715526986	 0.20884259045124054	 6.481465210364801
0.01901159337812732	 0.198910191655159	 6.820309984397245
0.018998302539812148	 0.20692624151706696	 6.768558399965966
0.019122168658825253	 0.2081838846206665	 6.851683927112763
0.0194812418363628	 0.1984718292951584	 7.162432034975441
0.019979203025937177	 0.1949021965265274	 7.57493235476145
0.01987707703991644	 0.1969788372516632	 7.440816581602858
0.02012073963490188	 0.19576282799243927	 7.619225372619074
0.01988974369985113	 0.19968281686306	 7.367700165447779
0.020631065798193713	 0.18124157190322876	 7.800822799503816
0.02008559631148584	 0.1769786775112152	 7.358723779058567
0.01993676097665864	 0.17826828360557556	 7.2017435681984034
0.01976313327655848	 0.17754405736923218	 7.021058654586776
0.020030358605407313	 0.1802535355091095	 7.205779754651936
0.02028507331891658	 0.18142738938331604	 7.387860455365952
0.020201200389335896	 0.18615232408046722	 7.255615243348054
0.020185506464255844	 0.18563967943191528	 7.213077432325141
0.020295719721493095	 0.1851598024368286	 7.279615010271664
0.020330663307827377	 0.18284650146961212	 7.28676940575428
0.020225137630227586	 0.1869681179523468	 7.145659518885595
0.01998667652174621	 0.1864364743232727	 6.908094611249879
0.01969005863296023	 0.18742366135120392	 6.619329998467823
0.019474097074500818	 0.18628987669944763	 6.413508167326769
0.019539011626071502	 0.18912160396575928	 6.448105352202607
0.019727482288059647	 0.18341748416423798	 6.614210695793907
0.019513439037822936	 0.18727676570415497	 6.395368399147067
0.01971572692856047	 0.1868545413017273	 6.561022039561258
0.020002959255098523	 0.1856636255979538	 6.79926268057886
0.02012164885474279	 0.18455417454242706	 6.882895766671979
0.020243944124831673	 0.18469083309173584	 6.965793620846442
0.02005637644090063	 0.18549104034900665	 6.772353556632788
0.020138118841609248	 0.1861685961484909	 6.820525514811054
0.020178284720393607	 0.18510155379772186	 6.8349296248607025
0.020046884768328017	 0.1835608035326004	 6.699490312822944
0.019647849610277074	 0.18988755345344543	 6.317262605694285
0.019574483683434597	 0.18471136689186096	 6.251357047918961
0.019515521713019162	 0.1915302276611328	 6.175412022755608
0.019803430232802743	 0.19766420125961304	 6.4040837205280035
0.01964244006431285	 0.2029554396867752	 6.239030529632848
0.0195807670791315	 0.21158817410469055	 6.156789587874559
0.019574225689703996	 0.21074697375297546	 6.1437970502533785
0.019382141034892827	 0.20714294910430908	 5.975782896462032
0.01942726080942365	 0.19830156862735748	 6.027356592410928
0.01933517785354496	 0.1961064636707306	 5.945348180648382
0.018859214790693555	 0.19429685175418854	 5.534312860548351
0.018606503689785656	 0.18867801129817963	 5.331566132353618
0.018659019978125257	 0.18512342870235443	 5.394324946087327
0.0185294571910929	 0.1915009319782257	 5.275528224763202
0.018976949397415677	 0.19391046464443207	 5.663786533583038
0.01937874134331377	 0.19305254518985748	 6.011373949753098
0.01967007868300083	 0.18673087656497955	 6.268392450400862
0.019731876503858277	 0.18210184574127197	 6.319889648231054
0.01977533804449161	 0.18181340396404266	 6.34539448528377
0.019394156468717207	 0.19044938683509827	 5.9884572990498715
0.019555908134831292	 0.18804626166820526	 6.126411334958047
0.019833263878795436	 0.18125808238983154	 6.369467107558527
0.019748134270075372	 0.19096294045448303	 6.263768564114745
0.01938433814279214	 0.19437187910079956	 5.933437544991732
0.018856955264956194	 0.19487905502319336	 5.475835512950369
0.01848143914828201	 0.20148950815200806	 5.146760641506712
0.018505470015930774	 0.18722696602344513	 5.205285952210865
0.018174079149567843	 0.18861758708953857	 4.930305571865783
0.0180523456400214	 0.19700372219085693	 4.8921755095872514
0.017902919416327337	 0.1969044953584671	 4.770219901662987
0.017495917661546775	 0.19817201793193817	 4.438557147433803
0.017477408691970724	 0.20279555022716522	 4.435317816383439
0.017531872416857445	 0.20274938642978668	 4.5080529562008484
0.017944604129170882	 0.19426459074020386	 4.906936307293557
0.018088982830361405	 0.19652684032917023	 5.039322980118264
0.018423985608952757	 0.19592353701591492	 5.3392675500977615
0.01865751570822828	 0.19605766236782074	 5.54550647812413
0.018798709019083717	 0.18790142238140106	 5.692751999815228
0.018993544219958233	 0.1886879801750183	 5.8575726607146406
0.019234785002827378	 0.19460627436637878	 6.045227402919312
0.019489168901794987	 0.18595640361309052	 6.2794652495193235
0.019140230300561955	 0.18475185334682465	 5.9721886991387905
0.019116101644966917	 0.18293876945972443	 5.951016326967603
0.018699393916369777	 0.1844540685415268	 5.58572202482924
0.01867716276305142	 0.1831369400024414	 5.572544920318488
0.0185589163300573	 0.18240946531295776	 5.476007937281417
0.018595416201153597	 0.17635990679264069	 5.525060230952707
0.018428184248858833	 0.17996695637702942	 5.378749686267993
0.01827390191736458	 0.17879556119441986	 5.256138987311333
0.018231543091870108	 0.18414542078971863	 5.219917128104922
0.01835319961941629	 0.1822481006383896	 5.338209933250281
0.01818711823593622	 0.1919095665216446	 5.185565222911278
0.0186759830659123	 0.18230563402175903	 5.634838066932782
0.01854214673756821	 0.18693754076957703	 5.513128345818639
0.01875623992207536	 0.18781934678554535	 5.699626509323855
0.01924648002508311	 0.1882469803094864	 6.119808211632441
0.0190861036320007	 0.19219958782196045	 5.9660791708172045
0.019170681883151332	 0.1857094019651413	 6.046784686050075
0.018578659092232115	 0.1927177906036377	 5.51919355380161
0.01854282709200294	 0.19120171666145325	 5.495701345824323
0.018500357994994582	 0.19431020319461823	 5.458488653842315
0.01849366888335036	 0.19028131663799286	 5.465890150390904
0.018680206672953597	 0.18435139954090118	 5.641513438481608
0.018648250820467248	 0.1871061772108078	 5.611073258516622
0.018233935775661975	 0.19546256959438324	 5.244874335768185
0.018145812191310173	 0.1954619139432907	 5.179817542833722
0.018055260553058276	 0.20061427354812622	 5.104715818359892
0.017883359746477465	 0.1942974030971527	 4.982652748792686
0.01743877309051586	 0.1954842209815979	 4.617580959039284
0.017652320118940083	 0.19204801321029663	 4.828008159064705
0.017348221452263963	 0.1931249350309372	 4.586460188669001
0.017022532455406785	 0.18603026866912842	 4.345203639677885
0.01733893679885421	 0.18594896793365479	 4.643016583508412
0.017147804016073288	 0.18705172836780548	 4.501471689480588
0.01720931159398381	 0.19135448336601257	 4.571550948184734
0.017511041503705985	 0.18866193294525146	 4.855623676352937
0.01769658268849504	 0.19125066697597504	 5.026371120068141
0.01809739259374117	 0.19940169155597687	 5.366381883282896
0.018759647936032818	 0.19265171885490417	 5.9494736149070695
0.018461746320377635	 0.19747057557106018	 5.681818232991872
0.018571052438368575	 0.19382785260677338	 5.783054386177912
0.018666052387878745	 0.19215942919254303	 5.866036024006194
0.018401047053469843	 0.19940616190433502	 5.623590414971568
0.01831536608718035	 0.19917501509189606	 5.553363320617387
0.017911984567006614	 0.2005103975534439	 5.211265555156239
0.017488246509250585	 0.2034723460674286	 4.856094504059723
0.01765831223139276	 0.20315830409526825	 5.019363345979708
0.017915172037936303	 0.19456568360328674	 5.268299152545661
0.0179429604594356	 0.19360727071762085	 5.30314040284784
0.018273820774175116	 0.19426487386226654	 5.592226793430797
0.018557861468594276	 0.19028261303901672	 5.844588015756501
0.01885291891142904	 0.19374802708625793	 6.0866687409074665
0.019218872615314155	 0.19250385463237762	 6.393506944925266
0.019404091307939964	 0.20051635801792145	 6.520881776719
0.01946153444429621	 0.2036369889974594	 6.546649500163772
0.019603125148720556	 0.20439475774765015	 6.649328796430445
0.01957575492673619	 0.19799748063087463	 6.620957708438027
0.019528167567007836	 0.19473862648010254	 6.5689359520795785
0.019494684558083893	 0.19730132818222046	 6.51669562966769
0.019300970797699653	 0.19819720089435577	 6.332560408051335
0.019033712179337192	 0.19646099209785461	 6.094327052568848
0.018857931063824353	 0.19649769365787506	 5.935739166960045
0.018688707982495834	 0.19698765873908997	 5.785167798489095
0.018886006607378675	 0.19473972916603088	 5.957817981125083
0.019113398952579408	 0.1923438012599945	 6.153299816554627
0.019130782320475978	 0.19497773051261902	 6.15377034069745
0.019178067993987098	 0.1954786479473114	 6.184643402873834
0.018891245544585565	 0.19751374423503876	 5.923807888953903
0.018719900256763386	 0.20272420346736908	 5.76146309573763
0.01908619725875777	 0.19729232788085938	 6.087692965719005
0.019206414014839628	 0.1943560391664505	 6.1896018166473
0.019031621181762562	 0.19830964505672455	 6.021112888817647
0.01873850077250191	 0.19685712456703186	 5.765037257839308
0.018604853778266563	 0.19349603354930878	 5.65572751749035
0.01839608275475037	 0.19259291887283325	 5.478982256991985
0.018168940080901832	 0.1863366961479187	 5.300266259245099
0.018264913748685562	 0.1887100636959076	 5.387700573284303
0.01842868983334703	 0.18673531711101532	 5.539681085672018
0.0184330049865508	 0.1897902935743332	 5.541499433811056
0.018005954622188982	 0.18852739036083221	 5.179787793565336
0.018064804240495926	 0.18706850707530975	 5.24463573449318
0.0181017826483506	 0.1913231909275055	 5.278706539456982
0.01812389104658746	 0.19298091530799866	 5.304109379018093
0.018079803246979036	 0.19265897572040558	 5.275689720791578
0.01777102428274656	 0.19719700515270233	 5.013286602566138
0.01791223631895341	 0.1991191804409027	 5.146237904362234
0.018195059865530622	 0.20701517164707184	 5.386772881813034
0.018863594442329976	 0.20405684411525726	 5.976648660884827
0.019131556301667785	 0.19784003496170044	 6.2167191854720665
0.01923272313357717	 0.19234943389892578	 6.305858921856032
0.01917168264915471	 0.19251739978790283	 6.241086264791041
0.0191691047924433	 0.19653049111366272	 6.219317692996302
0.019467337222640144	 0.19346565008163452	 6.472696461726358
0.019178548611340072	 0.19698792695999146	 6.200423871932231
0.018739763693425095	 0.19869619607925415	 5.80869400563025
0.018092815285617597	 0.19489385187625885	 5.257852909447062
0.018022690925164446	 0.1913352608680725	 5.214321230008921
0.017913174667118743	 0.19539575278759003	 5.123337038985089
0.01799004431527036	 0.19875100255012512	 5.195947110449698
0.01829530707462609	 0.1963127702474594	 5.474298265041171
0.018938751761124452	 0.19340349733829498	 6.039185872925463
0.019114907383665586	 0.20214292407035828	 6.165830936951877
0.018772166873750794	 0.2121255248785019	 5.838680661034348
0.018853617991215186	 0.20595315098762512	 5.920449864393962
0.018582106637487005	 0.2034410834312439	 5.687692802806009
0.01841292724864512	 0.20110569894313812	 5.547594391062413
0.018281941334905256	 0.19071349501609802	 5.45962459019228
0.018134658123650865	 0.19108742475509644	 5.337936118555554
0.018652318382913424	 0.1878844052553177	 5.797277572105546
0.0188022751582309	 0.1912846714258194	 5.917921176581242
0.019010519791312887	 0.19363389909267426	 6.088241809364311
0.019174454001164076	 0.19513605535030365	 6.218612210346031
0.019326069010379046	 0.19380751252174377	 6.3420856380858535
0.01935156045543815	 0.19016267359256744	 6.359413069100268
0.01921824843693367	 0.1946815401315689	 6.221139683902899
0.019169882934824307	 0.195787250995636	 6.166668166362139
0.01882105252451056	 0.19734223186969757	 5.85307141426962
0.018680624872468524	 0.19457601010799408	 5.735129529065619
0.01863108799559845	 0.18481113016605377	 5.712359803320538
0.018563726664776257	 0.18605883419513702	 5.6522237822281145
0.01851649716731938	 0.18688450753688812	 5.611575353311609
0.01865555578811355	 0.17976199090480804	 5.747870108597416
0.01861070024909713	 0.17484626173973083	 5.717459677900814
0.019009369222498188	 0.17796850204467773	 6.051262254505972
0.0194023456890692	 0.18137811124324799	 6.37210143563041
0.01992823261938658	 0.18731655180454254	 6.793096689360135
0.02057178549680423	 0.19210533797740936	 7.309084392682619
0.02098969788967571	 0.19298845529556274	 7.632485653655719
0.02063700381518675	 0.1963922381401062	 7.279044310021014
0.020901518129269665	 0.19928708672523499	 7.465878215269432
0.020672251168332868	 0.19766373932361603	 7.23589572830432
0.020897304925201376	 0.1932344287633896	 7.410623502703844
0.020869743288513657	 0.19891250133514404	 7.335417959354631
0.020482700677746477	 0.19648247957229614	 6.9754797397814094
0.020100582834401342	 0.19345948100090027	 6.627860752959187
0.019681804914175587	 0.19580771028995514	 6.243251282975953
0.01946890807156437	 0.19707351922988892	 6.046653546418011
0.019370339902312413	 0.1911204606294632	 5.968494932835648
0.019552941206929377	 0.18965132534503937	 6.123197806844547
0.01933777859679699	 0.18762974441051483	 5.934858831467021
0.018888621914792916	 0.19126930832862854	 5.537592565605809
0.018560872088982827	 0.1847725659608841	 5.273987941214374
0.01799607803961507	 0.19497670233249664	 4.780519523367404
0.018086292621541503	 0.19113896787166595	 4.884435539219793
0.018210395928339194	 0.19260701537132263	 5.005715717326133
0.01823226297760227	 0.18376071751117706	 5.056613679893142
0.018239124778598428	 0.19330909848213196	 5.0580121990711975
0.01838091938129373	 0.19717344641685486	 5.185585258132844
0.018689563106877104	 0.20335054397583008	 5.44832472522941
0.018695677974411275	 0.2033768594264984	 5.459372024974971
0.01867655939061695	 0.20685595273971558	 5.4408564446089365
0.018795346778207492	 0.2065696269273758	 5.549400596642927
0.018964432540292304	 0.2094390094280243	 5.691620920488674
0.01923464560298907	 0.2017156183719635	 5.941771590035
0.0191666704967594	 0.19598858058452606	 5.8922542363722235
0.019587537333965184	 0.19058246910572052	 6.26126962557041
0.01950207483010886	 0.19651474058628082	 6.163460102399974
0.019746207639474267	 0.19044409692287445	 6.377559515687158
0.020067936224507255	 0.18787364661693573	 6.645645351302047
0.02063849352092151	 0.18116602301597595	 7.131198338810881
0.02127240284236063	 0.19365166127681732	 7.613947609556415
0.02169725401822853	 0.18842148780822754	 7.953235586975001
0.021123471800181752	 0.1954464465379715	 7.39430572543074
0.020932926785375786	 0.1881771981716156	 7.214521182533701
0.020627139716180447	 0.1957288384437561	 6.901179424170196
0.020161852184229976	 0.19605883955955505	 6.47534536086847
0.01952129536303867	 0.2008223831653595	 5.8969983339877325
0.019448663886090563	 0.18852125108242035	 5.858342498925091
0.018936394447440812	 0.19827167689800262	 5.394491906267038
0.01850236576878515	 0.20269684493541718	 5.018950195425913
0.017703904300898157	 0.202914297580719	 4.346854420509286
0.01795055671032613	 0.18972933292388916	 4.611973525512685
0.01837603622576372	 0.17939603328704834	 5.019960759859112
0.018912159681521094	 0.17931373417377472	 5.49475665477112
0.019206233003109287	 0.1891474723815918	 5.731719291504022
0.019777281319849526	 0.1828075647354126	 6.23654009087948
0.02002798048577766	 0.184329554438591	 6.437929281031177
0.01998150208297197	 0.17597419023513794	 6.403465057171182
0.02036782480800699	 0.18609893321990967	 6.6974060426522195
0.02138247878035417	 0.18445585668087006	 7.5542833268626675
0.022039141484356654	 0.18374861776828766	 8.084046155703232
0.022265720317068156	 0.18456174433231354	 8.228117005468109
0.02226817333810347	 0.19002075493335724	 8.161347504653769
0.022131940164778305	 0.19510802626609802	 7.978161223986101
0.022138512763124837	 0.20203666388988495	 7.918154521141964
0.022006548969922206	 0.20040620863437653	 7.761508230641223
0.021933782254324994	 0.20611359179019928	 7.641225260153704
0.022096470188009813	 0.20648930966854095	 7.740482783428182
0.022394835776261158	 0.21155349910259247	 7.943030980791039
0.022662308695867585	 0.20709143579006195	 8.140890329179673
0.022530215905799657	 0.20577779412269592	 7.978655426118047
0.022210201730718408	 0.20382878184318542	 7.657941313346412
0.022051169401748644	 0.20507243275642395	 7.476215175341311
0.022188101654859953	 0.19923058152198792	 7.573549317345513
0.021847475029060412	 0.2002590298652649	 7.236487070904461
0.02136746729030345	 0.1991511434316635	 6.791556405811306
0.021230553762543555	 0.19266122579574585	 6.666684155329465
0.02135134268214086	 0.19323939085006714	 6.750156959650062
0.021154743137044168	 0.19939202070236206	 6.5431925137518565
0.021739209208370285	 0.19680266082286835	 7.038888787524103
0.022026876379180077	 0.191000297665596	 7.276238771873936
0.021991841246683325	 0.18782463669776917	 7.220502606862853
0.02138369176700692	 0.1844085305929184	 6.670223711139347
0.021109664974405376	 0.18968449532985687	 6.400083354622118
0.020931199891856437	 0.18970967829227448	 6.230921121922283
0.020846380291732018	 0.19366051256656647	 6.137345101781404
0.021018830375287654	 0.19740234315395355	 6.269329248791025
0.021247148585086112	 0.18968628346920013	 6.475398788125977
0.02065190503372358	 0.18473418056964874	 5.954443564111134
0.020584899484578267	 0.17787563800811768	 5.907473112098864
0.02035933182084316	 0.1816500425338745	 5.699744292141543
0.02030957232035071	 0.18638218939304352	 5.646666133191466
0.020274836793476587	 0.19206179678440094	 5.6053474350444095
0.020369930369743834	 0.1875762641429901	 5.700891156794179
0.020821496380296588	 0.1867317110300064	 6.095089605244184
0.020631094926518136	 0.1877622753381729	 5.919829379653362
0.02089785836336541	 0.1830603927373886	 6.1583839058088214
0.020872776795442825	 0.17951340973377228	 6.13607559728767
0.020535764162466306	 0.18281057476997375	 5.827855570109786
0.020623169941680546	 0.18406519293785095	 5.898519796570848
0.020421656032134815	 0.18300218880176544	 5.723090789416536
0.02073721773476859	 0.18933714926242828	 5.98148382768927
0.020565004838997536	 0.18808767199516296	 5.83010072918096
0.020129573839580375	 0.1947663426399231	 5.435950243837126
0.020282320692258632	 0.1986498236656189	 5.565087568000686
0.020635318533559432	 0.20644676685333252	 5.855352393888442
0.020613690752675547	 0.20794875919818878	 5.830295010117351
0.02080168287790532	 0.19773375988006592	 6.016015442749075
0.020541654325783507	 0.1953858882188797	 5.791142544411059
0.020540732622374987	 0.1950182020664215	 5.7899416453729895
0.020492471149995705	 0.1976151168346405	 5.7409227437376416
0.020600418639711786	 0.19193992018699646	 5.847278199597597
0.02088339823088412	 0.19101430475711823	 6.090468147469772
0.020780743773834574	 0.18393312394618988	 6.012089753578115
0.02056279316693601	 0.18627916276454926	 5.8132207514481715
0.0205928785648755	 0.1835603415966034	 5.843784178382181
0.020388609948077216	 0.1832120716571808	 5.666967276788522
0.02020858025838786	 0.18195413053035736	 5.516825147761413
0.020475110668639752	 0.19033393263816833	 5.730582140898206
0.020249020775659633	 0.19799429178237915	 5.518180257292744
0.020307277424505117	 0.19742849469184875	 5.57406699002953
0.020727289137329637	 0.20177572965621948	 5.9278386112561
0.020979176322775295	 0.2008114606142044	 6.142871787293815
0.02108186614993307	 0.20205070078372955	 6.219530794898406
0.021260175187886882	 0.20367556810379028	 6.358660837599677
0.020649855648040984	 0.19928787648677826	 5.831007778302737
