0
0.41
0.611
0.694
0.575
0.368
0.16
0.444
1.228
2.11
2.408
2.18
2.345
3.179
4.244
4.747
4.543
4.067
3.776
3.803
3.824
3.933
4.229
4.779
4.892
4.581
4.402
4.585
4.737
4.202
3.375
2.845
2.535
2.072
1.356
1.021
1.47
2.391
3.57
4.542
5.115
4.94
4.164
3.073
2.136
1.819
2.178
2.863
3.489
4.218
5.134
5.742
5.578
4.613
3.368
2.251
1.63
1.746
3.236
5.607
8.579
10.673
10.051
7.369
4.252
2.851
1.718
-0.251
-1.384
-0.642
1.78
4.246
5.857
6.241
4.992
3.175
2.012
1.936
2.42
2.714
2.598
2.269
2.27
2.79
3.756
4.673
5.062
4.702
3.79
3.12
3.182
3.925
4.561
4.602
4.216
3.799
3.769
4.056
4.349
4.238
3.632
2.881
2.349
2.254
2.504
2.851
3.099
3.226
3.387
3.672
4.052
4.243
4.008
3.445
2.968
2.85
2.925
3.05
3.217
3.482
3.791
4.085
4.396
4.555
4.33
3.646
2.736
2.059
1.973
2.53
3.454
4.271
4.705
4.692
4.449
4.233
4.062
3.69
2.932
2.091
1.668
1.988
2.962
4.31
5.468
5.823
5.124
3.851
2.746
2.207
2.185
2.414
2.754
3.051
3.507
4.208
5.069
5.549
5.147
3.985
2.633
1.908
1.992
2.604
3.324
3.918
4.419
4.699
4.706
4.397
3.796
3.063
2.366
2.011
2.142
2.669
3.358
3.907
4.201
4.244
4.079
3.821
3.478
3.056
2.578
2.152
2.121
2.631
3.507
4.24
4.58
4.621
4.473
4.143
3.699
3.353
3.066
2.724
2.345
2.251
2.649
3.473
4.369
4.877
4.76
4.155
3.571
3.359
3.785
4.497
4.946
4.595
3.821
3.416
3.632
4.2
4.51
4.372
3.732
2.981
2.495
2.354
2.39
2.557
2.893
3.362
3.654
3.772
3.746
3.681
3.501
3.103
2.709
2.457
2.889
3.992
5.27
5.801
5.388
4.745
4.267
3.832
3.073
2.161
1.534
1.577
2.274
3.288
4.085
4.486
4.543
4.381
4.147
3.851
3.51
3.068
2.96
3.498
4.568
5.505
5.919
5.91
5.532
4.786
3.77
2.973
2.892
3.311
3.603
3.416
3.224
3.659
4.568
5.298
5.219
4.428
3.264
2.28
1.844
2.208
3.12
3.994
4.455
4.448
4.254
4.021
3.877
3.759
3.455
2.895
2.327
2.139
2.502
3.215
3.913
4.295
4.331
4.232
4.137
3.996
3.688
3.293
2.952
2.786
2.854
3.173
3.623
3.981
4.111
3.98
3.784
3.61
3.512
3.339
3.008
2.588
2.305
2.524
3.3
4.262
4.837
4.761
4.183
3.558
3.237
3.234
3.204
2.914
2.565
2.524
3.046
4.031
5.036
5.445
4.909
3.68
2.451
1.799
1.884
2.451
3.089
3.582
4.023
4.69
5.5
5.938
5.486
4.22
2.792
1.888
1.815
2.426
3.385
4.318
4.937
5.199
5.152
4.837
4.14
3.131
2.198
1.774
2.012
2.733
3.658
4.524
5.022
4.95
4.385
3.671
3.094
2.671
2.321
2.09
2.155
2.664
3.622
4.692
5.305
5.001
3.981
2.884
2.294
2.3
2.627
2.902
2.944
2.868
2.907
3.329
3.959
3.231
1.01
-1.252
-2.189
-2.213
-2.84
-3.753
-4.262
-4.159
-3.745
-3.49
-3.578
-3.937
-4.228
-4.026
-3.33
-2.543
-2.195
-2.338
-2.763
-3.236
-3.678
-3.986
-4.064
-3.984
-3.847
-3.694
-3.457
-3.167
-2.921
-2.969
-3.438
-4.18
-4.78
-4.932
-4.772
-4.448
-4.107
-3.661
-3.092
-2.471
-1.961
-1.867
-2.33
-3.283
-4.27
-4.78
-4.551
-3.841
-3.221
-3.06
-3.182
-3.097
-2.77
-2.654
-3.175
-3.978
-4.578
-4.849
-4.818
-4.336
-3.087
-1.747
-1.135
-1.666
-2.806
-3.707
-4.126
-4.379
-4.798
-5.204
-5.052
-4.267
-3.234
-2.262
-1.724
-1.766
-2.507
-3.632
-4.629
-5.227
-5.238
-4.77
-4.01
-3.279
-2.844
-2.632
-2.518
-2.715
-3.466
-4.646
-5.521
-5.575
-4.986
-4.13
-3.432
-2.975
-2.866
-2.925
-3.019
-3.07
-3.239
-3.588
-4.053
-4.417
-4.397
-3.941
-3.251
-2.797
-2.822
-3.172
-3.42
-3.333
-3.079
-3.167
-3.842
-4.734
-5.176
-4.853
-4.054
-3.217
-2.636
-2.525
-2.881
-3.397
-3.67
-3.625
-3.668
-4.007
-4.508
-4.73
-4.517
-3.932
-3.13
-2.416
-2.131
-2.536
-3.402
-4.201
-4.598
-4.621
-4.521
-4.414
-4.19
-3.771
-3.024
-2.308
-2.012
-2.479
-3.475
-4.471
-5.127
-5.185
-4.783
-4.097
-3.394
-2.739
-2.3
-2.285
-2.801
-3.593
-4.32
-4.897
-5.211
-5.155
-4.53
-3.576
-2.803
-2.467
-2.463
-2.567
-2.788
-3.218
-4.071
-5.388
-6.575
-6.584
-5.064
-2.984
-1.669
-1.612
-2.316
-3.075
-3.486
-3.72
-3.954
-4.286
-4.534
-4.619
-4.38
-3.619
-2.557
-1.747
-1.834
-2.677
-3.73
-4.385
-4.471
-4.133
-3.624
-3.238
-3.071
-3.051
-2.976
-2.852
-2.922
-3.291
-3.823
-4.272
-4.582
-4.723
-4.498
-3.877
-3.126
-2.682
-2.629
-2.796
-2.955
-3.059
-3.233
-3.547
-3.952
-4.188
-4.07
-3.718
-3.373
-3.189
-3.071
-2.867
-2.607
-2.444
-2.712
-3.508
-4.543
-5.146
-4.923
-4.037
-3.113
-2.693
-2.778
-3.037
-3.128
-3.171
-3.337
-3.725
-4.321
-5.024
-5.505
-5.223
-3.967
-2.276
-1.094
-1.102
-2.125
-3.468
-4.446
-4.728
-4.54
-4.265
-4.135
-3.959
-3.52
-2.866
-2.311
-2.233
-2.762
-3.751
-4.766
-5.405
-5.332
-4.512
-3.409
-2.594
-2.279
-2.236
-2.314
-2.608
-3.186
-3.912
-4.579
-4.938
-4.773
-4.06
-3.114
-2.409
-2.243
-2.469
-2.822
-3.162
-3.571
-4.125
-4.61
-4.761
-4.406
-3.675
-2.827
-2.24
-2.326
-3.132
-4.094
-4.533
-4.341
-3.996
-3.863
-3.972
-4.122
-4.013
-3.537
-2.817
-2.311
-2.343
-2.959
-3.813
-4.341
-4.319
-3.97
-3.72
-3.728
-3.869
-4.098
-4.187
-3.969
-3.418
-2.948
-3.082
-3.781
-4.589
-4.882
-4.594
-4.024
-3.589
-3.332
-3.144
-2.82
-2.336
-1.963
-2.066
-2.858
-3.974
-4.865
-5.12
-4.405
-3.106
-1.86
-1.405
-1.651
-2.063
-2.486
-2.818
-3.133
-3.715
-4.597
-5.376
-5.111
-3.852
-2.859
-2.788
-3.311
-3.396
-3.184
-3.353
-4.091
-4.664
-4.547
-3.888
-3.166
-2.653
-2.788
-3.85
-5.473
-6.482
-6.366
-5.65
-4.946
-4.611
-4.362
-4.218
-3.905
-3.367
-2.72
-2.228
-2.275
-3.004
-4.3
-5.527
-6.045
-5.525
-4.331
-3.093
-2.376
-2.278
-2.569
-2.947
-3.205
-3.487
-3.925
-4.564
-5.053
-5.095
-4.59
-3.714
-2.868
-2.453
-2.587
-3.077
-3.606
-4.01
-4.341
-4.53
-4.571
-4.319
-3.775
-3.156
-2.688
-2.643
-2.931
-3.234
-3.313
-3.222
-3.283
-3.681
-4.208
-4.582
-4.466
-3.861
-3.096
-2.57
-2.562
-2.962
-3.554
-4.083
-4.38
-4.365
-4.217
-4.143
-4.22
-4.122
-3.542
-2.615
-1.813
-1.707
-2.404
-3.621
-4.679
-5.065
-4.702
-4.015
-3.464
-3.185
-3.053
-2.938
-2.868
-2.899
-3.163
-3.774
-4.645
-5.378
-5.436
-4.661
-3.404
-2.351
-1.928
-2.007
-2.334
-2.725
-3.264
-4.031
-4.96
-5.714
-5.689
-4.775
-3.502
-2.599
-2.358
-2.516
-2.871
-3.426
-4.135
-4.821
-5.133
-4.972
-4.335
-3.351
-2.347
-1.639
-1.481
-1.884
-2.788
-3.85
-4.569
-4.618
-4.158
-3.615
-3.283
-3.166
-3.048
-2.742
-2.37
-2.256
-2.643
-3.221
-3.018
-1.47
0.626
1.942
2.158
2.06
2.307
2.731
3.045
3.121
3.095
3.273
3.711
4.255
4.523
4.255
3.537
2.727
2.385
2.6
3.09
3.46
3.672
3.924
4.253
4.461
4.335
3.896
3.304
2.825
2.582
2.576
2.708
2.88
3.202
3.665
4.241
4.773
5.007
4.762
4
3.077
2.345
2.089
2.31
2.891
3.528
3.984
4.288
4.533
4.781
4.807
4.371
3.418
2.252
1.513
1.697
2.765
4.158
5.156
5.371
4.871
4.017
3.22
2.685
2.439
2.388
2.416
2.523
2.881
3.631
4.591
5.202
5.012
3.986
2.67
1.74
1.569
2.023
2.718
3.354
3.806
4.226
4.661
4.945
4.684
3.934
3.08
2.477
2.263
2.544
3.334
4.256
4.74
4.639
4.391
4.227
4.025
3.451
2.738
2.324
2.409
2.903
3.522
4.023
4.211
4.086
3.898
3.864
3.956
3.88
3.48
2.868
2.458
2.517
3.219
4.396
5.481
5.852
5.271
4.31
3.547
3.336
3.456
3.608
3.533
3.194
2.882
2.95
3.639
4.584
5.107
5.183
4.937
4.782
4.639
4.417
4.107
3.417
2.757
2.634
3.225
4.342
5.132
5.262
4.445
2.828
1.182
0.208
0.556
1.754
3.096
4.032
4.504
4.6
4.437
4.1
3.572
2.824
2.253
2.394
3.264
4.225
4.741
4.932
4.979
4.935
4.615
4.083
3.366
3.143
3.554
5.188
7.267
8.8
8.732
6.838
4.289
1.564
-0.232
-0.627
0.641
2.349
3.207
3.067
2.593
2.725
3.523
4.536
5.09
4.647
3.514
2.283
1.661
1.859
2.503
3.194
3.643
3.816
3.961
4.335
4.928
5.287
4.995
4.098
3.107
2.601
2.841
3.541
4.133
4.234
3.987
3.699
3.545
3.454
3.23
2.858
2.458
2.325
2.556
2.997
3.392
3.614
3.733
3.786
3.838
3.864
3.888
3.733
3.363
2.886
2.634
2.811
3.377
4.064
4.481
4.464
4.03
3.558
3.3
3.298
3.25
2.898
2.375
2.135
2.583
3.665
4.825
5.383
4.999
3.92
2.822
2.248
2.384
2.898
3.399
3.589
3.568
3.69
4.129
4.69
4.873
4.347
3.289
2.157
1.573
1.786
2.693
3.876
4.734
5.094
5.018
4.765
4.263
3.478
2.68
2.161
2.088
2.424
3.084
3.898
4.535
4.818
4.669
4.146
3.463
2.797
2.326
2.055
2.057
2.491
3.296
4.191
4.673
4.574
3.977
3.249
2.72
2.523
2.604
2.701
2.815
2.97
3.463
4.298
5.18
5.896
0