0.01224401419
0.012230482
0.01209293181
0.01204000565
0.01195547317
0.01193361028
0.0118573128
0.01221503983
0.01240393181
0.01256205076
0.01259918521
0.01277594525
0.01285306041
0.01320740543
0.01324649564
0.01338080323
0.01349709598
0.0134138181
0.01279135101
0.01250186644
0.01230843876
0.01204078171
0.01192987041
0.01171814078
0.01184486564
0.01194789772
0.01198611409
0.01212546191
0.01214843791
0.01195558344
0.01224765315
0.01260494534
0.01310748071
0.01284038958
0.01261062016
0.01289788265
0.01299289197
0.01282016828
0.01244842013
0.01258840253
0.01279512313
0.01299940631
0.01288083842
0.01310094141
0.01303513324
0.01251213833
0.01250886036
0.01304121482
0.01313901005
0.01312020667
0.01346017271
0.01309951412
0.01263606895
0.01299946561
0.01306132584
0.01305848895
0.01317747816
0.0132332745
0.01364602598
0.01339189488
0.01381479757
0.01367493064
0.01420376786
0.01385438297
0.01416825211
0.0133046545
0.01310357128
0.01345851031
0.0135021175
0.01387265787
0.01426450041
0.01387877066
0.01389347214
0.01336393585
0.01347500215
0.01370496195
0.01343373043
0.01288413513
0.01279080277
0.01237873269
0.01220581031
0.01150260054
0.01123667455
0.0116019479
0.01265292697
0.01347728976
0.01405967628
0.01375993021
0.0132244507
0.01379624803
0.01381151648
0.01387244045
0.01403558611
0.01406324658
0.01395524499
0.01396169796
0.01403226652
0.01456451591
0.01479734901
0.01511160202
0.01544891218
0.01525361509
0.01493086805
0.01462545445
0.0142520158
0.01390398018
0.01417783116
0.0145911392
0.0149223501
0.01464219387
0.01460792544
0.01463296019
0.01465309099
0.01457964808
0.01430479009
0.01407168443
0.01392025355
0.01390056489
0.01364639945
0.01341147223
0.01323441259
0.01310772831
0.01333898223
0.01303991861
0.01303467031
0.01288255075
0.01318193583
0.01337173599
0.01317136953
0.01310720816
0.01332478634
0.01376314369
0.01398096842
0.01368066788
0.01412770548
0.01425830752
0.01432028323
0.01451731866
0.01448278079
0.01488924159
0.01483471129
0.01492133269
0.01507792032
0.01514108717
0.01496615597
0.01470335503
0.01452591672
0.01454200804
0.01442900367
0.01440440792
0.01407099991
0.0138731156
0.01395349105
0.01371301593
0.01352033934
0.01370915434
0.01336177827
0.01327090726
0.01349647492
0.01339132375
0.01370832419
0.01380174913
0.01405318482
0.01381869557
0.01320709854
0.01309977627
0.01311885741
0.01289748942
0.01278457243
0.01251587404
0.01260645897
0.01261259464
0.01273539134
0.01305481254
0.01341433825
0.01361048527
0.01359080596
0.0135255169
0.01327945434
0.01325977088
0.01340242268
0.01340592953
0.0134721819
0.01326318825
0.01294367654
0.01274796333
0.01292747183
0.01319389093
0.01325418864
0.01335166866
0.01311505304
0.01317177109
0.01317524984
0.01315881835
0.0131310008
0.01318279408
0.01327044433
0.01336959194
0.01370156537
0.01364778825
0.01339894913
0.01333657291
0.01346187151
0.01334722555
0.01327851703
0.01330888539
0.01303270623
0.012751569
0.01320311316
0.0130827414
0.01351114416
0.01348327875
0.01337691563
0.01326937386
0.01311644288
0.01312013177
0.01326226759
0.01315097554
0.01380563047
0.01330840269
0.0133936509
0.01378635064
0.01276675422
0.0129042784
0.01364042502
0.01332833895
0.01288174036
0.01350020959
0.01366647303
0.01312324642
0.012873883
0.01289537866
0.01348747843
0.01403695306
0.0144792209
0.01502861855
0.0153570841
0.01564907474
0.01578833414
0.0160654683
0.01632228338
0.01632728825
0.01598079018
0.01527647978
0.01479345726
0.01382553448
0.0137176182
0.0141953789
0.01418583521
0.013314942
0.01314845907
0.01353506787
0.01343044933
0.01304329541
0.01318521901
0.01254157875
0.01289923192
0.01304163926
0.01313284628
0.01328251074
0.01340196287
0.01318323724
0.01322762985
0.01285099854
0.01348744826
0.01351430666
0.01350242958
0.01341746122
0.01300844441
0.01265848736
0.01300749462
0.01342965767
0.01344784102
0.01367727027
0.01395277429
0.01432862746
0.01430344082
0.01464245915
0.01476110401
0.01462686509
0.01460652728
0.01441591568
0.01464706454
0.01453144382
0.01479263855
0.01469899618
0.01520024367
0.01527839705
0.0152652789
0.01560913461
0.01579300508
0.01542017293
0.01498355079
0.01503048484
0.01469707372
0.01428762934
0.01443321687
0.01407478451
0.01411120012
0.01445954471
0.01467018411
0.014698346
0.01503305957
0.01502310393
0.01531089386
0.01521960673
0.01500709688
0.01508327577
0.01455479121
0.01513180147
0.01543068409
0.01569129521
0.01597671326
0.01604247357
0.01614828117
0.01622346449
0.01629359718
0.0159689516
0.01555401133
0.01588286596
0.01580100912
0.01537215176
0.01517868975
0.0150206249
0.01486173405
0.01479273737
0.0146077954
0.01447278354
0.01428149783
0.01427950566
0.01410847974
0.01440524119
0.01478949373
0.01515531011
0.01524295516
0.01547878744
0.01533356505
0.0153230206
0.01508592436
0.01456348914
0.01481663716
0.01459964987
0.01453339022
0.01424882105
0.0139742533
0.01383669687
0.01401553854
0.01410710031
0.01455031481
0.01466485883
0.01478099866
0.01488708298
0.01476062028
0.01518538407
0.01559833632
0.01906418873
0.01967446458
0.01931709957
0.01851401502
0.01798887502
0.01741379139
0.0167018837
0.01574063755
0.01557145296
0.01540655023
0.01515566797
0.01512793157
0.01511506101
0.01499444998
0.01476582696
0.01446847463
0.01443419371
0.0143261838
0.01416497621
0.01435087526
0.0143791547
0.01469396531
0.01438422719
0.01384143127
0.0137557451
0.01400044071
0.01416085767
0.01432577704
0.01432017816
0.01443606104
0.0146135472
0.01425333386
0.01395743274
0.01388933488
0.01405547972
0.0134948583
0.01360245937
0.01358434467
0.01385021554
0.01413617662
0.01444301959
0.01478922013
0.01511591925
0.01532911882
0.0152174762
0.01493397542
0.01497734749
0.01525035896
0.01486283365
0.01151558241
0.01062012987
0.01101778455
0.01139841165
0.01173860759
0.01231044445
0.01270147556
0.01289070564
0.01303083473
0.01264194039
0.01235465501
0.01233724147
0.01266465008
0.01228398969
0.01271717157
0.01317942768
0.01385994544
0.01436557154
0.01480255466
0.01477267524
0.01555428597
0.0161093574
0.01629813495
0.01651483096
0.01638812379
0.01664364369
0.01564609637
0.01510038033
0.01537158168
0.01517867207
0.01524668671
0.01549546236
0.01591835674
0.01600010434
0.01597297755
0.01643829733
0.01621134503
0.01609767487
0.01650960243
0.01662594824
0.0162530339
0.01608269875
0.01602478644
0.01589800748
0.01597779204
0.01542801781
0.01502343162
0.01553502799
0.01561834748
0.01604455
0.01613052017
0.01563224481
0.01597563031
0.01576639011
0.01545365177
0.01601753764
0.01668551982
0.01667014943
0.01709235825
0.01750595445
0.01774982718
0.01686862567
0.01656407864
0.01688537134
0.01700570669
0.01659022235
0.01604385196
0.01596593578
0.01577722481
0.01584057891
0.01596966004
0.01624375861
0.01640908058
0.01658434675
0.01642343356
0.01575898527
0.01510673759
0.01504062774
0.01484104046
0.0146232022
0.01471656473
0.01495892383
0.0146748977
0.01391311919
0.01324732164
0.01307271606
0.01314967725
0.01307967981
0.01267229523
0.01256896353
0.0128456899
0.01306043431
0.01353847068
0.01421503324
0.01510705384
0.01523237846
0.01535054271
0.01568448022
0.01639444152
0.01728262343
0.01740154813
0.01654673376
0.01568835949
0.01561551579
0.01590236425
0.01600714195
0.01579843127
0.01545632638
0.01600692349
0.01650189903
0.01675024608
0.01664438127
0.01686117402
0.0164830582
0.01626678455
0.01654032449
0.01622743115
0.01595368524
0.01597841518
0.01599166129
0.01668312506
0.01669508848
0.0163452469
0.01637616245
0.01625627547
0.01633720852
0.01626186395
0.01637525635
0.01688763606
0.01698631242
0.01659449069
0.01634901277
0.01617902299
0.01632602428
0.01622552844
0.01616502995
0.01588580168
0.01589059641
0.01592893136
0.01605193403
0.01579778836
0.01542483762
0.01548568877
0.01536261536
0.01566388754
0.01591471986
0.01561692331
0.0157872231
0.01576788606
0.01591454093
0.01578444239
0.01595819492
0.01622962305
0.01626771978
0.01584695073
0.01568937482
0.01563013301
0.01601709136
0.01640202008
0.01664102943
0.01693063155
0.01687530438
0.01680953366
0.01658659275
0.01660115899
0.01620388506
0.01627517247
0.01602420283
0.01596926161
0.01597870543
0.0159602131
0.01598862258
0.01609700803
0.01604787999
0.01603396186
0.0156763607
0.01579479023
0.01625769548
0.01612164332
0.01614769652
0.01588024649
0.0156005636
0.01523523303
0.01546805365
0.01608007928
0.01616006358
0.01605145758
0.01620304034
0.01610994829
0.01616461384
0.01594604633
0.01572855658
0.01585053352
0.01597239602
0.01586165325
0.01596581198
0.01623499307
0.01671388145
0.01716165766
0.01765675595
0.0181233168
0.01844191825
0.01877915143
0.01817402922
0.0176422334
0.01719036258
0.01670338589
0.01651417141
0.01641828721
0.01635295238
0.01621469583
0.01638631784
0.01653833544
0.01687217829
0.01716293098
0.01714511589
0.01708070692
0.01666655416
0.01600931617
0.01560018493
0.01564200696
0.01575152842
0.01601205944
0.01647327941
0.01655335213
0.01660699402
0.01658225679
0.01686951617
0.01756444621
0.0175981019
0.01748685043
0.01747167457
0.01723086863
0.01758461965
0.01757123935
0.0179633378
0.01839143887
0.01861777011
0.01881217047
0.01850771498
0.0187008753
0.01825445252
0.01834992684
0.01788977214
0.01761892033
0.01714068214
0.01708496278
0.01690934395
0.01720443884
0.01731081132
0.01722185446
0.0172460861
0.01715876459
0.01723135445
0.01704709804
0.01678988037
0.01698764817
0.01651943532
0.0164024258
0.01675591258
0.01688389203
0.01703593669
0.01662608764
0.01651068434
0.01706404552
0.01730301637
0.01753469786
0.01749604666
0.01688278204
0.0164824205
0.01660616386
0.01643632909
0.01639169929
0.01624679628
0.01615918973
0.01609931229
0.01616744136
0.016040342
0.0162692459
0.01638293791
0.01645973162
0.01663654054
0.01659806723
0.0160794603
0.01603510722
0.01593246109
0.01576221852
0.01568672726
0.01581248776
0.01602616171
0.01612510646
0.01720070834
0.01791348468
0.01851505532
0.019465034
0.01957663086
0.01944468163
0.01961546932
0.01976307294
0.01986228609
0.02009789054
0.02033420656
0.02012975693
0.01982643537
0.01930367973
0.01908896861
0.01882699678
0.01828974148
0.01803825793
0.01759923791
0.01690844721
0.01664777992
0.01635687534
0.01648394662
0.0163741474
0.01657974551
0.01638036942
0.01648005382
0.01672340641
0.01684698645
0.01693084065
0.01736285531
0.01755352725
0.01760680503
0.01758455931
0.0176664432
0.01818079531
0.01853124858
0.0182343727
0.01795608277
0.01791849683
0.01798780976
0.01838722566
0.01844714471
0.01778372215
0.01777899296
0.01791559024
0.01781782726
0.01786741823
0.01794682828
0.01793051434
0.01768500418
0.01784661437
0.01847929197
0.01840563268
0.01884662927
0.0183527086
0.01769539675
0.01697420752
0.01721951587
0.01756768985
0.01804475563
0.01852840857
0.01851570238
0.0183265264
0.01804263551
0.01801803872
0.0177524737
0.01784486459
0.01805267229
0.01829153288
0.01825377425
0.01784550541
0.01790771727
0.01782564821
0.01748991098
0.01722990948
0.01722073614
0.01729119652
0.01768699115
0.01786518159
0.01766421488
0.01756027669
0.01777784447
0.01797009765
0.01792463042
0.01753227189
0.01755978567
0.01752881602
0.01766383413
0.01751440791
0.01758587841
0.01767496115
0.0175481281
0.01799105132
0.01794011004
0.01798606206
0.01835805781
0.01858064814
0.01856229105
0.01849961314
0.01796067048
0.01760597071
0.01723503815
0.01730612582
0.01736189408
0.01701935747
0.01614682683
0.01614352805
0.01625412206
0.01626095161
0.01649488014
0.01690742148
0.01732597053
0.01753957894
0.01783382495
0.01820889166
0.01815476291
0.01816083825
0.01835675744
0.01849634661
0.01887429078
0.01895152661
0.01870033851
0.01891835153
0.01916100088
0.01917330343
0.01932560296
0.01973652039
0.0198471248
0.01978828975
0.01933755389
0.01921827132
0.01865513135
0.0184592392
0.01860380308
0.01872804787
0.0185338847
0.01841993677
0.01800619389
0.01797869259
0.01830991701
0.01815266775
0.01810529469
0.01822405087
0.01856666654
0.01871238515
0.01917990516
0.01963471898
0.01976523052
0.01989215511
0.02015571027
0.01969830195
0.01960049944
0.01955407929
0.0191852398
0.01873593956
0.01844405294
0.01826462455
0.01846744715
0.01857348673
0.01909071007
0.01880379607
0.01839949909
0.01852761586
0.01846292394
0.01831375987
0.01837273848
0.01857871735
0.0185746914
0.01781609204
0.01799175456
0.0182974272
0.01845556487
0.01858194851
0.01879084853
0.01852420785
0.01785269386
0.01752261377
0.01791514083
0.01806332286
0.01779911855
0.01773862318
0.01766936851
0.01782254605
0.01802869136
0.01791134999
0.01798699
0.0180254165
0.01812444032
0.01818911561
0.01813726095
0.01836437449
0.01844208678
0.01882153938
0.01916124014
0.01925908843
0.01906227458
0.01901394653
0.01914667598
0.01921655691
0.01889788056
0.01825467514
0.01805815466
0.01756446493
0.01738271459
0.01764172157
0.01825205775
0.01873286236
0.0192868498
0.01956883487
0.0193314848
0.01937719338
0.01983714835
0.02019589487
0.02015198392
0.02012141375
0.02015861686
0.02035576984
0.02033755216
0.02028875389
0.02052556093
0.02062785752
0.02057826655
0.02035347495
0.02025708516
0.02009945931
0.02009751188
0.01989320373
0.01971096861
0.01943948014
0.01930820294
0.01926264208
0.01925826867
0.01954032032
0.01952266231
0.01941806042
0.01951087366
0.01948560068
0.01972117393
0.02008490555
0.01986903762
0.01999898948
0.02045617518
0.02073761305
0.02081634483
0.0207448015
0.02076641056
0.0208127454
0.02072053553
0.02049209248
0.02047104103
0.02067898189
0.02086078425
0.02154272826
0.02176312356
0.02124433146
0.0212244597
0.02110786942
0.02119467807
0.02139839117
0.02125637186
0.02109147642
0.02183562188
0.02209499089
0.02206576477
0.02227318965
0.02191505898
0.02181021366
0.0220993955
0.02218101099
0.02244526939
0.02223379775
0.02193983678
0.02202367018
0.02203868791
0.02152694487
0.02146032423
0.02145827692
0.02131560223
0.02065710652
0.02012161348
0.01987075619
0.02022506273
0.02092689514
0.02108643097
0.02082790045
0.02074323065
0.0205294454
0.0202089194
0.02021238983
0.01962636955
0.01941049746
0.018914388
0.01848671554
0.01792421014
0.01721271129
0.01714832
0.01722551006
0.01757462656
0.01800658088
0.01825713441
0.01861044434
0.01895692575
0.01920373629
0.01908225037
0.01953163176
0.01991314831
0.02014038045
0.01994035832
0.01996828407
0.02001503711
0.0197996061
0.01987309686
0.01969562006
0.0196049748
0.0198132444
0.01976498709
0.01952615147
0.01981752834
0.02022498159
0.02048005208
0.02063827298
0.02076519133
0.02127476016
0.02113993555
0.02082030004
0.02066641926
0.02060668539
0.02101566163
0.02117565311
0.02133572782
0.02148691423
0.02159750199
0.02122476763
0.02074847583
0.02014825758
0.02015723534
0.01995452717
0.01999402102
0.01978376861
0.01939419808
0.01909400573
0.01896458442
0.01890443859
0.01912288854
0.01971668608
0.02007194553
0.02026636461
0.02061649539
0.02122695641
0.02187741062
0.02224864696
0.02234477667
0.02253130822
0.02227610665
0.02237662017
0.02279601395
0.02267852901
0.02296645001
0.02281520119
0.02243545731
0.02234021185
0.02223845621
0.02261867655
0.02255089494
0.02196849489
0.02173580328
0.02188118482
0.02213472192
0.02248064574
0.02262962672
0.02218493707
0.0222895993
0.02267588458
0.02267332128
0.02285282666
0.0227823486
0.02220592403
0.02183633761
0.02130603773
0.0210550244
0.02084953655
0.02022225185
0.01997962747
0.01990061481
0.019729979
0.01984620102
0.01954957897
0.01938511004
0.01936626402
0.01929772299
0.01961526126
0.01985140042
0.01959436585
0.01989068205
0.02026652482
0.02044190022
0.02055678649
0.02111053882
0.02142895094
0.02117882186
0.02108660783
0.02062986321
0.02040696911
0.02042047425
0.02075322375
0.02130853653
0.02150967801
0.02112147235
0.02053397485
0.02050200652
0.02016411795
0.0199008832
0.02012285768
0.02046656983
0.02099746059
0.02111121294
0.02115147244
0.02120495413
0.02070132748
0.02031223756
0.01985717823
0.01947791497
0.01926244859
0.01930070656
0.01941713456
0.01916896955
0.01841780624
0.01819866762
0.01792009889
0.01773557095
0.0186974548
0.01925596546
0.01917229018
0.0196802299
0.02003704564
0.02077774564
0.02138245797
0.02136601504
0.02132596567
0.02115609136
0.02117219516
0.02070067833
0.02109906643
0.02190388827
0.02188287843
0.02196207418
0.02201539774
0.02169634272
0.0209893962
0.02047565578
0.01951138965
0.01913239894
0.01912771344
0.01935205564
0.01951249029
0.01922526836
0.01934572855
0.01990120361
0.02058776238
0.02157341911
0.02229228119
0.02282153036
0.02329640111
0.02343091987
0.02350250897
0.02349287166
0.02282725199
0.02175381706
0.02172615972
0.0209978455
0.02069054792
0.0205908167
0.02117257799
0.0216166289
0.02157331716
0.02198020032
0.02266598303
0.02303141866
0.02310436639
0.02353314781
0.0240190145
0.02463073636
0.02494104872
0.02434474407
0.02439817582
0.02429896891
0.02343217447
0.02293821427
0.02318166048
0.02344255248
0.02394655363
0.0246941404
0.02513133991
0.02564637029
0.02587329451
0.02574747887
0.02494128799
0.02441544267
0.02383953201
0.02342969024
0.0232182727
0.02278215927
0.02264058729
0.02264058729