5.424228425
5.426734649
5.305402562
5.288236627
5.214694614
5.219624492
5.141915154
5.492193361
5.677266595
5.819629594
5.855842953
6.00323965
6.070505174
6.392879782
6.398169687
6.516392066
6.619118111
6.533680641
5.910876671
5.629321703
5.45701819
5.217232408
5.111721468
4.9290133
5.074921015
5.187188683
5.246852359
5.388081242
5.418539029
5.249760501
5.52648091
5.855639565
6.330812487
6.05922413
5.84013109
6.122217902
6.195431459
6.013965779
5.646860414
5.775385146
5.963195313
6.169775447
6.054184968
6.258024527
6.181284771
5.66209204
5.674683873
6.187992321
6.24826191
6.210244166
6.539843596
6.180140335
5.715048166
6.077162332
6.128366894
6.111560986
6.227260748
6.263085545
6.641689306
6.352503953
6.768304013
6.60615593
7.102078055
6.71744855
7.011056222
6.120255058
5.946209088
6.285632455
6.303406732
6.639629321
6.998803166
6.564442598
6.584401322
6.087319582
6.180220476
6.380133131
6.078522298
5.511655453
5.428120115
5.060094041
4.923925568
4.267489444
4.044465857
4.427012003
5.493354796
6.310746302
6.863914519
6.536460679
5.978472473
6.525723015
6.512563517
6.556676825
6.704210732
6.69935553
6.578773853
6.562332222
6.61530474
7.107695203
7.276544764
7.533549908
7.824891779
7.586750707
7.228085028
6.901754981
6.520349326
6.172024249
6.42642785
6.807992573
7.104856879
6.782937618
6.713406899
6.716306542
6.715560382
6.634417127
6.369688709
6.1345086
5.988454871
5.969105704
5.723560099
5.481778081
5.318008966
5.196730305
5.455182235
5.163309127
5.185045521
5.049586478
5.361518181
5.532028238
5.336302337
5.272005669
5.481011886
5.908638798
6.12694925
5.828695835
6.256549206
6.365225105
6.395909957
6.57789291
6.510196325
6.883450682
6.814766906
6.889488569
7.027520317
7.058274989
6.855402586
6.570242491
6.369967381
6.365531097
6.245413266
6.230848874
5.894799317
5.684436776
5.759574928
5.535807002
5.344738987
5.538166909
5.215741909
5.137199591
5.358762428
5.263247848
5.576970883
5.658466879
5.905497518
5.681200784
5.11813031
5.044927682
5.06601202
4.887591997
4.790129144
4.54885681
4.671860624
4.691159703
4.829689903
5.167882622
5.553245538
5.765335358
5.746347432
5.666405076
5.416221622
5.396521535
5.55964588
5.577867611
5.645124635
5.449917829
5.145715774
4.963561611
5.147036885
5.409408432
5.475644268
5.574231522
5.362068846
5.437108644
5.448676252
5.427306564
5.421788378
5.4743098
5.551197695
5.64324011
5.961913059
5.914324551
5.679002374
5.597683659
5.722466055
5.625831931
5.566561675
5.606918682
5.351193971
5.082062965
5.538753394
5.422810174
5.832217177
5.79626124
5.687635126
5.595170757
5.442702721
5.452564907
5.59598613
5.48368507
6.11736695
5.613864833
5.716879264
6.102101326
5.112199277
5.276248886
5.988280625
5.663041588
5.255585287
5.849579822
6.016482324
5.48723434
5.245204006
5.279765371
5.875122301
6.40155139
6.794575653
7.283095675
7.546089528
7.77117735
7.841739579
8.055443145
8.243833119
8.175882147
7.789791285
7.083969857
6.596481346
5.634929743
5.537374
6.011871188
5.999898018
5.159524292
5.010890269
5.420131526
5.335041333
4.960788554
5.119975979
4.51845579
4.898193665
5.045291655
5.14171298
5.310324548
5.438636785
5.234741371
5.288738721
4.937703426
5.570448508
5.586948423
5.577300553
5.497706082
5.111652862
4.797557354
5.159193407
5.571510981
5.573105907
5.781872308
6.030859113
6.389678396
6.356846132
6.652402078
6.756772226
6.609422278
6.574073469
6.35902815
6.566844396
6.444964679
6.680974732
6.558308178
7.006181592
7.037417717
6.986940494
7.278667284
7.42808268
7.04141444
6.585926427
6.626299827
6.292667246
5.890610741
6.023778788
5.666612714
5.701152829
6.029517361
6.224545672
6.238349939
6.541441557
6.500149572
6.771748857
6.681176299
6.469835675
6.519727019
5.98987555
6.529267428
6.78797253
7.007112319
7.233075619
7.260410947
7.304071945
7.343937178
7.367786378
7.01080305
6.585147482
6.907534839
6.829732003
6.412954467
6.220649732
6.063569952
5.903667634
5.837843432
5.651062347
5.511116324
5.322580032
5.338208112
5.179161845
5.468216665
5.858288465
6.197436195
6.262993869
6.459333576
6.306095095
6.288535134
6.055568613
5.542459303
5.785803461
5.58149095
5.54623321
5.271111976
5.02018479
4.899665343
5.097016829
5.185471725
5.617793558
5.730831063
5.852001048
5.961126828
5.831454624
6.231744995
6.601212087
9.783304938
10.22748398
9.801930408
8.962701726
8.408270075
7.811425074
7.110836482
6.18180933
6.02495783
5.871126185
5.629246419
5.596864644
5.586742
5.473130151
5.255135405
4.979864817
4.976932086
4.887426251
4.755469122
4.963778052
4.998017942
5.313157407
5.041637655
4.545545534
4.492866865
4.743924888
4.930965823
5.112293382
5.110807133
5.231358454
5.392866018
5.056115835
4.792917076
4.760085722
4.94002569
4.439586229
4.564507961
4.558376576
4.839352041
5.122764517
5.42006717
5.742842482
6.049771755
6.239825867
6.102702989
5.84105696
5.903160682
6.143413345
5.775167794
2.734775262
1.989460315
2.440307442
2.864342433
3.221400134
3.803313431
4.202622075
4.408272392
4.573970657
4.255514453
4.016199195
4.033665962
4.363841556
4.03465467
4.475455954
4.931332832
5.559515348
6.021628948
6.404591279
6.330915698
7.046907733
7.518924196
7.655157632
7.814311968
7.641394649
7.844713899
6.883437932
6.364313199
6.618830332
6.428239519
6.482157943
6.674379502
7.052212817
7.077315128
7.006502155
7.407226622
7.138513623
7.008909418
7.380875449
7.459762009
7.08844439
6.910297271
6.835004302
6.687614891
6.766155995
6.219833145
5.825960724
6.307397384
6.347327581
6.739389546
6.798149815
6.313069173
6.63871195
6.429968013
6.084651862
6.604071052
7.225440378
7.138804437
7.489495492
7.842591987
8.022576275
7.135369308
6.815484532
7.085995236
7.1995828
6.806865136
6.264480725
6.163780059
5.958193186
6.018317672
6.146597124
6.40312203
6.547458802
6.696242178
6.522140353
5.87706086
5.257685949
5.201626792
5.020421266
4.828076157
4.947048946
5.198127914
4.947731054
4.256009262
3.697429106
3.588995755
3.706914266
3.691325345
3.363770722
3.336902883
3.665250719
3.917624387
4.378365574
5.014550643
5.820651997
5.89873897
5.995077422
6.297418022
6.976867027
7.794916052
7.859254613
6.992142973
6.163121932
6.095294814
6.359379677
6.445709018
6.226965683
5.896625557
6.40944041
6.852361482
7.039474059
6.901930441
7.083965608
6.679530375
6.450481651
6.719830313
6.421897461
6.147195145
6.158179304
6.145432653
6.779135783
6.762131344
6.424821996
6.432086282
6.311325502
6.373499651
6.287882471
6.377686405
6.835069871
6.906336976
6.509926153
6.27635554
6.122205153
6.246350671
6.132804392
6.054215932
5.794897024
5.795131375
5.831155918
5.943257232
5.713938336
5.364281828
5.439024133
5.343405734
5.630243323
5.86185352
5.584555125
5.754948613
5.743145439
5.870585841
5.732661554
5.881090368
6.125181294
6.163600956
5.754130205
5.610589985
5.568833547
5.941602808
6.27460519
6.468369461
6.725607742
6.648795131
6.55515597
6.32788613
6.335010169
5.950448662
6.022831061
5.792192876
5.737400795
5.747724398
5.724898209
5.762309432
5.861597919
5.800805592
5.795807108
5.471053773
5.578807445
6.008151315
5.881521429
5.90745247
5.661976685
5.395406241
5.064889744
5.303286114
5.878425076
5.9361338
5.823305146
5.95141946
5.855812597
5.912145569
5.709184524
5.514139214
5.633068289
5.739978053
5.653096832
5.744723365
5.98566876
6.414066725
6.797702969
7.216361994
7.603002914
7.84907247
8.130619546
7.523054488
6.996182802
6.559824176
6.111357598
5.942205687
5.847585406
5.800931268
5.672931094
5.818762008
5.959301802
6.248849002
6.484805021
6.474437705
6.395797031
5.99824663
5.394305518
5.036620654
5.104032799
5.219092041
5.467668428
5.892893542
5.968420863
6.00771904
5.972512905
6.212219153
6.841502392
6.841860597
6.695364271
6.655777709
6.42064617
6.729894065
6.681442828
7.021691889
7.376833798
7.535478146
7.66213596
7.333623896
7.494363443
7.035258163
7.107537349
6.665420722
6.416492808
5.967463422
5.926969811
5.779081341
6.062394552
6.163344748
6.066260136
6.08264409
5.983872269
6.042922138
5.839154828
5.588379424
5.782509185
5.345549503
5.240901898
5.582911023
5.70579675
5.855947986
5.478018138
5.389356211
5.895586762
6.117524804
6.321064441
6.286088408
5.721526221
5.348567536
5.458712077
5.310194622
5.27301168
5.148844912
5.078148811
5.031979768
5.115377592
5.018034039
5.240596512
5.363236353
5.451524897
5.647018267
5.618779533
5.149011265
5.123374681
5.04747003
4.899317459
4.84518138
4.979280457
5.173797262
5.271059156
6.239972792
6.865437803
7.364518208
8.164160935
8.214775976
8.026606997
8.127034456
8.209506713
8.231367568
8.374032917
8.525543512
8.281143559
7.950766398
7.433404157
7.217596893
6.966692777
6.467745333
6.260592678
5.871013866
5.246540295
5.02342655
4.763845058
4.885277322
4.803997767
5.004819293
4.857432614
4.967736223
5.203458497
5.336276231
5.427370919
5.806891443
5.962967033
5.996935841
5.973294279
6.043444268
6.486841328
6.792784626
6.509469593
6.240611491
6.196094443
6.244336221
6.60172936
6.633190122
6.012818914
6.007415476
6.13747017
6.034065963
6.06211588
6.116801714
6.100904677
5.870298669
6.005419846
6.561715987
6.477180101
6.874968497
6.404019365
5.802225058
5.16813458
5.406504539
5.720656206
6.148148943
6.561383888
6.540580649
6.346449066
6.08248138
6.065083522
5.818418374
5.897091832
6.074308223
6.277169699
6.186983274
5.851314386
5.901447367
5.821851075
5.500566262
5.262635863
5.282837438
5.379181354
5.731769076
5.893252355
5.716784552
5.627769276
5.811148624
5.94636512
5.883022856
5.527262284
5.574147131
5.540822486
5.666138547
5.541860675
5.618550039
5.705053019
5.583540007
5.991237338
5.935243751
5.967420924
6.289493181
6.473736472
6.438034314
6.363496612
5.867121569
5.556286034
5.228535309
5.306492356
5.376759521
5.096371452
4.337151909
4.366172928
4.493814592
4.521924919
4.745861019
5.128191027
5.509399366
5.712395624
5.978250264
6.29732331
6.237948021
6.238374831
6.40641327
6.497164324
6.803545361
6.845763823
6.59970216
6.781686934
6.97098335
6.95330075
7.051351302
7.375460475
7.431774018
7.37035635
6.942667511
6.81693921
6.288989872
6.107587334
6.223238525
6.326755051
6.140406848
6.038539282
5.659588851
5.639916692
5.958164044
5.811768501
5.765953414
5.863636047
6.151444434
6.259216319
6.647667694
7.018625286
7.100411489
7.169722427
7.377814917
6.946833623
6.843134352
6.802438567
6.466789107
6.05108558
5.782532256
5.614678384
5.79562497
5.892392054
6.35200793
6.087519934
5.719203349
5.845994124
5.779420118
5.641960285
5.691443639
5.88867036
5.884303289
5.212403313
5.375155489
5.655864728
5.800250678
5.911356909
6.082121353
5.827306726
5.239749569
4.968730395
5.343437912
5.474110663
5.233071162
5.182796112
5.114017625
5.263205349
5.4566017
5.371177587
5.448149872
5.488942191
5.588807449
5.646490673
5.590829185
5.791339861
5.858219859
6.186353682
6.471384458
6.529960768
6.344758822
6.292252578
6.403295668
6.463013986
6.167631071
5.58384175
5.42084308
4.997832161
4.841646681
5.095902749
5.657959927
6.066374883
6.548532811
6.762399694
6.527708323
6.554405559
6.931815706
7.224323263
7.148003033
7.101932344
7.107486958
7.258303606
7.21009522
7.125816757
7.290728487
7.339807494
7.258811772
7.023653519
6.930019215
6.755446258
6.731021502
6.535245816
6.365340459
6.132503257
6.022137721
5.974489714
5.972945181
6.223932472
6.201051642
6.085535233
6.139856183
6.095333671
6.287596514
6.603013435
6.394627096
6.503795375
6.884405087
7.094275247
7.124306223
7.01385751
6.990086631
7.004896909
6.89427638
6.691989247
6.665881532
6.835101442
6.965810013
7.542863251
7.717872732
7.221161948
7.187302423
7.047542789
7.114937024
7.260951898
7.088081935
6.907986542
7.527119209
7.720116677
7.63938627
7.786922606
7.430007883
7.302127921
7.532474077
7.575314845
7.761128776
7.537897551
7.216924802
7.257029244
7.227287869
6.756219132
6.676860227
6.643536189
6.51162429
5.915173316
5.442039737
5.238805485
5.56206225
6.197566728
6.316381056
6.073765451
5.997261868
5.791644639
5.487475977
5.515697711
5.001401466
4.837019152
4.425696964
4.08450564
3.634704291
3.062016607
3.042801312
3.162647758
3.518865497
3.946452642
4.208285364
4.535348214
4.874134703
5.106996191
5.026576026
5.428420643
5.762356181
5.956101023
5.775668675
5.769662966
5.808851252
5.622483621
5.712039847
5.562156962
5.48298323
5.668097142
5.615802785
5.406101406
5.653161188
5.999530098
6.241206476
6.379151405
6.49245969
6.915185258
6.755160908
6.447701612
6.267716717
6.174444261
6.534846933
6.666155347
6.782867798
6.873261861
6.94938356
6.616356286
6.175404737
5.640490428
5.664633477
5.507059495
5.554564827
5.373824665
5.04508341
4.829776723
4.750486726
4.713868716
4.933490869
5.463217573
5.766696538
5.928238101
6.207213384
6.739367689
7.287051113
7.577238834
7.613616118
7.739447023
7.491183307
7.537046965
7.860161055
7.674857112
7.889365122
7.74724376
7.366716618
7.224160553
7.083099843
7.395081635
7.317940568
6.767506247
6.534572511
6.658894704
6.888835906
7.162374358
7.271575422
6.844603601
6.908640419
7.207581103
7.146394144
7.260930041
7.150809178
6.607902637
6.282100792
5.799631407
5.586811212
5.430695552
4.911181649
4.737047342
4.688477108
4.57393514
4.696303594
4.43775756
4.313417761
4.317062957
4.287594181
4.607931268
4.838204569
4.61998215
4.888775897
5.262553901
5.420299093
5.54693505
6.038842846
6.325592401
6.090066836
6.013917816
5.615115516
5.447703633
5.486445681
5.784489637
6.267620791
6.412362517
6.023042341
5.475363775
5.438647106
5.145387925
4.945208438
5.156118304
5.464773035
5.930271373
6.014238379
6.049045023
6.100406224
5.672721635
5.33816622
4.939264959
4.608318919
4.435909766
4.506863289
4.63471077
4.447837098
3.821236454
3.660660224
3.473637199
3.390929983
4.256771814
4.780740214
4.744179274
5.187298573
5.481667584
6.112709065
6.634510018
6.635856628
6.585332656
6.42426526
6.401683137
5.934630551
6.221374642
6.876567672
6.831301428
6.925944172
6.996644826
6.720753147
6.068421511
5.634022694
4.82949198
4.524735617
4.553982487
4.7456124
4.904362388
4.695359207
4.839784012
5.312275857
5.885513295
6.700102298
7.286378415
7.710268455
8.109862449
8.180142971
8.193372896
8.125681167
7.490012765
6.533364327
6.48777327
5.845099825
5.595960023
5.513308056
6.010846356
6.411833101
6.340781527
6.647554769
7.189860253
7.455452007
7.468456688
7.788826559
8.176835945
8.658368532
8.870488708
8.279371959
8.299984559
8.125880913
7.382538979
6.914352279
7.088521495
7.261381744
7.65341396
8.234026182
8.593632302
8.996763424
9.155810298
8.994421731
8.287635577
7.789697787
7.244636549
6.873875667
6.655083155
6.221077757
6.094688294
6.094688294