0.2989690006
0.2948272526
0.2907497883
0.2791734934
0.2778613567
0.2703731656
0.2746897638
0.2812950611
0.2837582529
0.2895605862
0.2884253561
0.2984234095
0.2996225357
0.3085502386
0.3163839877
0.3169173598
0.315261364
0.3084550798
0.3039402962
0.3004535437
0.2935052216
0.2854015529
0.2881030738
0.2825370133
0.2810921371
0.2823013663
0.2778201997
0.2800737321
0.2793384194
0.2724429071
0.2808991373
0.2920838892
0.2999953032
0.2971323729
0.2906119227
0.2902049422
0.2944956124
0.2943282723
0.2911588252
0.2960171103
0.3026994765
0.2992566228
0.2943892181
0.2969954312
0.2966146469
0.292686373
0.2867329717
0.2926259637
0.3030469716
0.3062197268
0.3054979444
0.2988060713
0.2966108322
0.2962392569
0.2970021665
0.2987968922
0.2962982953
0.2994751036
0.3073917627
0.3137380779
0.3106532991
0.3107404411
0.3152386844
0.3176200986
0.3166134953
0.3160738051
0.3025953472
0.306261152
0.3118368685
0.320479244
0.3255558014
0.3346458972
0.3259069622
0.3053780496
0.3092560172
0.3172625601
0.3244213462
0.3296372294
0.3291991651
0.3152510822
0.3069188893
0.2959789634
0.2922073305
0.3007545769
0.3072648346
0.3126547933
0.3187654614
0.318620652
0.3195086122
0.3275105059
0.3316567838
0.3318952322
0.3310162127
0.3354926407
0.3317279816
0.3335216045
0.3332754672
0.3418218493
0.3561039865
0.3665111065
0.3701554239
0.3692294955
0.3675255179
0.3629870117
0.3560382128
0.3492578864
0.3538977802
0.3614035249
0.3661631346
0.3716065288
0.3773479164
0.37900576
0.3798175454
0.3749933243
0.3628315926
0.3579469323
0.3520120084
0.3494179249
0.3433173001
0.3463363945
0.343229115
0.3451502323
0.3389379382
0.3384645283
0.3322581053
0.3302105367
0.3307632208
0.3422267139
0.3424943686
0.3468188941
0.3552769125
0.3623283505
0.3607658446
0.3574954867
0.3637657464
0.3681026399
0.3758196533
0.3761519492
0.3828796744
0.3873277307
0.3839132488
0.3792075217
0.3758929372
0.3769624531
0.3772103786
0.3776698112
0.3809166253
0.3842446506
0.382665962
0.3739824593
0.3725432158
0.3783120215
0.3816497028
0.376229167
0.3795153797
0.3813174069
0.3754480481
0.3763715327
0.3833754361
0.3845338523
0.3899050057
0.3971772194
0.3999263644
0.3965746164
0.3810567558
0.3735077977
0.37955302
0.3694976568
0.3717108071
0.3706362247
0.3681986928
0.3730994463
0.3764059246
0.3760632277
0.3734579384
0.3669346273
0.3656263053
0.3699000776
0.3720680773
0.3749049008
0.3698852062
0.3655133247
0.3655569553
0.361220628
0.3630098403
0.3643987477
0.3679907322
0.3727317154
0.3731485009
0.3745167553
0.3682743907
0.3640400469
0.3631060421
0.3675315082
0.3613547385
0.3631476462
0.3691776693
0.3730664551
0.3766790032
0.3723872602
0.3672036231
0.3769350648
0.3775006235
0.371202141
0.3688282967
0.3654895425
0.3607708514
0.3626716137
0.3608699739
0.3619909585
0.3676693738
0.3704240918
0.3721482754
0.3673981726
0.3706276417
0.3709540963
0.3714934289
0.3749395311
0.3784743249
0.3840041459
0.3771243989
0.3757057488
0.3723407686
0.3651578426
0.3703661859
0.3770945072
0.3665649593
0.3741673529
0.3707765341
0.3680446148
0.370142132
0.3690145612
0.3653489649
0.3671293855
0.375987798
0.3850961328
0.39462924
0.4026725888
0.4113537371
0.4159710109
0.4206732213
0.4291161597
0.4269274473
0.4162732065
0.41156587
0.4134422839
0.4123888612
0.4109867513
0.4101936817
0.4049308598
0.4056847692
0.3989187181
0.3948252499
0.3977895379
0.3967662454
0.3916387558
0.3903920054
0.3952776194
0.3989590704
0.3955354095
0.3947111368
0.393268317
0.3934793472
0.3903679252
0.3936511874
0.3992637098
0.3999367058
0.400069356
0.3964479864
0.390342325
0.3907183707
0.396453768
0.4051322937
0.4139781594
0.423296541
0.4256277978
0.4236832261
0.4251725376
0.4217893779
0.419781357
0.4185265303
0.4219842851
0.424084872
0.4207290411
0.4226257503
0.4263269603
0.4370126426
0.4445866644
0.4490599334
0.4578739107
0.4576635361
0.4513140023
0.4514218271
0.4464116693
0.44120121
0.4366155565
0.439956069
0.440680325
0.4428762794
0.4500732422
0.4533186555
0.4556502998
0.4627337158
0.4701202214
0.4685816169
0.4599150419
0.452668041
0.456699729
0.4554307163
0.464750737
0.4727751911
0.4795117974
0.4918121696
0.4952058792
0.5047428608
0.5064655542
0.5124322772
0.5156827569
0.5141988993
0.5079408884
0.4969010651
0.4856227636
0.4802331626
0.4764682055
0.4756495357
0.4734767973
0.4753113091
0.4804314375
0.484939456
0.4808712006
0.4820997715
0.490110904
0.4876457155
0.4959372878
0.501624167
0.5133519769
0.5126984119
0.5116869807
0.5072135329
0.5074675679
0.5123346448
0.5101633668
0.4996374547
0.5017671585
0.5001538992
0.5028958917
0.5014395714
0.5093597174
0.5160000324
0.5177326798
0.5152980685
0.5122644305
0.5137099028
0.5190690756
0.529260397
0.5937409401
0.6187156439
0.6142004132
0.6037551761
0.5946784616
0.5875731707
0.573064208
0.558799088
0.5513575077
0.5457642078
0.5441728234
0.5488559008
0.5500870943
0.5508939028
0.5528967381
0.5527943969
0.547244072
0.5491456985
0.5474489331
0.5452444553
0.5510954261
0.5552960038
0.5467872024
0.5411702394
0.5400420427
0.5468728542
0.5424196124
0.5401185751
0.5452134013
0.5478619933
0.5582047105
0.5584073067
0.5568641424
0.5521230698
0.5528392792
0.5443652868
0.5487575531
0.5563866496
0.5568835735
0.5625001788
0.5677455664
0.5757789016
0.5792198181
0.5833513141
0.5935539007
0.5873388052
0.5777329206
0.5862583518
0.5823933482
0.5148083568
0.4944713712
0.4964073002
0.5053675175
0.5135033727
0.5204219222
0.5266951323
0.5299749374
0.5275107026
0.5138730407
0.511965096
0.5126315951
0.520416379
0.5195946097
0.5214669704
0.5253589749
0.5409438014
0.5502375364
0.5614838004
0.5766146779
0.58195436
0.5937014222
0.5964471698
0.599149704
0.6042893529
0.603358686
0.5945768356
0.5869596004
0.5808115602
0.5762569308
0.5737120509
0.5860741735
0.5864280462
0.5975637436
0.606025219
0.6123642325
0.6220989227
0.6198772192
0.6149346232
0.6164603829
0.6082463264
0.6025673747
0.6005458832
0.6023955941
0.5912002325
0.5923336744
0.5923599005
0.5936834812
0.6072427034
0.6081464291
0.6087772846
0.6037077308
0.5977006555
0.5931789875
0.6103488207
0.6156787276
0.6138433218
0.6331532598
0.6446049809
0.6473043561
0.6464121342
0.6486957669
0.650638938
0.6577420235
0.6433760524
0.6292468905
0.6313661337
0.6397070289
0.6493801475
0.6488944888
0.6447399855
0.6431604028
0.6421867609
0.643330574
0.6441013813
0.6440565586
0.644720912
0.6483894587
0.6521998048
0.6546557546
0.6515763998
0.6507856846
0.6486512423
0.6438096166
0.6255192757
0.6207162738
0.6204794049
0.6174740791
0.610909462
0.6011567712
0.5919613838
0.5878448486
0.6015940905
0.6168355346
0.6418045163
0.660315454
0.6672955155
0.6728634238
0.6645914316
0.6612000465
0.6615736485
0.6692014337
0.6652287841
0.6617117524
0.6607871652
0.6602525115
0.6645317078
0.6646788716
0.6650668979
0.6687578559
0.6801174283
0.6861433387
0.6847572923
0.6972318888
0.702272892
0.6892626286
0.6818474531
0.6850255728
0.6878868341
0.6973831654
0.7003872395
0.7046548128
0.7003586888
0.7049780488
0.7033089399
0.7050804496
0.707177341
0.7106918097
0.7158944607
0.7160493135
0.7157310843
0.7134993076
0.7063574195
0.7097130418
0.7149870992
0.7230692506
0.7199982405
0.7231406569
0.7241135836
0.7263732553
0.7208911777
0.7223037481
0.7187351584
0.7128946781
0.7170957327
0.7205863595
0.7189975977
0.7162364721
0.7133055925
0.7185656428
0.7249239683
0.7331012487
0.7382522821
0.7336075306
0.7370852828
0.7360163927
0.7316430807
0.7291610837
0.7415997386
0.7517106533
0.7527338266
0.755364418
0.7627953887
0.7646161914
0.7631998658
0.7643662691
0.7607076764
0.7565287352
0.7589440346
0.7594246268
0.7634716034
0.7593541741
0.7611632943
0.7685691118
0.765098691
0.760453105
0.7661408782
0.7709391713
0.7686133981
0.7671023607
0.7635843158
0.7680943608
0.7674671412
0.7652000189
0.7691319585
0.777119875
0.7817357779
0.7891421318
0.7927041054
0.7903968692
0.7891381979
0.7865379453
0.7876957655
0.7937098742
0.786449492
0.7912225127
0.7976141572
0.8057880402
0.8173843026
0.8284888268
0.8403862119
0.8489466906
0.8463613391
0.8425844908
0.839504838
0.8341750503
0.8226845264
0.8151803613
0.8162561059
0.8077781796
0.8065989614
0.8156492114
0.8162813187
0.8265992403
0.8408743143
0.8306991458
0.8329549432
0.8313387036
0.8233016133
0.8144182563
0.8072530031
0.8076325655
0.8105303645
0.8161476851
0.8136773705
0.8164644837
0.8198898435
0.8321778178
0.8363669515
0.8402762413
0.8513359427
0.8551756144
0.8524619341
0.8556734324
0.8648782372
0.8678029776
0.87605232
0.8857028484
0.8948247433
0.9001436234
0.8945738077
0.9017941356
0.8975244164
0.8949119449
0.8864498734
0.8852511644
0.8784192801
0.869979918
0.8632388115
0.8574853539
0.8604265451
0.8595356941
0.8651170731
0.8666713238
0.8819943666
0.8894549012
0.8866513968
0.8904277682
0.895337522
0.8940253258
0.8947425485
0.8909384608
0.8912807703
0.8860563636
0.8917626739
0.8892700672
0.8901726007
0.8836101294
0.8791082501
0.8833492994
0.8902567625
0.89058429
0.8946664929
0.8967221975
0.8996614218
0.9042019844
0.9025363326
0.9006494284
0.9029941559
0.8995581269
0.8947073817
0.8793545961
0.8758077621
0.8757485747
0.8739756942
0.8710234165
0.8752221465
0.8769958615
0.8764010072
0.8854474425
0.8884775639
0.8994134068
0.9061527848
0.9189232588
0.9356677532
0.9361838102
0.9438818097
0.9493635297
0.9516569972
0.9613068104
0.972358644
0.9779138565
0.9806765914
0.9835537672
0.9848881364
0.9796876311
0.9726769328
0.9676648974
0.9497439265
0.9400490522
0.9394810796
0.9391722083
0.9465907812
0.9561139345
0.9577121139
0.9631834626
0.9544928074
0.9553766251
0.9575442672
0.9540449977
0.9510548115
0.9621334672
0.9711934328
0.977399826
0.9777653217
0.9789346457
0.9902431369
0.9911763072
0.9871538877
0.9872727394
0.9885185361
0.992566824
0.9921754599
0.9957653284
0.9943040609
0.9930487275
0.9882547855
0.9920146465
0.9989001155
1.005925655
1.003851652
1.004400373
1.011116266
1.021618366
1.023232579
1.019808888
1.019108772
1.013498306
1.000976443
1.000012398
1.006229043
1.011237502
1.01736033
1.022562981
1.02246058
1.022472262
1.016996503
1.016281605
1.018995523
1.024537563
1.028970599
1.030879378
1.022506118
1.02355969
1.024847388
1.029937625
1.032556176
1.028006077
1.021988869
1.027622223
1.028619409
1.024973631
1.022945762
1.029982567
1.045508504
1.053312421
1.051493764
1.045750737
1.050520658
1.052950263
1.049233675
1.04685688
1.046281338
1.050150275
1.050161958
1.052758932
1.056035757
1.061889291
1.065566421
1.068233848
1.0707376
1.069807053
1.064921856
1.064481854
1.0645082
1.059155941
1.048802853
1.043064117
1.042507529
1.042038202
1.045128822
1.051611662
1.05655098
1.060964823
1.0583179
1.057871938
1.06413126
1.063349724
1.059213161
1.059101701
1.068823218
1.077926993
1.080784082
1.079942465
1.077829719
1.082058311
1.08294332
1.090725422
1.100288153
1.101851344
1.0933249
1.088482261
1.085562825
1.086451054
1.084155083
1.087842703
1.087126493
1.087664843
1.083650231
1.085589767
1.084431767
1.073838234
1.074245334
1.075086951
1.079032421
1.087150455
1.094384789
1.104501128
1.114027381
1.119091868
1.128105521
1.129056573
1.1247226
1.121556997
1.111228347
1.103830695
1.10408783
1.105670214
1.110027432
1.112371325
1.111625075
1.112035632
1.110035658
1.110329032
1.104806185
1.108358264
1.110475659
1.113777995
1.108350158
1.10732007
1.102691889
1.105667949
1.105813146
1.105183959
1.105378747
1.111537337
1.113130212
1.109480381
1.104681373
1.099815965
1.10379827
1.109108925
1.112610102
1.121917009
1.123115897
1.124453187
1.119166851
1.118842959
1.119108677
1.116529703
1.118211865
1.124044776
1.127146482
1.128448486
1.132976055
1.138047695
1.145228028
1.142860651
1.142158628
1.141018987
1.136033893
1.134344935
1.134958386
1.130862236
1.125514627
1.131032109
1.129588604
1.127993226
1.139805317
1.143673539
1.154271245
1.155281901
1.155169725
1.164392352
1.167717695
1.171364784
1.167484045
1.16761148
1.167543054
1.168052197
1.17324388
1.182903886
1.189071774
1.192033529
1.193807244
1.186081648
1.190402746
1.19288671
1.189977765
1.186033964
1.174974203
1.167321444
1.167744398
1.163965583
1.162552714
1.160298228
1.165634155
1.17628026
1.183217883
1.190283418
1.192282081
1.190786004
1.189032674
1.197318435
1.207588196
1.214753747
1.223873019
1.233407617
1.236136794
1.238879442
1.228904724
1.224784136
1.225723267
1.231681228
1.238803983
1.234476924
1.22949326
1.22365427
1.224927664
1.218676567
1.222873211
1.228753924
1.230644584
1.244926333
1.248010993
1.254977107
1.256750464
1.252901673
1.253135085
1.253682613
1.251618147
1.258999109
1.254982591
1.263950586
1.267590642
1.273912668
1.26535356
1.265562296
1.272522092
1.266687274
1.261035681
1.25567162
1.248317719
1.251869082
1.252043009
1.259674191
1.259161353
1.256548882
1.261056066
1.269393206
1.261045218
1.258595347
1.252642155
1.246094823
1.239575148
1.230718136
1.22153306
1.231965899
1.235742331
1.240807891
1.242370725
1.241984963
1.252078533
1.249507904
1.252055287
1.245105982
1.250104189
1.254826069
1.257957697
1.257512331
1.271994352
1.273760557
1.272105455
1.262989879
1.260080576
1.261680841
1.26359129
1.269383073
1.270852208
1.279744387
1.287949443
1.279097676
1.275195956
1.268751383
1.273157835
1.280637264
1.282590866
1.297598004
1.31271255
1.311569333
1.31023705
1.315083027
1.326669335
1.328197122
1.320729733
1.322990298
1.322567105
1.317973018
1.310047269
1.307326436
1.30742681
1.304101348
1.287319064
1.278873086
1.280176997
1.276896477
1.282186985
1.28960824
1.293992162
1.306761742
1.30813098
1.313363314
1.317024827
1.321688652
1.322680116
1.313625336
1.316437721
1.321844578
1.338824987
1.340622187
1.324925542
1.324832678
1.336953282
1.34705472
1.345345974
1.339897394
1.3431952
1.34679842
1.342384458
1.331488967
1.33539784
1.332342505
1.333285928
1.335909724
1.344466209
1.358051419
1.366105318
1.37511909
1.378798604
1.372640371
1.375982404
1.373665571
1.365299821
1.354618788
1.346295476
1.343227983
1.336614847
1.338397384
1.348124027
1.354145885
1.359111786
1.35797596
1.354286075
1.355772972
1.36146903
1.369794011
1.360459447
1.364093781
1.356323361
1.356592655
1.350811601
1.351273537
1.345098257
1.339997292
1.326424837
1.314035654
1.310702682
1.308778286
1.316349268
1.332079649
1.34418726
1.35139811
1.353278756
1.344519496
1.344870925
1.347041368
1.349428058
1.355280399
1.353005648
1.347499013
1.338793635
1.337584257
1.344196439
1.354676843
1.360101104
1.355690598
1.355677366
1.354279399
1.356776953
1.363417149
1.359485745
1.344584465
1.350452542
1.344412684
1.335964918
1.341836095
1.352215528
1.358067274
1.355151892
1.339525938
1.337371707
1.334387302
1.34306407
1.36244607
1.387710452
1.40526402
1.407635093
1.390186071
1.370293021
1.357993364
1.365638733
1.357152462
1.342525959
1.339265347
1.336783528
1.347233176
1.347317219
1.335127711
1.325130701
1.337359905
1.351993203
1.370806694
1.380809069
1.38440764
1.37514317
1.374442935
1.373431683
1.376891255
1.378252625
1.371965289
1.374507427
1.371665955
1.361944079
1.361208916
1.367283821
1.357320905
1.365998983
1.382089853
1.399187207
1.410778522
1.418374538
1.429013252
1.429750204
1.433690667
1.435576797
1.439174294
1.431255698
1.432988286
1.42323637
1.425654531
1.433235645
1.446745992
1.45718801
1.475863099
1.470704317
1.471532583
1.463604927
1.457741261
1.429728746
1.420321465
1.416306496
1.405581117
1.40803647
1.419806361
1.41550982
1.41550982