2.205192
2.205218
2.205236
2.205666
2.205675
2.205773
2.205595
2.205558
2.205494
2.205497
2.205471
2.205489
2.20544
2.205909
2.206358
2.20683
2.20721
2.207801
2.208389
2.208239
2.207726
2.207085
2.206656
2.206494
2.206266
2.205717
2.205101
2.204417
2.203155
2.201735
2.200924
2.200239
2.198588
2.196462
2.194746
2.193064
2.191404
2.189752
2.187806
2.185782
2.183643
2.180782
2.178048
2.175675
2.173699
2.17103
2.167997
2.164878
2.161669
2.158474
2.155182
2.151803
2.148723
2.145017
2.140993
2.136413
2.132375
2.128564
2.124521
2.120216
2.115933
2.111858
2.10762
2.102734
2.097347
2.092767
2.08855
2.083938
2.078526
2.072839
2.067432
2.062184
2.056978
2.051585
2.045935
2.040154
2.033524
2.027394
2.02171
2.01668
2.011133
2.0044
1.996789
1.989303
1.982093
1.974674
1.970655
1.96696
1.960222
1.954547
1.948356
1.941185
1.934344
1.927264
1.920327
1.912915
1.904329
1.89547
1.886844
1.877899
1.869342
1.861737
1.853896
1.845602
1.836801
1.827874
1.819204
1.810661
1.801813
1.793146
1.784472
1.775172
1.765657
1.756278
1.747503
1.738745
1.729911
1.72063
1.710956
1.701287
1.691423
1.681321
1.671316
1.661549
1.651507
1.641003
1.630583
1.620285
1.610118
1.599716
1.589645
1.579081
1.568628
1.557635
1.54615
1.535638
1.525404
1.514522
1.503658
1.491739
1.480596
1.469318
1.457974
1.447193
1.436001
1.425265
1.413962
1.401707
1.389386
1.377671
1.366158
1.354466
1.342572
1.330762
1.318563
1.306042
1.293638
1.281048
1.269162
1.256999
1.244401
1.231927
1.21906
1.206239
1.19436
1.182655
1.170013
1.157379
1.144454
1.131699
1.118434
1.105934
1.092965
1.079015
1.065545
1.051504
1.037897
1.025702
1.009239
0.995892
0.981404
0.967505
0.95318
0.938561
0.926891
0.914309
0.904129
0.889131
0.875125
0.860435
0.84589
0.83167
0.817031
0.802777
0.788484
0.774429
0.759849
0.74517
0.731024
0.71722
0.702732
0.688112
0.673623
0.65869
0.644585
0.629997
0.615474
0.600747
0.585448
0.570875
0.556388
0.54104
0.526439
0.512312
0.497175
0.482444
0.467791
0.452862
0.438342
0.423096
0.408499
0.393154
0.378446
0.363717
0.348629
0.333632
0.319047
0.303859
0.288866
0.274304
0.259379
0.244527
0.229652
0.214374
0.198943
0.183481
0.167973
0.152071
0.136341
0.120401
0.105263
0.09005
0.075359
0.060362
0.044764
0.029026
0.013635
-0.003282
-0.018647
-0.033007
-0.047313
-0.061384
-0.076104
-0.09059
-0.104331
-0.122189
-0.13654
-0.151947
-0.167527
-0.182513
-0.198489
-0.214213
-0.229065
-0.243593
-0.258577
-0.274039
-0.289226
-0.304158
-0.319066
-0.333857
-0.349165
-0.364472
-0.380129
-0.395875
-0.410976
-0.42577
-0.440924
-0.456227
-0.471304
-0.486377
-0.501389
-0.516123
-0.530762
-0.545437
-0.559951
-0.575136
-0.590786
-0.606032
-0.620279
-0.635325
-0.649751
-0.664659
-0.680142
-0.694878
-0.708735
-0.722903
-0.737151
-0.752444
-0.768635
-0.781684
-0.796399
-0.811102
-0.824995
-0.83937
-0.85369
-0.868052
-0.881918
-0.895886
-0.910787
-0.925626
-0.940471
-0.955031
-0.969812
-0.984607
-0.998833
-1.011254
-1.025071
-1.037461
-1.051338
-1.064046
-1.075292
-1.087923
-1.101485
-1.116509
-1.129871
-1.143496
-1.157069
-1.170631
-1.183507
-1.196351
-1.208986
-1.222977
-1.235024
-1.24948
-1.264061
-1.277984
-1.29121
-1.30351
-1.315919
-1.32814
-1.340875
-1.353459
-1.36595
-1.378562
-1.390835
-1.403555
-1.415959
-1.427981
-1.439703
-1.452041
-1.464955
-1.476692
-1.488131
-1.500631
-1.511743
-1.522518
-1.534176
-1.545563
-1.55671
-1.567345
-1.577949
-1.588911
-1.60096
-1.612536
-1.623557
-1.635331
-1.646822
-1.657305
-1.667696
-1.678302
-1.689273
-1.699778
-1.709693
-1.719688
-1.730041
-1.740484
-1.751212
-1.761507
-1.771596
-1.781736
-1.791118
-1.800534
-1.810404
-1.820339
-1.830197
-1.839267
-1.847637
-1.856185
-1.86521
-1.874744
-1.883804
-1.892878
-1.902211
-1.911009
-1.919319
-1.927759
-1.936241
-1.945613
-1.954857
-1.961242
-1.969147
-1.976734
-1.984962
-1.992741
-2.000206
-2.007737
-2.015192
-2.022474
-2.030018
-2.036575
-2.043032
-2.050498
-2.057193
-2.062228
-2.070786
-2.079284
-2.087053
-2.094459
-2.10206
-2.10953
-2.113658
-2.117632
-2.122076
-2.128709
-2.135938
-2.141871
-2.14768
-2.154494
-2.161325
-2.167229
-2.173275
-2.178899
-2.184791
-2.190563
-2.195566
-2.200732
-2.206304
-2.211458
-2.216063
-2.220535
-2.224933
-2.230218
-2.234903
-2.239718
-2.244268
-2.248465
-2.25327
-2.257808
-2.261004
-2.265218
-2.269489
-2.272682
-2.275079
-2.277824
-2.281304
-2.284859
-2.287714
-2.290228
-2.293244
-2.296028
-2.298129
-2.300671
-2.303701
-2.306501
-2.308483
-2.31011
-2.311957
-2.314359
-2.316809
-2.318934
-2.320668
-2.322141
-2.323874
-2.32492
-2.325604
-2.325906
-2.327286
-2.327839
-2.328574
-2.329137
-2.329448
-2.330145
-2.331304
-2.332012
-2.332212
-2.331794
-2.331745
-2.331772
-2.331446
-2.331224
-2.330916
-2.330489
-2.329893
-2.329745
-2.329149
-2.327908
-2.32645
-2.325184
-2.324515
-2.323089
-2.321205
-2.319369
-2.317728
-2.316093
-2.314106
-2.311828
-2.309653
-2.308266
-2.305882
-2.30322
-2.300496
-2.298591
-2.296093
-2.293055
-2.289845
-2.28689
-2.283499
-2.279923
-2.27648
-2.27298
-2.269866
-2.266674
-2.262546
-2.258444
-2.254621
-2.251185
-2.247344
-2.242789
-2.238623
-2.234473
-2.229879
-2.225126
-2.219925
-2.215406
-2.211463
-2.207002
-2.201978
-2.196261
-2.190447
-2.18518
-2.179809
-2.174166
-2.168679
-2.163312
-2.157388
-2.150698
-2.144274
-2.138554
-2.133533
-2.125707
-2.117496
-2.110541
-2.103337
-2.095679
-2.089655
-2.084334
-2.079853
-2.074879
-2.066149
-2.059184
-2.051493
-2.044164
-2.037278
-2.030072
-2.022999
-2.01559
-2.008707
-1.999203
-1.991156
-1.983391
-1.975208
-1.966368
-1.957227
-1.948351
-1.939973
-1.930727
-1.921537
-1.913205
-1.904315
-1.895419
-1.886614
-1.877569
-1.868295
-1.859075
-1.849072
-1.839049
-1.829264
-1.819805
-1.809975
-1.800061
-1.790956
-1.781182
-1.770859
-1.760646
-1.750479
-1.740472
-1.730116
-1.719491
-1.70899
-1.698471
-1.687926
-1.676913
-1.665894
-1.655448
-1.644524
-1.633694
-1.623319
-1.612545
-1.601194
-1.589987
-1.578873
-1.56752
-1.555835
-1.544515
-1.532491
-1.52047
-1.508497
-1.496571
-1.48513
-1.473691
-1.461727
-1.449742
-1.437998
-1.425266
-1.412592
-1.400576
-1.38843
-1.376725
-1.363773
-1.350923
-1.337896
-1.325318
-1.312061
-1.299729
-1.287169
-1.275352
-1.262594
-1.249147
-1.23527
-1.222817
-1.209513
-1.196879
-1.183478
-1.170094
-1.157054
-1.143438
-1.129568
-1.11856
-1.101816
-1.089811
-1.074335
-1.059572
-1.043594
-1.028259
-1.015484
-1.001908
-0.98934
-0.97691
-0.961803
-0.94707
-0.933787
-0.920075
-0.906443
-0.892698
-0.877942
-0.86346
-0.848845
-0.834719
-0.820955
-0.806034
-0.791838
-0.777558
-0.762662
-0.748328
-0.73432
-0.720252
-0.705589
-0.690882
-0.675771
-0.660544
-0.646208
-0.631444
-0.616682
-0.602478
-0.587853
-0.57248
-0.557671
-0.543605
-0.528444
-0.512741
-0.498013
-0.483396
-0.467747
-0.452177
-0.43675
-0.421974
-0.407595
-0.392177
-0.37729
-0.362593
-0.348086
-0.332974
-0.317134
-0.302261
-0.287292
-0.271869
-0.257445
-0.241997
-0.22583
-0.210997
-0.195996
-0.181026
-0.16654
-0.152006
-0.136448
-0.120461
-0.104456
-0.087719
-0.072153
-0.058118
-0.043405
-0.028437
-0.013271
0.001036
0.016301
0.033997
0.048561
0.063628
0.080157
0.09507
0.110741
0.126298
0.141098
0.156373
0.172251
0.187578
0.202811
0.217752
0.232531
0.246677
0.261424
0.277133
0.292404
0.30815
0.323745
0.338172
0.352816
0.366924
0.38148
0.397356
0.412689
0.428037
0.443558
0.458116
0.472221
0.488548
0.503703
0.517641
0.532625
0.547653
0.562265
0.577773
0.592951
0.608118
0.623449
0.638274
0.651983
0.667201
0.681855
0.697033
0.710762
0.7269
0.739662
0.754977
0.768575
0.782808
0.797043
0.811206
0.825241
0.840686
0.854151
0.869765
0.885172
0.898306
0.910981
0.924768
0.938245
0.951439
0.964309
0.976287
0.988655
1.002116
1.016171
1.029457
1.043599
1.057837
1.071235
1.083751
1.094221
1.109531
1.122587
1.136497
1.152729
1.166794
1.178134
1.190722
1.202988
1.216467
1.228083
1.241474
1.253239
1.266313
1.278059
1.289998
1.302014
1.315035
1.32761
1.339656
1.351523
1.363509
1.37569
1.38773
1.399625
1.411251
1.423177
1.434199
1.445495
1.456407
1.468357
1.479744
1.490452
1.501282
1.512459
1.523911
1.536074
1.547297
1.557823
1.568629
1.579346
1.589681
1.599505
1.609947
1.620625
1.630886
1.64078
1.650837
1.661168
1.671388
1.681353
1.691138
1.701084
1.711236
1.721116
1.730243
1.739289
1.748427
1.757572
1.766604
1.775813
1.785201
1.795366
1.80455
1.812984
1.821348
1.830475
1.83977
1.848549
1.856988
1.864505
1.872554
1.879439
1.886619
1.894337
1.901101
1.90936
1.917141
1.924113
1.931129
1.93851
1.945182
1.951926
1.958544
1.965792
1.97282
1.979701
1.986994
1.994108
2.002403
2.006557
2.01143
2.016954
2.024452
2.031003
2.037796
2.044666
2.051252
2.057257
2.063022
2.068557
2.074594
2.080546
2.086068
2.090045
2.094995
2.099881
2.104185
2.108426
2.112699
2.117557
2.122235
2.126683
2.13098
2.135505
2.140067
2.143941
2.147191
2.15109
2.154774
2.157896
2.160933
2.163967
2.167396
2.170945
2.174374
2.177262
2.18048
2.183687
2.186525
2.18901
2.191498
2.19436
2.196773
2.198392
2.199756
2.201564
2.203678
2.205677
2.207364
2.208654
2.210381
2.211722
2.21249
2.213246
2.21443
2.216071
2.217165
2.217066
2.216584
2.216965
2.217756
2.218613
2.219786
2.219245
2.219789
2.219442
2.21864
2.218723
2.219355
2.219939
2.218983
2.217362
2.216188
2.215332
2.214051
2.212885
2.212087
2.211016
2.209162
2.206647
2.204402
2.203424
2.201399
2.199192
2.196426
2.193915
2.191505
2.188679
2.185854
2.183492
2.181016
2.177989
2.174431
2.170915
2.167769
2.164527
2.160743
2.157046
2.153349
2.14971
2.144818
2.140404
2.136414
2.132601
2.128567
2.123523
2.118484
2.113967
2.109439
2.104642
2.099454
2.094738
2.090063
2.084874
2.07918
2.073402
2.067824
2.062395
2.056654
2.050956
2.045296
2.038998
2.033152
2.026431
2.020016
2.014663
2.009284
2.003993
1.996907
1.989289
1.982178
1.974341
1.965787
1.958668
1.954705
1.950923
1.944336
1.937809
1.931001
1.923439
1.917431
1.907582
1.900081
1.891079
1.882058
1.873115
1.864179
1.855421
1.846872
1.83787
1.82886
1.82
1.811422
1.802829
1.793422
1.783918
1.774998
1.76531
1.755555
1.746044
1.73706
1.72784
1.717781
1.708117
1.698069
1.688683
1.678739
1.668426
1.657827
1.647899
1.637398
1.626492
1.615897
1.605559
1.594862
1.583508
1.572691
1.561956
1.551467
1.540621
1.529353
1.518906
1.507972
1.496594
1.485014
1.473272
1.461761
1.450414
1.439059
1.427643
1.416306
1.404444
1.392859
1.380703
1.368471
1.35681
1.344643
1.332423
1.320194
1.307872
1.295519
1.283565
1.271151
1.258344
1.245967
1.23353
1.22054
1.207881
1.195384
1.182511
1.170165
1.157273
1.143964
1.13021
1.116802
1.104059
1.090866
1.076508
1.063459
1.049162
1.034756
1.019815
1.006121
0.99336
0.981188
0.968499
0.955268
0.942058
0.929901
0.917065
0.904531
0.89014
0.876172
0.862654
0.846818
0.831015
0.815315
0.799167
0.783696
0.768931
0.753256
0.740815
0.726506
0.712098
0.697967
0.683813
0.669389
0.654769
0.640508
0.625464
0.611263
0.596805
0.581767
0.567067
0.552703
0.537985
0.523751
0.508486
0.493045
0.478277
0.462946
0.448899
0.43389
0.419337
0.404694
0.390237
0.37541
0.361038
0.346244
0.331415
0.315953
0.300602
0.285057
0.27005
0.254939
0.239888
0.22527
0.210519
0.195101
0.180029
0.165211
0.149932
0.134382
0.118708
0.103655
0.087823
0.072177
0.056859
0.041015
0.025123
0.008044
-0.008952
-0.023526
-0.036449
-0.050592
-0.064969
-0.079121
-0.094238
-0.110013
-0.126955
-0.142303
-0.157502
-0.172997
-0.188137
-0.202768
-0.217439
-0.232585
-0.247198
-0.262285
-0.277798
-0.293316