1.209203
1.209217
1.209196
1.208474
1.208475
1.208668
1.20868
1.208429
1.208412
1.208427
1.20919
1.209184
1.209977
1.21371
1.219513
1.228314
1.233462
1.24107
1.248857
1.255559
1.262523
1.269536
1.276162
1.282981
1.289684
1.295843
1.302458
1.309089
1.316027
1.322789
1.329372
1.335616
1.341963
1.347929
1.353355
1.359098
1.364799
1.370989
1.377056
1.383015
1.388912
1.394763
1.396718
1.403568
1.407917
1.413705
1.419233
1.424991
1.431135
1.436927
1.442985
1.448615
1.453916
1.458386
1.463125
1.467628
1.472178
1.476493
1.481036
1.485512
1.490241
1.495108
1.500017
1.50472
1.509403
1.513621
1.517145
1.521209
1.525809
1.529998
1.534782
1.53912
1.543036
1.546856
1.550424
1.553787
1.557116
1.560787
1.564497
1.567996
1.571251
1.574698
1.578097
1.581718
1.585214
1.588332
1.591507
1.594582
1.597672
1.600552
1.603555
1.606733
1.609875
1.612693
1.615099
1.617329
1.619343
1.62088
1.622586
1.624977
1.627422
1.629787
1.631896
1.633653
1.635396
1.637485
1.639441
1.640672
1.641892
1.643517
1.644905
1.64654
1.647819
1.649519
1.650844
1.651821
1.652472
1.652647
1.653398
1.654182
1.654881
1.655557
1.65584
1.656318
1.656804
1.657518
1.657893
1.658165
1.658633
1.658879
1.658792
1.658742
1.658734
1.658899
1.659064
1.658822
1.658237
1.657807
1.657341
1.656362
1.655848
1.656012
1.655986
1.655321
1.654469
1.654508
1.652601
1.650352
1.649217
1.64789
1.646689
1.645638
1.644431
1.643115
1.641353
1.639949
1.638972
1.63753
1.635272
1.633215
1.631341
1.629537
1.62745
1.62546
1.623922
1.622104
1.61982
1.616943
1.614437
1.612591
1.610706
1.607914
1.60515
1.602258
1.599476
1.596944
1.594152
1.590916
1.587955
1.584966
1.581728
1.578163
1.574616
1.571144
1.567969
1.564833
1.56126
1.557766
1.554296
1.550429
1.546291
1.542229
1.538478
1.534847
1.530598
1.526041
1.521948
1.517619
1.513553
1.508973
1.504071
1.499327
1.494821
1.490106
1.485281
1.480588
1.476055
1.471384
1.466158
1.460964
1.455979
1.451219
1.445749
1.440193
1.434823
1.429826
1.424759
1.418937
1.41288
1.406655
1.401323
1.395878
1.390289
1.384388
1.378512
1.372867
1.366984
1.361204
1.355465
1.348967
1.342516
1.335926
1.329024
1.323139
1.316988
1.310663
1.303736
1.297
1.290737
1.284489
1.278192
1.271404
1.266779
1.260949
1.2543
1.246999
1.239519
1.232212
1.225242
1.217979
1.211018
1.203972
1.196422
1.188622
1.18161
1.17414
1.167445
1.159621
1.152114
1.144286
1.136862
1.129426
1.121881
1.113728
1.105291
1.097223
1.088688
1.080687
1.072422
1.064127
1.056504
1.048714
1.04003
1.03153
1.023292
1.01447
1.005842
0.997089
0.988824
0.981087
0.973036
0.964301
0.95521
0.945265
0.93671
0.928031
0.919683
0.909709
0.901316
0.892643
0.8837
0.874932
0.865752
0.857383
0.848289
0.838616
0.829259
0.820112
0.811395
0.802513
0.793495
0.78427
0.775199
0.765631
0.75534
0.745808
0.736498
0.727371
0.718072
0.708363
0.698224
0.688467
0.678887
0.669097
0.659575
0.649806
0.640016
0.630389
0.620745
0.611164
0.601733
0.59182
0.581646
0.571499
0.561665
0.55244
0.543078
0.532436
0.522173
0.511835
0.501776
0.491881
0.48217
0.472603
0.463144
0.452983
0.442995
0.432181
0.421616
0.411552
0.401379
0.391125
0.380822
0.37123
0.360809
0.350137
0.339002
0.328369
0.318344
0.308606
0.297977
0.287156
0.276564
0.26666
0.255859
0.244498
0.233415
0.222346
0.211781
0.201293
0.190988
0.181431
0.171973
0.162174
0.151869
0.141427
0.131231
0.119824
0.108765
0.098136
0.088001
0.077955
0.068184
0.057743
0.047479
0.036931
0.026622
0.015823
0.00484
-0.005873
-0.016561
-0.027044
-0.038839
-0.046877
-0.056866
-0.066247
-0.078502
-0.089244
-0.098882
-0.108514
-0.120006
-0.131507
-0.142334
-0.152545
-0.162851
-0.173575
-0.185186
-0.195973
-0.206546
-0.216851
-0.227804
-0.238465
-0.248629
-0.258297
-0.268419
-0.279577
-0.289977
-0.300728
-0.311435
-0.322341
-0.332867
-0.34312
-0.352864
-0.36311
-0.373897
-0.384617
-0.394866
-0.405123
-0.415722
-0.426746
-0.437632
-0.448092
-0.457911
-0.467534
-0.477538
-0.486937
-0.496374
-0.506716
-0.517712
-0.527693
-0.537472
-0.547863
-0.557776
-0.568017
-0.577533
-0.586879
-0.596806
-0.607369
-0.617466
-0.627334
-0.636886
-0.646584
-0.656626
-0.666393
-0.675815
-0.685148
-0.694982
-0.704627
-0.714962
-0.725324
-0.736007
-0.745274
-0.7551
-0.763969
-0.772973
-0.782653
-0.792598
-0.802272
-0.811776
-0.8217
-0.830925
-0.840065
-0.849453
-0.858944
-0.867983
-0.877324
-0.886075
-0.894602
-0.903825
-0.91257
-0.921971
-0.931331
-0.940546
-0.949824
-0.958723
-0.967448
-0.975941
-0.984723
-0.994018
-1.003292
-1.013301
-1.024197
-1.029398
-1.038616
-1.046646
-1.054546
-1.062818
-1.071586
-1.080322
-1.08863
-1.096669
-1.104166
-1.112027
-1.119881
-1.128002
-1.135228
-1.142115
-1.149577
-1.158803
-1.166741
-1.175198
-1.183494
-1.191554
-1.199526
-1.206686
-1.213447
-1.220304
-1.227613
-1.23492
-1.2424
-1.249626
-1.256458
-1.264159
-1.271577
-1.278618
-1.285707
-1.292521
-1.299263
-1.308034
-1.312181
-1.319028
-1.325467
-1.333316
-1.339881
-1.346492
-1.353095
-1.359063
-1.364975
-1.370939
-1.377263
-1.383739
-1.390219
-1.396536
-1.402737
-1.408619
-1.414119
-1.419992
-1.425845
-1.43169
-1.437247
-1.442993
-1.448837
-1.454368
-1.460112
-1.46593
-1.471283
-1.476161
-1.480921
-1.485822
-1.49054
-1.495767
-1.501131
-1.506373
-1.511673
-1.516687
-1.521085
-1.525934
-1.530777
-1.535471
-1.539623
-1.544044
-1.548555
-1.552834
-1.557468
-1.561933
-1.566022
-1.570314
-1.574001
-1.57732
-1.580506
-1.584453
-1.588534
-1.592493
-1.596514
-1.59993
-1.603452
-1.606972
-1.610137
-1.613044
-1.616401
-1.62021
-1.623388
-1.626569
-1.629474
-1.632429
-1.635603
-1.638649
-1.641238
-1.643467
-1.64605
-1.648302
-1.650597
-1.653082
-1.655824
-1.658717
-1.661297
-1.663415
-1.665327
-1.667174
-1.669026
-1.671023
-1.67283
-1.675047
-1.677156
-1.679261
-1.680861
-1.682017
-1.683559
-1.684919
-1.686342
-1.686997
-1.687633
-1.688662
-1.690126
-1.691636
-1.693017
-1.693985
-1.695098
-1.69583
-1.695973
-1.696542
-1.696937
-1.697884
-1.698349
-1.698465
-1.6985
-1.698444
-1.698513
-1.698935
-1.697984
-1.697863
-1.697903
-1.697698
-1.697021
-1.696335
-1.696096
-1.69612
-1.695968
-1.694903
-1.693898
-1.693134
-1.692316
-1.691375
-1.690852
-1.690159
-1.689361
-1.687992
-1.686141
-1.684515
-1.683335
-1.68209
-1.68028
-1.678621
-1.677291
-1.675841
-1.674188
-1.672253
-1.67035
-1.668944
-1.667612
-1.665818
-1.663277
-1.660841
-1.658487
-1.656155
-1.653831
-1.651442
-1.649026
-1.646537
-1.643524
-1.640306
-1.637754
-1.635492
-1.632613
-1.629273
-1.625988
-1.622921
-1.619914
-1.617335
-1.613914
-1.610386
-1.607073
-1.60375
-1.599843
-1.595846
-1.592238
-1.588641
-1.58532
-1.581271
-1.577011
-1.573122
-1.569194
-1.564694
-1.560534
-1.556364
-1.552907
-1.548199
-1.543607
-1.538937
-1.534612
-1.530676
-1.526369
-1.521439
-1.516477
-1.511288
-1.506463
-1.501631
-1.496464
-1.491681
-1.486531
-1.481293
-1.475803
-1.470099
-1.464879
-1.459493
-1.453767
-1.447686
-1.441315
-1.435552
-1.429902
-1.42371
-1.421356
-1.418039
-1.412389
-1.405798
-1.398934
-1.391754
-1.385
-1.378183
-1.371799
-1.365291
-1.358677
-1.351988
-1.345497
-1.339195
-1.33278
-1.326353
-1.319272
-1.312546
-1.305364
-1.29832
-1.291969
-1.285323
-1.27845
-1.270977
-1.264329
-1.257592
-1.250338
-1.242812
-1.235169
-1.228026
-1.22123
-1.213984
-1.206738
-1.199368
-1.192112
-1.184261
-1.176298
-1.168471
-1.160604
-1.152797
-1.144642
-1.13631
-1.128448
-1.120961
-1.11289
-1.104397
-1.096336
-1.08835
-1.080447
-1.072206
-1.063279
-1.054735
-1.046706
-1.036643
-1.028293
-1.021432
-1.012054
-1.003243
-0.994622
-0.985812
-0.977218
-0.969055
-0.960256
-0.95159
-0.943524
-0.935279
-0.926379
-0.917235
-0.907774
-0.898395
-0.889826
-0.880766
-0.871527
-0.86168
-0.852239
-0.84343
-0.834448
-0.824911
-0.815701
-0.805844
-0.796191
-0.787212
-0.778119
-0.768753
-0.759487
-0.749652
-0.739923
-0.730354
-0.721236
-0.712396
-0.703263
-0.693249
-0.683349
-0.673971
-0.66455
-0.654425
-0.644275
-0.634354
-0.624382
-0.614467
-0.604516
-0.595225
-0.585539
-0.575965
-0.565685
-0.555678
-0.545534
-0.535508
-0.52477
-0.514311
-0.504036
-0.494229
-0.484549
-0.474652
-0.463754
-0.453527
-0.443335
-0.433371
-0.42257
-0.412555
-0.402421
-0.391894
-0.381223
-0.370406
-0.360729
-0.350389
-0.340026
-0.329146
-0.318382
-0.30842
-0.298421
-0.287556
-0.277462
-0.267029
-0.256875
-0.247189
-0.236675
-0.22567
-0.215208
-0.204921
-0.19392
-0.183576
-0.172218
-0.161839
-0.151312
-0.140213
-0.12942
-0.118666
-0.107292
-0.096284
-0.084943
-0.074242
-0.062917
-0.054761
-0.044511
-0.034764
-0.025011
-0.01517
-0.0053
0.004875
0.014763
0.025429
0.038148
0.049228
0.060561
0.071355
0.082224
0.093749
0.105095
0.116211
0.126641
0.136935
0.147776
0.159148
0.169988
0.180262
0.190058
0.200592
0.211133
0.221415
0.231801
0.242078
0.252245
0.262543
0.272869
0.28247
0.29297
0.304254
0.315382
0.325969
0.336497
0.347088
0.357611
0.367492
0.376866
0.38619
0.396763
0.406896
0.416662
0.426253
0.436481
0.447162
0.457737
0.468176
0.478225
0.488014
0.498129
0.507826
0.517471
0.52734
0.538189
0.5484
0.557957
0.567126
0.576354
0.585662
0.595326
0.605046
0.615348
0.625925
0.635897
0.645374
0.654954
0.665168
0.675332
0.685248
0.694648
0.703681
0.713167
0.723229
0.732981
0.742835
0.752663
0.762244
0.77116
0.779769
0.788459
0.797774
0.807675
0.817211
0.826456
0.835841
0.845384
0.854236
0.863189
0.871467
0.880647
0.889721
0.898846
0.907848
0.917332
0.927754
0.938472
0.945414
0.952889
0.96142
0.969341
0.977008
0.985293
0.993482
1.00233
1.010565
1.018583
1.026654
1.034604
1.043008
1.050589
1.057632
1.06545
1.074111
1.082963
1.091257
1.099625
1.107215
1.11532
1.123523
1.130758
1.137563
1.14467
1.151931
1.159384
1.167072
1.175209
1.182807
1.19032
1.19739
1.204069
1.210991
1.218664
1.22632
1.233621
1.240749
1.247605
1.254734
1.26111
1.267535
1.274001
1.28023
1.286617
1.292594
1.299094
1.30557
1.31279
1.319667
1.326111
1.332438
1.338702
1.344453
1.350028
1.356053
1.362862
1.370606
1.375416
1.382233
1.383547
1.388622
1.39369
1.399562
1.405062
1.410324
1.41591
1.421421
1.427527
1.433311
1.438954
1.443908
1.44925
1.454106
1.458099
1.46281
1.467183
1.472055
1.477124
1.482299
1.487073
1.491402
1.495179
1.499169
1.503279
1.507721
1.511848
1.515817
1.519557
1.523615
1.528056
1.532504
1.536645
1.540561
1.544363
1.547608
1.55092
1.554718
1.558714
1.562365
1.566044
1.569204
1.572166
1.575101
1.57807
1.580951
1.584015
1.587151
1.590434
1.593591
1.596382
1.598979
1.601926
1.604886
1.60717
1.60905
1.611233
1.613437
1.615522
1.617804
1.619783
1.622118
1.624395
1.62632
1.627433
1.628474
1.629807
1.631395
1.632765
1.634317
1.635711
1.63712
1.638456
1.63961
1.640552
1.641741
1.642979
1.643635
1.643944
1.644281
1.64489
1.645725
1.646492
1.646874
1.647227
1.647427
1.647287
1.646889
1.646939
1.647285
1.647718
1.647711
1.647292
1.64709
1.646882
1.646788
1.646469
1.646156
1.646103
1.645875
1.645324
1.6447
1.644503
1.644722
1.642697
1.640485
1.638903
1.63736
1.636032
1.634716
1.633646
1.632226
1.631088
1.629726
1.628192
1.626143
1.624694
1.62353
1.621852
1.619676
1.617636
1.61593
1.614475
1.612486
1.610027
1.607613
1.605554
1.603231
1.600312
1.597485
1.594828
1.592401
1.589838
1.587088
1.584034
1.581422
1.57851
1.575372
1.572266
1.56941
1.56619
1.562785
1.559197
1.555834
1.552424
1.54926
1.545519
1.541448
1.537484
1.533447
1.529488
1.525051
1.520482
1.516384
1.512764
1.508876
1.504609
1.499858
1.495606
1.491088
1.486488
1.481699
1.477478
1.472782
1.467822