41.758
41.794
41.846
41.916
41.984
42.031
42.058
42.063
42.147
42.309
42.569
42.79
43.005
43.259
43.64
44.108
44.59
45.017
45.403
45.772
46.164
46.537
46.951
47.382
47.906
48.361
48.823
49.241
49.74
50.189
50.58
50.864
51.149
51.371
51.563
51.642
51.768
51.936
52.246
52.65
53.154
53.673
54.142
54.506
54.757
54.933
55.121
55.369
55.693
56.067
56.537
57.093
57.685
58.209
58.608
58.883
59.058
59.208
59.407
59.856
60.529
61.571
62.664
63.582
64.137
64.432
64.708
64.776
64.657
64.499
64.529
64.855
65.378
66.026
66.626
67.025
67.261
67.427
67.649
67.911
68.191
68.431
68.645
68.885
69.203
69.636
70.138
70.648
71.078
71.406
71.702
72.043
72.487
72.955
73.407
73.798
74.167
74.552
74.978
75.422
75.826
76.148
76.402
76.618
76.853
77.119
77.423
77.739
78.068
78.416
78.803
79.227
79.652
80.028
80.34
80.622
80.91
81.207
81.521
81.85
82.217
82.609
83.034
83.488
83.945
84.354
84.674
84.901
85.086
85.296
85.592
85.986
86.446
86.927
87.385
87.817
88.231
88.629
88.969
89.216
89.387
89.549
89.785
90.142
90.647
91.236
91.811
92.26
92.582
92.81
93.023
93.246
93.506
93.797
94.116
94.499
94.958
95.513
96.068
96.542
96.865
97.069
97.246
97.467
97.767
98.132
98.55
99.016
99.49
99.957
100.37
100.716
100.982
101.19
101.384
101.618
101.918
102.29
102.7
103.13
103.548
103.945
104.313
104.641
104.924
105.157
105.354
105.581
105.881
106.282
106.728
107.198
107.653
108.093
108.481
108.833
109.152
109.446
109.697
109.915
110.147
110.445
110.842
111.318
111.817
112.27
112.648
112.985
113.32
113.742
114.219
114.731
115.138
115.495
115.821
116.221
116.661
117.123
117.536
117.87
118.132
118.369
118.603
118.847
119.114
119.425
119.786
120.156
120.541
120.905
121.277
121.605
121.898
122.147
122.389
122.725
123.187
123.779
124.348
124.857
125.296
125.71
126.063
126.325
126.495
126.632
126.81
127.086
127.468
127.903
128.365
128.812
129.242
129.642
130.012
130.344
130.625
130.936
131.325
131.849
132.426
133.033
133.608
134.139
134.565
134.893
135.16
135.472
135.822
136.192
136.505
136.837
137.237
137.751
138.297
138.795
139.182
139.447
139.638
139.816
140.08
140.44
140.879
141.331
141.768
142.182
142.573
142.957
143.324
143.649
143.903
144.114
144.331
144.614
144.974
145.397
145.833
146.263
146.68
147.09
147.479
147.828
148.138
148.418
148.695
148.989
149.329
149.714
150.125
150.536
150.921
151.293
151.643
151.995
152.311
152.597
152.829
153.058
153.334
153.718
154.186
154.685
155.138
155.522
155.85
156.169
156.497
156.81
157.079
157.323
157.584
157.932
158.39
158.939
159.479
159.921
160.216
160.411
160.575
160.788
161.065
161.406
161.782
162.21
162.72
163.31
163.907
164.407
164.751
164.966
165.129
165.329
165.614
166.006
166.478
166.993
167.517
168.024
168.485
168.852
169.111
169.291
169.466
169.694
170.012
170.425
170.917
171.43
171.907
172.307
172.642
172.926
173.176
173.39
173.594
173.821
174.127
174.545
175.065
175.606
176.065
176.402
176.642
176.861
177.102
177.387
177.682
177.975
178.256
178.557
178.922
179.349
179.568
180.449
180.682
180.887
181.125
181.455
181.875
182.308
182.707
183.056
183.405
183.772
184.192
184.618
184.998
185.284
185.506
185.723
185.974
186.275
186.621
187.011
187.418
187.824
188.215
188.593
188.954
189.285
189.587
189.869
190.181
190.557
191.017
191.513
192.004
192.467
192.893
193.289
193.625
193.907
194.119
194.299
194.493
194.765
195.15
195.619
196.106
196.529
196.874
197.174
197.486
197.81
198.105
198.364
198.636
198.999
199.432
199.915
200.402
200.878
201.269
201.496
201.618
201.723
201.951
202.284
202.693
203.109
203.569
204.069
204.609
205.079
205.463
205.726
205.915
206.071
206.268
206.572
206.995
207.498
208.04
208.546
208.994
209.348
209.65
209.917
210.176
210.42
210.719
211.113
211.649
212.218
212.764
213.215
213.59
213.901
214.185
214.474
214.77
215.078
215.384
215.726
216.101
216.537
216.985
217.416
217.773
218.066
218.332
218.631
218.967
219.315
219.633
219.93
220.267
220.699
221.214
221.734
222.184
222.545
222.828
223.072
223.333
223.648
224.012
224.382
224.737
225.116
225.539
226.018
226.485
226.921
227.271
227.547
227.754
227.973
228.262
228.654
229.102
229.573
230.026
230.477
230.909
231.316
231.663
231.92
232.125
232.323
232.62
233.018
233.515
234.043
234.551
235
235.371
235.679
235.919
236.139
236.376
236.699
237.094
237.563
238.074
238.605
239.105
239.511
239.82
240.072
240.313
240.565
240.827
241.122
241.47
241.936
242.548
243.252
243.864
244.264
244.461
244.598
244.784
245.061
245.399
245.758
246.143
246.549
247
247.456
247.924
248.332
248.647
248.843
248.997
249.21
249.532
249.956
250.409
250.85
251.236
251.575
251.883
252.189
252.493
252.785
253.064
253.369
253.722
254.134
254.576
255.05
255.521
255.95
256.296
256.575
256.833
257.101
257.392
257.692
258.004
258.339
258.713
259.129
259.551
259.943
260.294
260.617
260.932
261.232
261.506
261.753
261.994
262.295
262.696
263.204
263.725
264.189
264.532
264.811
265.071
265.367
265.678
265.992
266.313
266.66
267.058
267.524
268.062
268.625
269.107
269.418
269.562
269.637
269.782
270.062
270.476
270.951
271.422
271.859
272.275
272.686
273.066
273.39
273.64
273.853
274.086
274.405
274.836
275.358
275.917
276.424
276.82
277.106
277.339
277.562
277.786
278.025
278.307
278.662
279.09
279.578
280.078
280.533
280.89
281.155
281.371
281.604
281.865
282.168
282.498
282.883
283.323
283.805
284.275
284.686
285.01
285.251
285.458
285.716
286.084
286.535
286.991
287.403
287.79
288.176
288.584
289
289.387
289.708
289.95
290.17
290.419
290.762
291.182
291.63
292.045
292.424
292.789
293.17
293.563
293.989
294.401
294.783
295.084
295.372
295.701
296.129
296.619
297.105
297.537
297.91
298.255
298.576
298.884
299.14
299.351
299.533
299.764
300.104
300.559
301.077
301.583
301.958
302.204
302.33
302.485
302.66
302.898
303.158
303.461
303.784
304.204
304.704
305.28
305.726
306.05
306.297
306.608
306.96
307.287
307.596
307.957
308.415
308.89
309.324
309.668
309.957
310.198
310.515
310.969
311.609
312.265
312.883
313.395
313.872
314.317
314.744
315.161
315.525
315.834
316.069
316.28
316.524
316.88
317.384
317.986
318.593
319.091
319.459
319.709
319.934
320.165
320.448
320.754
321.089
321.452
321.874
322.365
322.885
323.384
323.803
324.126
324.376
324.617
324.894
325.232
325.615
326.034
326.483
326.94
327.397
327.804
328.153
328.435
328.69
328.964
329.276
329.611
329.939
330.255
330.596
330.991
331.437
331.908
332.33
332.68
332.95
333.194
333.462
333.786
334.173
334.603
335.049
335.476
335.892
336.304
336.736
337.129
337.445
337.652
337.807
337.993
338.288
338.717
339.224
339.73
340.164
340.533
340.857
341.17
341.468
341.758
342.041
342.338
342.674
343.092
343.603
344.168
344.69
345.1
345.371
345.571
345.757
345.972
346.223
346.517
346.876
347.323
347.868
348.466
349.006
349.421
349.706
349.941
350.178
350.444
350.752
351.129
351.579
352.093
352.606
353.088
353.473
353.758
353.942
354.086
354.238
354.463
354.796
355.233
355.71
356.156
356.541
356.879
357.198
357.512
357.808
358.061
358.282
358.512
358.81
359.156
359.414
0.55
0.711
0.939
1.143
1.351
1.604
1.897
2.213
2.521
2.832
3.175
3.574
4.027
4.479
4.878
5.186
5.423
5.663
5.943
6.281
6.635
7.016
7.42
7.866
8.312
8.733
9.091
9.394
9.656
9.91
10.171
10.452
10.747
11.092
11.48
11.94
12.435
12.942
13.387
13.742
14.003
14.211
14.421
14.673
14.999
15.379
15.796
16.236
16.702
17.192
17.663
18.067
18.347
18.517
18.65
18.856
19.202
19.688
20.234
20.762
21.208
21.565
21.852
22.102
22.34
22.58
22.823
23.085
23.399
23.811
24.317
24.851
25.32
25.648
25.854
25.996
26.167
26.401
26.711
27.072
27.472
27.917
28.404
28.906
29.341
29.693
29.957
30.188
30.41
30.697
31.077
31.548
32.025
32.476
32.903
33.321
33.708
34.011
34.256
34.476
34.737
35.057
35.442
35.861
36.284
36.679
37.064
37.451
37.855
38.227
38.551
38.801
39.042
39.304
39.686
40.183
40.782
41.354
41.836
42.216
42.546
42.883
43.237
43.605
43.944
44.243
44.52
44.833
45.248
45.75
46.269
46.787
47.257
47.743
48.184
48.627
49.006
49.31
49.557
49.837
50.202
50.705
51.229
51.758
52.118
52.323
52.354
52.365
52.465
52.716
53.084
53.522
53.985
54.442
54.873
55.262
55.587
55.827
56.037
56.306
56.69
57.151
57.638
58.137
58.634
59.124
59.557
59.941
60.231
60.57
60.941
61.607
62.395
63.367
64.141
64.735
64.999
65.048
64.952
64.922
65.08
65.392
65.722
66.005
66.24
66.55
66.945
67.457
67.963
68.387
68.666
68.844
68.998
69.215
69.499
69.854
70.227
70.617
71.019
71.484
72.005
72.542
73.004
73.361
73.625
73.881
74.193
74.589
75.02
75.436
75.817
76.176
76.527
76.867
77.173
77.438
77.664
77.904
78.175
78.503
78.854
79.226
79.6
79.983
80.368
80.756
81.145
81.502
81.818
82.08
82.345
82.642
83.02
83.455
83.916
84.347
84.722
85.059
85.382
85.718
86.032
86.298
86.507
86.725
87.024
87.458
87.989
88.535
88.989
89.319
89.553
89.768
90.03
90.348
90.71
91.066
91.423
91.803
92.249
92.741
93.224
93.611
93.882
94.042
94.196
94.4
94.735
95.175
95.682
96.194
96.685
97.147
97.538
97.842
98.074
98.274
98.491
98.759
99.108
99.539
100.015
100.502
100.949
101.332
101.642
101.891
102.107
102.302
102.518
102.8
103.178
103.639
104.112
104.553
104.908
105.203
105.452
105.708
105.972
106.248
106.535
106.842
107.228
107.702
108.264
108.859