0.8255756428
0.8252440302
0.8244062722
0.8230449154
0.8218057316
0.8209156137
0.820636361
0.8218580915
0.8236557806
0.8265355739
0.8291884743
0.8332899981
0.8366410302
0.838299093
0.8367632033
0.8343546489
0.8326791328
0.8329409322
0.8336914238
0.8336739705
0.8323126137
0.830602191
0.8289964881
0.828036557
0.8267450134
0.826605387
0.825470923
0.82391758
0.8207759873
0.8188910317
0.8186815922
0.820339655
0.8218057316
0.8240048465
0.8263435876
0.8301484054
0.8329583855
0.8355589261
0.8367108434
0.8368853763
0.8353320333
0.8331503717
0.8317192017
0.8319635478
0.8339881298
0.8366759368
0.8389972247
0.8401142354
0.8403411283
0.8400444223
0.8386307056
0.8359952584
0.8325220532
0.829764433
0.8288219552
0.8305672844
0.8347560746
0.8399222492
0.8440761328
0.8437445203
0.8390844912
0.8271289858
0.8130267255
0.801542459
0.7972664023
0.7989070118
0.801664632
0.8077907377
0.8164301175
0.8248426045
0.8297295264
0.8301658587
0.8287870486
0.8262388679
0.8242491925
0.8241793794
0.8252265769
0.8270417194
0.8283856229
0.830183312
0.8323998802
0.8354018465
0.8383514529
0.8398524361
0.8399746091
0.8389972247
0.8383339996
0.8376009613
0.8373217086
0.8373042554
0.8369726428
0.8353843932
0.8311083365
0.8266402936
0.822783116
0.8222246106
0.8223467837
0.8223118771
0.8198509628
0.8171457025
0.8161683181
0.820339655
0.8285950624
0.8387354253
0.8456992891
0.848858335
0.8487710685
0.849277214
0.8515286888
0.8562236244
0.8601855218
0.8622973702
0.8618610379
0.8600458955
0.8577595142
0.855542946
0.8553335065
0.8569217561
0.8594350303
0.8608138404
0.8604822278
0.8592779506
0.8577246076
0.8564505172
0.8553509598
0.8552811466
0.8561189047
0.858405286
0.8604822278
0.8625766229
0.8635191007
0.8641474192
0.8640252462
0.8632922079
0.8625766229
0.8620704774
0.8622275571
0.8620530241
0.8622799169
0.8634841941
0.8666432401
0.8704480578
0.8735372906
0.8741132493
0.872245747
0.8686154621
0.8649328174
0.8629780486
0.863117675
0.8655785892
0.8689121681
0.8728391589
0.8762250977
0.8787209185
0.8798553825
0.8790001712
0.8768185096
0.8736943703
0.8715999752
0.8708320303
0.8717570548
0.8732580379
0.8745495816
0.8751779001
0.8754396995
0.8763123641
0.8780751467
0.8802219017
0.8809549399
0.8798030226
0.8775515479
0.8766963366
0.8785638389
0.8829097087
0.8876046444
0.8904495311
0.8906938772
0.8885820288
0.8860513014
0.8843757853
0.8846724913
0.8862956475
0.8881980563
0.8896292263
0.8907113305
0.8923170334
0.8949524805
0.8984082325
0.9016370916
0.9036093136
0.9037140334
0.9025621161
0.9009564132
0.900589894
0.9015323718
0.9035569538
0.9055640824
0.9076584775
0.9097354193
0.9117250947
0.9130340916
0.9138369431
0.9141685556
0.914133649
0.913592597
0.9125977593
0.9116901881
0.9110967761
0.9109920564
0.9103811911
0.9101193917
0.9102764714
0.9123359599
0.9141860089
0.9158440717
0.9162454974
0.9175021345
0.9192998236
0.9221796169
0.9247976108
0.9269792723
0.9284977088
0.9298939722
0.9317789278
0.9333846307
0.9352172264
0.9365436766
0.9384635388
0.9397550824
0.9413084255
0.9425650625
0.944205672
0.9457939217
0.9472599982
0.9487260748
0.9486911682
0.9468760258
0.9445896445
0.9426348757
0.9415004117
0.9402961345
0.9398947088
0.9428094086
0.9473298114
0.9558470181
0.9611179125
0.9632646675
0.9587442647
0.9538224362
0.9499128987
0.9484119155
0.9478708635
0.9477137838
0.947486891
0.9471552785
0.9475567042
0.9490053275
0.9502968711
0.9506110304
0.9490751406
0.9468934791
0.9435424469
0.9387253382
0.9327912187
0.9286373351
0.9281311896
0.93083645
0.9331751912
0.9342922019
0.9343096552
0.9349030671
0.9350601468
0.9345889079
0.9339256827
0.9345714546
0.935671012
0.9368229293
0.9371719952
0.9390045909
0.9416051315
0.9446245511
0.9462477073
0.9463698803
0.9452877762
0.9432282877
0.9411513458
0.9398074423
0.9401739615
0.9422509033
0.9455495756
0.9489878742
0.9515360549
0.9527403321
0.9526530656
0.9522167333
0.9520422004
0.952495986
0.9525832524
0.9515884148
0.9498256322
0.9490925939
0.9504888573
0.9539446093
0.9581857593
0.9622349232
0.9643293183
0.9637359064
0.9609433796
0.9583079324
0.9572258283
0.9576098007
0.958761718
0.9601405281
0.9616589646
0.9626538022
0.9632472142
0.9645562111
0.9670869385
0.9696002127
0.9701412647
0.9680468696
0.9654288757
0.9638231728
0.9642595051
0.9649401836
0.965446329
0.9660921009
0.9679072433
0.9711535557
0.974155522
0.9767037027
0.9769655021
0.9748536537
0.9700539983
0.9654812356
0.9635090136
0.9653939692
0.9697747456
0.9745220411
0.9780476062
0.9798627487
0.9804561606
0.9803863474
0.979705669
0.9780126996
0.9751329064
0.9720611269
0.9698794653
0.9697049324
0.9712059156
0.9743475082
0.9775763673
0.9799325618
0.9799325618
0.9780825128
0.9747838405
0.9712408221
0.9681690427
0.966755326
0.9677152571
0.9707172234
0.9744347747
0.9771923949
0.9779777931
0.9769829554
0.9753947058
0.9738762693
0.9730559646
0.9725847257
0.9726370856
0.9723229263
0.9721309401
0.9728290718
0.9754296124
0.9796533091
0.9837373796
0.9855350687
0.983405767
0.9787108313
0.974033349
0.9726370856
0.9748362004
0.9792518834
0.9836501131
0.9868789722
0.9891129937
0.9908408696
0.9922894929
0.9943664347
0.9965830029
0.9980665328
0.996827349
0.9934588635
0.9904219906
0.9902823643
0.9930225312
0.9964957364
0.9987123046
0.9993057165
0.9991311836
0.9987123046
0.998677398
0.998974104
0.9998293153
1.000684527
1.002517122
1.004314811
1.007334231
1.010528184
1.016025971
1.021715744
1.026847012
1.029656992
1.030721643
1.030791456
1.030616923
1.030965989
1.032083
1.033723609
1.035468939
1.036865202
1.037964759
1.038052026
1.037214268
1.035172233
1.033130197
1.031140522
1.030320217
1.030774003
1.032816038
1.035486392
1.038610531
1.04183939
1.045190423
1.047337178
1.047808416
1.046551779
1.044684277
1.043096027
1.042467709
1.042554975
1.043026214
1.04353236
1.04496353
1.047424444
1.050269331
1.05211938
1.051892487
1.049937718
1.046255073
1.04220591
1.039256303
1.03934357
1.042851681
1.04782587
1.052241553
1.054423214
1.054510481
1.053847256
1.05355055
1.053690176
1.052922231
1.05053113
1.04761643
1.045434769
1.045714021
1.048611268
1.053306204
1.057390274
1.059135603
1.057564807
1.054231228
1.050147158
1.047895683
1.047529164
1.049239586
1.051141995
1.052573165
1.053515643
1.054248681
1.054388308
1.053585456
1.05180522
1.049658465
1.047145191
1.044771544
1.042886588
1.042013923
1.042467709
1.044213038
1.046813579
1.049972625
1.052904778
1.055156253
1.055819478
1.055226066
1.054388308
1.054056695
1.05477228
1.056063824
1.057564807
1.058367658
1.058420018
1.058524738
1.059606842
1.061596518
1.062556449
1.061125279
1.057564807
1.054266135
1.052695338
1.053026951
1.05466756
1.056988848
1.058769084
1.059030884
1.058105859
1.057390274
1.057285554
1.056674689
1.054475574
1.051107089
1.048192389
1.047127738
1.048524001
1.051438701
1.054911906
1.057320461
1.058297845
1.057460087
1.055836931
1.053882162
1.052433539
1.051107089
1.049885358
1.048593815
1.048122576
1.049606106
1.053428377
1.058420018
1.062050303
1.062818248
1.060828573
1.058228032
1.055994011
1.055505318
1.05609873
1.058367658
1.060880933
1.062992781
1.063952712
1.063952712
1.064127245
1.064650844
1.064755563
1.06356874
1.061212545
1.059851188
1.059868642
1.061491798
1.063341847
1.066465986
1.068612741
1.069520312
1.067146665
1.063621099
1.059921001
1.055994011
1.053218937
1.051229262
1.052503352
1.054807187
1.05758226
1.058995977
1.060357334
1.062155023
1.064249418
1.064668297
1.062678622
1.058891257
1.055400599
1.054615201
1.057128475
1.062102663
1.066867412
1.069694845
1.070009005
1.068804727
1.067356104
1.066972132
1.067670263
1.06897926
1.069886831
1.070235897
1.070497697
1.071352908
1.073115691
1.074895926
1.07629219
1.076571443
1.076745975
1.076676162
1.077339387
1.078229505
1.079573409
1.080515887
1.081196565
1.081894697
1.082523015
1.082976801
1.082732455
1.082697548
1.082331029
1.081789977
1.080952219
1.081161658
1.082418296
1.084250891
1.085716968
1.086903792
1.088003349
1.089242533
1.09055153
1.091302021
1.091162395
1.089434519
1.087060871
1.084704677
1.084128718
1.085298089
1.087706643
1.089975571
1.091581274
1.092750645
1.092960084
1.091895433
1.089451972
1.086484913
1.083762199
1.081545631
1.080358807
1.080830046
1.083203694
1.086973605
1.090795876
1.094059642
1.096258756
1.097271047
1.096904528
1.095002119
1.092279406
1.089818492
1.08922508
1.091162395
1.095543171
1.100814066
1.104985403
1.10618968
1.10470615
1.102367409
1.101110772
1.102664115
1.1062944
1.111024242
1.114322914
1.116487123
1.118075372
1.120152314
1.121758017
1.12198491
1.121461311
1.121042432
1.12172311
1.122717948
1.124917063
1.128599708
1.133416816
1.13762306
1.140188694
1.14165477
1.143312833
1.145215242
1.146384613
1.146279893
1.145546855
1.145738841
1.146908211
1.14907242
1.151358801
1.153296116
1.153819715
1.153016864
1.151341348
1.15013707
1.149543659
1.149334219
1.148566274
1.147728516
1.147414357
1.148391741
1.15013707
1.151707867
1.152266372
1.151533334
1.149473845
1.146768585
1.143626992
1.141166078
1.139734908
1.139455655
1.139193856
1.137797593
1.135755557
1.133661162
1.132928124
1.132875764
1.134533827
1.135214505
1.135092332
1.132456885
1.129891251
1.128512441
1.127535057
1.129105853
1.130240317
1.133661162
1.135127239
1.137064554
1.136907475
1.135650838
1.133102657
1.130833729
1.129786531
1.130379943
1.132229992
1.135057426
1.137762686
1.140869372
1.144080778
1.147920502
1.152056933
1.155634858
1.156315536
1.153173943
1.148129942
1.146402066
1.149718191
1.155495231
1.158968436
1.158863717
1.157572173
1.156664602
1.156280629
1.155931564
1.156420256
1.156332989
1.156577335
1.155006539
1.1545353
1.151358801
1.147519077
1.141340611
1.136488596
1.131566767
1.126941645
1.124428371
1.125004329
1.129454919
1.132997937
1.136418783
1.139071683
1.142841594
1.146367159
1.1489677
1.150014897
1.14881062
1.145861014
1.14170713
1.138687711
1.137029648
1.137448527
1.138722617
1.140799559
1.142963767
1.145040709
1.146873305
1.147798329
1.146820945
1.143958605
1.140363227
1.138094299
1.137396167
1.138356098
1.140153787
1.142195822
1.143469913
1.143557179
1.142946314
1.142230729
1.141724583
1.141166078
1.140520306
1.140590119
1.14191657
1.14451711
1.146943118
1.148374288
1.148234662
1.147833236
1.147745969
1.148321928
1.14875826
1.148234662
1.146943118
1.145285055
1.144901083
1.146367159
1.149770551
1.153592822
1.156594789
1.15739764
1.156036283
1.15320885
1.151009735
1.150555949
1.151288988
1.151393708
1.150032351
1.148583727
1.149264406
1.152720158
1.158270305
1.163925172
1.167712536
1.168061602
1.164902556
1.16041706
1.157170747
1.156716962
1.158636824
1.161359538
1.163820452
1.165478515
1.166386086
1.166752605
1.166839871
1.167084218
1.166927138
1.165862487
1.163680825
1.16195295
1.162005309
1.164082251
1.16725875
1.170697049
1.173995721
1.176543902
1.177137314
1.175025466
1.170313077
1.165286528
1.162930334
1.164466224
1.168131415
1.171691887
1.174449507
1.177713273
1.180802505
1.182914354
1.183403046
1.182478022
1.181692623
1.180540706
1.181116665
1.182303489
1.185253095
1.188813567
1.193141983
1.196335936
1.197330773
1.195899603
1.194206634
1.193299063
1.193613222
1.19439862
1.195445818
1.196702455
1.198028905
1.199582248
1.201310124
1.203683772
1.206022513
1.207610763
1.207593309
1.207052257
1.208291441
1.211747193
1.216337409
1.219391735
1.221014891
1.222079542
1.223859778
1.226285786
1.228362728
1.229322659
1.228711793
1.226669758
1.224069218
1.222533328
1.223405992
1.226704665
1.230195323
1.232534064
1.232691144
1.231958106
1.230369856
1.229130672
1.228048568
1.228048568
1.228345274
1.228624527
1.228467447
1.228432541
1.229270299
1.231539227
1.234680819
1.237979492
1.239620101
1.239358302
1.236949747
1.233825608
1.231382147
1.230893455
1.232708597
1.235658204
1.238415824
1.239585195
1.239288489
1.238380917
1.238415824
1.239515381
1.240841832
1.240876738
1.239445568
1.237525706
1.236897388
1.238642717
1.242936227
1.248189668
1.251837406
1.251715233
1.247805695
1.242709334
1.239323395
1.239079049
1.241190898
1.24443721
1.247700976
1.250685489
1.253146403
1.255153532
1.257178114
1.258783816
1.259063069
1.256881408
1.253111496
1.250092077
1.249777917
1.252413365
1.256567248
1.260790945
1.264403777
1.266742518
1.267615182
1.267004317
1.265241535
1.263164593
1.260913118
1.259761201
1.259464495
1.260616412
1.262117395
1.263792911
1.264386323
1.263792911
1.262204662
1.260913118
1.260406973
1.26023244
1.260302253
1.260598959
1.262012676
1.263653285
1.265154268
1.265730227
1.2655906
1.264927375
1.263984898
1.263007513
1.261803236
1.260424426
1.259342322
1.258905989
1.258993256
1.259499401
1.260738585
1.262536274
1.263653285
1.261977769
1.258330031
1.253966708
1.251732686
1.251226541
1.251767593
1.252308645
1.252413365
1.252989323
1.253687455
1.255310611
1.257073394
1.258330031
1.2573701
1.253670002
1.24852128
1.244699009
1.242325362
1.240510219
1.236583228
1.231783573
1.227018824
1.224488097
1.22429611
1.226111253
1.227350437
1.22710609
1.223196553
1.219025216
1.214679346
1.214400094
1.219653535
1.231207614
1.246217446
1.25726538
1.262483914
1.261681063
1.260843305
1.261960316
1.266567985
1.271070934
1.2743347
1.274090354
1.272310118
1.269063806
1.266585438
1.264543403
1.263391486
1.262187208
1.260686225
1.258260218
1.255537504
1.253600189
1.253792175
1.256113463
1.258522017
1.259604121
1.255048812
1.246601418
1.234244487
1.225395668
1.220962532
1.223772512
1.230893455
1.24035314
1.247910415
1.25164542
1.252169019
1.252221378
1.253338389
1.25578185
1.257090847
1.256567248
1.254001614
1.252029392
1.252151565
1.2544554
1.257614446
1.260598959
1.262815527
1.264595763
1.265398614
1.265782587
1.26574768
1.265154268
1.263164593
1.259726294
1.256706875
1.25572949
1.257474819
1.260529146
1.263216953
1.26421179
1.263600925
1.262152302
1.261105104
1.260773492
1.261977769
1.263897631
1.266184012
1.267493009
1.26845294
1.270582242
1.273671475
1.277389026
1.279291435
1.279937207
1.27883765
1.27719704
1.27592295
1.275748417
1.276795614
1.277633372
1.278069705
1.277895172
1.278156971
1.279151809
1.280879685
1.28286936
1.284317983
1.285417541
1.28588878
1.286325112
1.28711051
1.288908199
1.291770539
1.294947039
1.298123538
1.300706625
1.302155248
1.301718916
1.299519801
1.297111247
1.296046596
1.29723342
1.3000434
1.303656231
1.307269063
1.310096496
1.312016359
1.313430075
1.315123045
1.316449495
1.316205149
1.313726781
1.310393202
1.307949741
1.308839859
1.313063556
1.320620832
1.328230467
1.334164587
1.336416062
1.336189169
1.334635826
1.332471617
1.330010703
1.327532336
1.326380418
1.326624764
1.327933761
1.330848461
1.334635826
1.338737349
1.340412866
1.340151066
1.338650083
1.337637792
1.337480712
1.337864685
1.338493003
1.339313308
1.340744478
1.343013406
1.34547432
1.34706257
1.348772993
1.350902294
1.354689659
1.357412372
1.360274712
1.360798311
1.360414339
1.357412372
1.355335431
1.353834447
1.353677368
1.353328302
1.353066503
1.352228745
1.351059374
1.349698017