0
26.357
39.387
37.28
21.147
7.491
1.641
2.478
2.967
3.123
3.136
3.197
3.353
3.479
3.564
3.575
3.331
3.04
3.023
3.437
3.877
3.985
3.627
3.068
2.685
2.781
3.371
3.946
4.034
3.498
2.72
2.281
2.465
3.115
3.772
4.102
4.005
3.546
2.938
2.597
2.743
3.16
3.232
2.765
2.117
1.853
2.134
2.724
3.415
3.962
4.303
4.252
3.846
3.277
2.906
3.054
3.572
4.092
4.144
3.692
2.93
2.317
2.132
2.46
3.22
4.048
4.591
4.488
3.868
3.236
2.997
3.177
3.541
3.9
4.212
4.161
3.585
2.727
2.21
2.424
3.04
3.676
4.081
4.307
4.345
4.064
3.559
3.062
2.878
2.989
3.023
2.844
2.629
2.571
2.715
2.845
2.927
2.882
2.686
2.611
2.937
3.637
4.198
4.156
4.189
4.671
5.454
5.561
4.895
4.203
3.742
3.61
3.518
3.721
4.355
5.181
5.552
4.997
3.912
3.207
3.084
3.223
3.242
3.119
2.913
2.71
2.706
2.939
3.286
3.553
3.598
3.262
2.685
2.371
2.68
3.456
4.047
4.105
3.627
3.052
2.652
2.826
3.308
3.945
4.275
4.171
3.662
2.849
2.421
2.6
3.427
4.152
4.344
3.922
3.271
2.742
2.569
2.837
3.476
4.249
4.599
4.241
3.43
2.797
2.747
3.029
3.44
4.017
4.616
4.846
4.25
3.303
2.797
3.025
3.735
4.224
4.266
3.784
3.13
2.706
2.73
3.143
3.629
3.911
3.733
3.173
2.535
2.281
2.543
3.156
3.819
4.232
4.23
3.858
3.513
3.532
3.871
4.191
4.411
4.623
4.806
4.666
4.174
3.701
3.539
3.617
3.592
3.466
3.474
3.717
3.952
3.856
3.54
3.301
3.335
3.517
3.658
3.649
3.424
3.043
2.734
2.809
3.219
3.696
4.008
3.996
3.781
3.492
3.468
3.671
3.756
3.584
3.189
2.893
2.925
3.414
4.154
4.793
4.949
4.562
3.718
2.71
2.818
3.734
4.685
4.028
2.587
1.929
2.678
4.386
5.003
4.065
1.86
0.804
0.973
1.74
3.487
4.988
6.094
3.963
0.58
-2.329
-3.739
-2.523
-1.325
-0.32
-0.928
-1.976
-2.97
-3.806
-3.984
-3.705
-3.608
-3.741
-3.754
-3.296
-2.83
-2.659
-2.626
-3.134
-4.09
-4.228
-2.544
-0.99
-1.372
-3.003
-3.24
-2.87
-3.775
-5.058
-4.642
-2.7
-2.073
-2.804
-3.327
-2.897
-2.812
-3.426
-3.904
-4.051
-3.98
-3.921
-3.631
-3.476
-3.643
-3.787
-3.571
-2.921
-2.38
-2.277
-2.577
-3.041
-3.271
-3.466
-3.517
-3.535
-3.592
-3.785
-4.008
-3.776
-3.231
-2.729
-2.683
-3.002
-3.398
-3.644
-3.647
-3.433
-3.201
-3.201
-3.577
-4.117
-4.444
-4.297
-3.68
-2.895
-2.518
-2.856
-3.555
-3.986
-3.874
-3.675
-3.525
-3.336
-3.12
-3.233
-3.88
-4.528
-4.613
-4.009
-2.853
-1.7
-1.382
-2.136
-3.359
-3.775
-3.586
-3.328
-3.301
-3.293
-3.243
-3.678
-4.378
-4.842
-4.475
-3.587
-2.828
-2.546
-2.644
-2.991
-3.582
-4.194
-4.417
-4.017
-3.3
-2.828
-3.02
-3.744
-4.362
-4.419
-3.983
-3.451
-3.123
-2.985
-3.077
-3.425
-3.857
-4.109
-3.901
-3.259
-2.747
-2.607
-2.93
-3.391
-3.642
-3.61
-3.128
-2.833
-3.025
-3.509
-3.767
-3.611
-3.439
-3.532
-3.533
-3.322
-2.992
-3.002
-3.279
-3.509
-3.753
-4.056
-4.314
-4.215
-3.865
-3.513
-3.351
-3.325
-3.508
-3.769
-3.984
-3.736
-3.163
-2.72
-2.868
-3.473
-4.019
-4.304
-4.281
-4.028
-3.641
-3.468
-3.727
-4.196
-4.32
-3.885
-3.213
-2.816
-2.921
-3.344
-4.175
-5.167
-5.827
-5.499
-4.342
-3.419
-3.199
-3.679
-4.202
-4.442
-4.167
-3.574
-2.926
-2.657
-2.978
-3.872
-5.058
-5.751
-5.679
-4.803
-3.791
-3.156
-3.104
-3.542
-4.138
-4.442
-4.03
-3.071
-2.182
-1.998
-2.545
-3.392
-4.042
-4.23
-4.086
-3.895
-3.79
-3.727
-3.709
-3.874
-4.146
-4.163
-3.62
-2.854
-2.447
-2.655
-3.245
-3.828
-4.215
-4.235
-3.864
-3.31
-2.992
-3.188
-3.695
-4.043
-3.908
-3.438
-2.98
-2.745
-2.735
-2.983
-3.423
-3.811
-3.872
-3.646
-3.566
-3.69
-3.9
-3.841
-3.593
-3.213
-2.802
-2.617
-2.842
-3.41
-3.749
-3.609
-3.273
-3.234
-3.603
-3.987
-3.971
-3.536
-2.987
-2.799
-2.982
-3.296
-3.425
-3.3
-3.106
-3.012
-3.124
-3.36
-3.57
-3.673
-3.614
-3.302
-2.812
-2.477
-2.641
-3.235
-3.785
-3.937
-3.715
-3.358
-3.054
-2.96
-3.226
-3.852
-4.495
-4.657
-4.165
-3.249
-2.537
-2.423
-2.91
-3.61
-4.072
-4.129
-3.778
-3.23
-2.762
-2.694
-3.211
-4.021
-4.637
-4.548
-3.919
-3.242
-2.83
-2.722
-2.67
-2.88
-3.34
-3.837
-3.857
-3.307
-2.726
-2.755
-3.415
-4.13
-4.422
-4.199
-3.715
-3.145
-2.748
-2.678
-2.978
-3.504
-3.967
-4.084
-3.802
-3.454
-3.285
-3.735
-4.68
-5.278
-4.795
-3.427
-2.659
-2.84
-3.334
-3.621
-3.57
-3.572
-3.5
-3.492
-3.594
-3.729
-3.856
-3.685
-3.223
-2.808
-2.896
-3.343
-3.72
-3.908
-3.962
-3.916
-3.524
-3.128
-3.021
-3.148
-3.162
-2.841
-2.713
-3.065
-3.678
-4.033
-4.128
-4.112
-3.919
-3.487
-3.201
-3.611
-4.064
-3.915
-3.046
-2.268
-2.202
-2.542
-3.088
-3.537
-3.931
-4.078
-3.921
-3.512
-3.116
-3.029
-3.389
-3.942
-4.249
-4.099
-3.563
-2.974
-2.576
-2.756
-3.541
-4.54
-5.093
-4.823
-4.102
-3.338
-2.898
-2.81
-3.068
-3.608
-4.14
-4.227
-3.646
-2.77
-2.277
-2.45
-2.955
-3.433
-3.729
-3.881
-3.803
-3.514
-3.164
-3.011
-3.28
-3.758
-3.963
-3.492
-2.647
-2.114
-2.214
-2.738
-3.313
-3.793
-4.111
-4.095
-3.719
-3.321
-3.311
-3.662
-3.929
-3.799
-3.448
-3.114
-2.864
-2.744
-2.911
-3.424
-3.871
-3.934
-3.742
-3.676
-3.837
-3.99
-4.163
-4.315
-4.136
-3.571
-3.044
-3.46
-4.51
-5.296
-5.129
-4.27
-3.554
-3.117
-2.984
-2.99
-2.983
-2.813
-2.584
-2.653
-3.13
-3.563
-3.728
-3.783
-4.482
-5.773
-6.822
-6.794
-6.023
-5.575
-5.338
-4.807
-3.852
-3.282
-3.525
-3.893
-3.789
-3.265
-2.875
-2.835
-2.853
-3.026
-3.43
-4.028
-4.304
-4.016
-3.295
-2.486
-2.044
-2.168
-2.804
-3.458
-3.755
-3.352
-2.41
-1.377
-1.009
-1.5
-2.347
-2.908
-2.714
-1.902
-0.753
0.229
0.78
1.289
2.391
3.73
4.286
3.856
2.98
3.61
4.684
5.426
3.999
1.789
1.054
1.33
2.195
2.234
2.648
3.244
3.876
4.214
4.167
3.75
3.235
2.948
3.235
3.933
4.478
4.339
3.675
3.243
3.252
3.402
3.356
3.26
3.494
3.807
3.867
3.7
3.719
4.096
4.288
3.977
3.163
2.31
1.767
1.883
2.57
3.346
4.259
5.158
5.942
5.895
5.002
3.969
3.187
2.958
2.988
3.237
3.52
3.736
3.78
3.564
3.247
3.2
3.75
4.502
4.698
4.036
2.927
2.155
1.813
1.931
2.525
3.302
3.842
3.604
3.043
2.684
2.881
3.431
3.714
3.652
3.267
2.922
2.651
2.428
2.502
2.968
3.72
4.304
4.404
4.125
3.702
3.287
3.022
3.075
3.562
4.161
4.289
3.548
2.401
1.712
1.99
2.966
3.853
4.402
4.567
4.464
4.097
3.494
3.053
3.043
3.573
4.096
4.022
3.283
2.543
2.429
2.852
3.447
3.918
4.255
4.199
3.709
3.153
3.061
3.456
3.824
3.761
3.299
2.808
2.585
2.721
3.147
3.751
4.255
4.365
4.027
3.631
3.546
3.757
3.998
4
3.662
3.171
2.88
3.005
3.352
3.587
3.691
3.702
3.731
3.697
3.699
3.74
3.721
3.578
3.308
3.303
3.605
3.975
3.996
3.621
3.727
4.56
5.561
5.789
5.17
4.636
4.205
3.581
2.667
2.128
2.386
2.964
3.394
3.477
3.487
3.533
3.671
3.945
4.23
4.477
4.527
4.366
3.982
3.384
2.82
2.599
3.083
4.11
4.988
5.096
4.447
3.662
3.143
3.094
3.469
4.072
4.601
4.718
4.372
3.641
2.858
2.502
2.788
3.529
4.12
4.079
3.523
2.913
2.702
2.879
3.313
3.828
4.088
3.822
3.142
2.631
2.657
3.146
3.728
4.107
4.197
3.867
3.321
2.905
3.054
3.678
4.132
3.99
3.348
2.926
2.982
3.337
3.596
3.691
3.708
3.523
3.172
2.975
3.276
3.851
4.06
3.724
3.268
3.176
3.403
3.555
3.568
3.487
3.444
3.133
2.578
2.082
2.032
2.425
2.722
2.803
2.77
3.043
3.559
4.009
4.068
3.702
3.294
3.094
3.187
3.364
3.478
3.558
3.59
3.443
3.031
2.683
2.904
3.638
4.284
4.317
3.809
3.205
2.841
2.811
3.045
3.46
3.796
3.684
3.088
2.349
2.033
2.303
2.967
3.69
3.99
3.843
3.489
3.268
3.216
3.254
3.55
4.1
4.554
4.405
3.522
2.465
1.953
2.34
3.178
3.952
4.347
4.357
3.948
3.26
2.826
2.953
3.639
4.224
4.229
3.554
2.726
2.401
2.691
3.284
3.691
3.815
3.768
3.759
3.974
4.138
4.015
3.574
2.976
2.327
1.647
1.456
1.964
2.773
3.302
3.389
3.324
3.185
2.998
2.788
2.702
2.763
2.749
2.532
2.132
1.931
2.097
2.607
3.31
4.642
6.425
7.721
7.359
5.752
4.418
3.789
3.54
3.188
3.078
3.255
3.465
3.894
4.689
5.656
5.915
5.167
4.2
3.653
3.639
3.435
2.884
2.232
1.913
1.941
2.146
2.354
2.674
3.102
3.373
3.354
3.121
3.188
3.602
4.153
4.286
3.887
3.274
2.641
2.482
2.576
3.03
3.458
3.651
3.751
3.558
3.337
3.074
3.152
3.652
4.293
4.61
4.28
3.459
2.672
2.379
2.733
3.478
4.129
4.295
3.903
3.272
2.729
2.54
3.107
4.404
5.731
5.964
4.851
3.507
2.963
3.411
4.274
0