5.461762895
5.746882919
5.812358023
5.921088563
5.830234297
5.743035549
5.714235221
5.733864274
5.468783722
5.395037714
5.553382749
5.832899589
5.733081687
6.198782805
6.17849259
6.620095587
7.052767732
7.288465114
7.330188159
7.573594852
7.49822417
7.188098975
6.863668025
6.556173516
6.73248893
6.764697673
7.039976154
6.863055433
6.808249995
6.880152156
6.852321411
6.729714355
6.466847998
6.556542043
4.958717337
4.671742538
4.549422653
4.805778777
5.23766287
5.53696601
5.951767344
6.105184928
6.311816668
5.701492821
5.286042466
4.997058073
5.02377322
5.123272683
5.044588601
4.827612615
4.701598661
4.818265577
4.933061022
4.862755001
4.502548127
4.501635918
4.475144498
4.21627031
4.085960319
4.05598186
4.045400531
4.47805598
4.645722249
4.63213169
4.998323024
5.215590735
5.228564451
5.059635052
4.926793944
4.77364046
4.862290548
4.266686821
4.200668033
3.994536264
4.018799524
4.2302212
4.621923745
4.947989994
5.280913449
5.331162392
5.699030917
5.676263012
6.215914134
6.595642295
6.468345176
6.512278167
6.339141068
6.213672618
6.160198611
5.88134779
6.163026006
6.023925105
6.606556634
6.95445915
7.218299947
7.032265629
6.712870198
6.265044747
5.989085676
5.541955994
5.311492055
5.307916071
5.013442938
4.996817347
5.075553339
5.025165364
5.116514742
4.783611929
4.669402363
4.914900004
5.134590762
5.565096675
5.663401007
5.76366697
5.724846603
5.832946945
6.025236502
5.893945695
6.257226154
6.2472049
6.497300321
6.770996019
6.652538682
6.917304135
6.853761519
6.747601558
6.660354847
6.629642673
6.301787522
5.960392204
5.382870264
5.295962937
5.382311099
5.459653732
5.54016436
5.804945598
5.970000003
5.916084007
5.898601152
6.415147413
6.293483833
6.383241626
6.515938541
6.425250021
6.290627296
5.988174377
5.76179823
5.678706095
5.637885242
5.528233689
5.785607966
6.402225909
6.54692635
6.407628133
6.214434563
6.159752372
6.180321866
6.440783997
6.006322038
5.251556386
4.873045516
4.355125021
4.274035801
4.210134069
4.15327836
3.671818021
3.582426631
4.121657923
4.617083114
4.869729383
4.602029377
4.415454716
3.63267952
3.380748144
3.817817413
3.939557491
3.582922047
3.795333037
3.885049545
3.844074482
3.872013598
4.263637217
4.597617986
4.709026264
4.731215575
4.82075723
5.144058922
4.633353535
4.282865566
4.009573001
4.035133997
4.056269638
3.817429762
3.896438355
4.107090799
4.5390778
4.709004407
5.052637903
5.383871417
5.050522669
4.490812648
4.644193501
4.584811836
5.165647784
5.584765798
5.850434658
5.789886397
5.884449
5.534258826
5.391602584
5.239775068
5.518204542
5.619280414
5.989670948
6.238178729
5.955393719
6.013072694
6.142462583
6.186293577
6.170733495
6.357368869
6.599402846
6.761886671
6.967055233
6.873692922
6.890925641
6.920455736
6.989041156
7.011949307
6.930924443
7.010903833
6.422680656
6.537104235
6.663312167
6.277019131
6.261003704
6.538661518
6.402662434
6.16401866
6.14103219
5.862863781
5.329280903
5.223627287
5.26090737
5.476180969
5.635621262
5.76238168
5.808289658
5.969737724
6.342299954
6.309354764
6.144606959
6.227373673
6.169916301
5.884247433
5.687050461
5.665294032
5.612298443
5.831847436
5.536187064
5.249498829
5.321247386
5.251009971
5.488391526
4.979150835
5.091427002
5.16308024
5.222765772
5.019325097
4.998570125
4.948521535
4.791467254
4.83426188
4.653039355
4.779968251
4.930522317
5.171213326
5.279810298
5.429925106
5.421902518
5.392989265
5.483827138
5.751322238
5.768006721
5.68213394
5.574676546
5.717336431
5.892548693
5.910968348
5.595956987
5.553326893
5.637352184
5.694386995
5.77127914
5.913472143
5.668409813
5.709102562
6.175021639
6.455364174
6.900108451
6.657931192
6.500530849
5.928612092
6.02275092
5.852591176
5.983923875
5.45929492
5.428412751
5.490898964
5.089256824
5.280877022
5.417395807
5.388280988
5.215534879
4.554587794
3.792006584
4.055287002
4.283904969
4.611704871
5.619345984
6.847322927
7.310465002
6.829791501
6.616123756
5.739140216
5.229654246
4.781677923
5.005680807
5.482002718
5.775710567
5.082731413
5.10551662
5.430316704
5.646383212
5.783274774
5.69938548
5.31040226
5.414921761
4.983384034
5.334364385
5.193144608
5.370813917
5.039842985
4.987210762
5.101215726
5.128682193
5.313799141
5.732801193
5.812365308
5.991744897
6.075812079
6.254026589
6.221326679
6.25927521
6.348119883
6.31273586
6.083886881
6.141788671
5.835811982
5.669395788
5.694705737
5.647375259
5.828065029
5.617440816
5.602327581
5.446323024
5.103219248
4.61377882
4.663933658
4.975799489
5.279301525
5.407274378
5.682370112
5.695624929
5.952426078
6.227344531
6.009324893
5.537876094
5.850013311
5.247447951
5.485730484
5.932156505
6.14985133
6.09261738
6.237492067
6.129102733
6.268318381
5.968915065
6.151647214
6.052641042
6.072148062
5.737313368
5.473651674
5.577964751
5.499004729
5.550793955
5.899807515
6.196530968
6.452729846
6.543287226
6.882178141
6.985947232
6.956352782
6.342227099
6.062240342
5.637522179
5.367717565
5.16397029
5.282101599
5.332098584
5.057818829
5.037974549
5.136427324
5.107337397
5.522559471
5.441494536
5.310795679
4.965069413
5.325821488
5.322870239
5.519816467
5.419868639
5.588571276
5.355068662
5.554933961
5.302189033
5.663179406
6.008036568
5.568616196
5.168975452
4.749749369
4.600153352
4.759452488
4.92717006
4.284865749
4.62912155
4.853942539
5.096607625
5.108346443
4.609612709
4.228460832
3.944323141
4.030030176
3.755870633
4.013262517
4.222062311
4.640605679
4.691717654
4.838989282
4.729184125
4.495993271
4.330578231
4.577535105
4.996188059
5.39577416
5.393799173
5.364122153
5.200640816
5.483482896
5.638974429
5.573532717
5.155228255
5.167350171
5.487982928
5.22141127
5.542854543
5.593037309
5.039954697
5.633364567
6.289817995
5.994140624
6.229924218
6.10988592
6.285996732
5.939205867
6.027355985
5.794638994
5.385343703
5.437735807
5.542895221
5.649778878
5.554062732
5.204478472
5.610661626
5.358401794
5.606615118
5.75739716
5.372124099
5.399745384
5.28716201
5.601388961
5.982064242
6.242745545
5.882258482
5.596373477
5.909281746
6.247802314
6.656633153
6.540729396
6.435744228
6.167258902
6.110369801
6.290032918
6.000845137
6.219102163
6.404704205
6.510647421
6.277540047
6.191116601
6.273424327
6.152856613
6.053798835
6.486158916
6.636435221
6.705610162
6.481680134
6.255560195
6.114349524
5.92128588
5.950179705
5.824032486
5.74140541
5.471005203
5.24946058
5.468840792
5.499437611
5.448046054
5.126438248
4.570029486
4.129461945
4.226359259
4.061111483
4.313670326
4.549891356
4.853633511
5.226401254
5.685223006
5.499815852
5.744549726
6.476923893
7.008562748
7.101831561
6.720243767
6.006815026
6.090276295
6.313880903
6.223443127
6.280391727
6.589778047
6.819178905
6.770960198
6.384341742
5.951951304
5.732294849
5.362380303
5.542293557
5.24335773
4.96935179
4.865331652
4.873312348
5.054423162
4.877347928
4.377887157
3.836436205
4.049513822
4.294430745
4.07626145
4.172322748
4.790502224
5.04294298
5.193725629
5.356264096
5.16058798
5.817839781
5.727261151
6.307320886
5.518777671
5.908886506
5.350438097
4.842904953
4.670444802
5.368406048
5.780840191
5.13559738
5.800865698
5.99433794
5.040916387
4.710097541
5.453453742
5.957584844
5.221372414
4.87448957
5.425848849
6.154520751
5.740280402
4.946805488
4.793443759
4.503129149
5.132630346
5.540994911
5.766539292
6.171083808
6.283724859
6.524692112
6.592336484
6.316421734
6.420220574
6.39353548
6.976078975
7.208931963
7.574574756
7.524010107
7.716405304
7.14373553
6.289477396
5.627018259
4.710731383
4.806523723
5.221160526
5.569981626
5.274167651
4.905273384
5.286259211
5.974912882
6.235985783
6.140878586
6.662134339
6.588612361
6.594649034
7.055903548
6.388124149
6.157233398
6.411940563
6.45459555
5.721236014
5.519733291
5.416054662
5.356032174
5.647813605
5.812359844
5.922479493
5.970904624
6.140865229
5.630002293
5.845501136
5.857078459
5.729373956
6.21031945
6.608356768
7.004894481
7.270385452
6.898139535
6.48872221
6.198790091
5.852807921
5.959857324
5.607646629
5.162749963
5.047944804
4.930224824
4.54659708
4.277749602
4.505104136
4.84648883
4.56193131
4.842453554
4.877165182
4.941653703
4.688256721
4.404260491
4.502973117
4.654594209
4.78650793
4.85697484
4.945285846
5.033127847
5.57505418
5.883056855
6.566903895
7.254006961
7.140535359
6.747194782
6.704622365
6.634770476
6.751852061
6.714020705
6.262169996
6.32114276
6.600064008
6.788341663
6.699172178
6.59709576
6.109238114
5.667625403
5.476323644
5.26052063
5.283618204
5.521548603
5.645221169
5.460100578
5.63952388
6.106912814
6.268981364
6.651711774
6.866438957
6.883442789
7.115528367
6.801288666
6.225190441
5.705428224
5.279149743
5.127068447
5.070322325
5.13821653
5.136757602
5.217356263
5.655909656
5.888640004
6.199051763
6.762277054
6.716749138
6.522235065
6.901153318
7.197825772
6.970591146
7.292775722
8.064307213
7.845290063
7.561738251
7.385993537
7.043462889
7.326806457
7.084519915
7.059288286
6.742692929
6.439704523
6.46946047
6.299890854
6.305858315
5.972568761
5.761568736
5.632166704
5.391442303
5.553389427
5.511386496
4.962074755
4.630023135
4.385436793
4.203448376
4.386845633
4.585944433
4.853366375
5.033152435
5.019271366
5.356024888
5.622858826
6.026817463
6.104589336
5.642126638
5.038745298
4.471591585
4.488328281
3.929857711
4.010670385
3.862816521
3.588102366
3.899550492
4.481064298
4.770543804
4.950839245
4.934517218
5.046670139
4.921618785
4.823396719
4.744382966
4.726394979
5.183994583
5.851997405
6.190718932
6.853911479
7.176281837
7.1092367
7.041823644
6.720373085
6.261088094
6.142597973
6.333715165
6.303993218
6.570377274
6.20566035
5.832311889
6.241895566
5.993010151
5.73757929
5.960615627
5.471607474
5.006297649
5.584806476
5.444324359
5.374976993
5.472155103
5.865825958
5.62511552
4.886289708
4.369778357
4.408222001
4.847288721
5.739079503
6.57461017
6.638828519
5.961044259
5.356312667
4.579430862
4.081337647
3.522005563
3.027950356
2.97920284
2.904990558
3.075487258
3.359072463
3.804260854
4.353027394
4.465071335
4.515910102
4.648223313
5.254814841
5.706882295
6.48381176
7.242282107
7.636039781
7.893528198
7.867840009
7.690342517
7.086052913
6.540827143
5.762703458
4.954790738
4.431270398
3.677079392
3.258284066
3.122073702
3.41543397
3.967347861
4.384035542
4.624127316
4.835752986
4.959665975
4.879698424
4.626915247
3.90753726
3.850711604
4.028593408
4.334982337
5.166372695
6.056774976
7.58726798
8.301496308
8.526430526
7.856483074
6.829762966
6.359838666
6.553162161
7.206990368
7.090793975
5.964911057
6.203489261
7.11762903
6.898050287
6.719650603
6.856400097
7.104073077
7.004880517
6.475733316
6.380869577
6.694482115
6.391163431
6.39694086
6.801622587
6.280831894
6.05741671
6.42566894
6.271270237
6.331996993
6.65950851
6.083750884
6.311643637
6.888049069
6.607283366
7.015731107
6.982340285
6.20183423
6.593417171
7.015895032
7.758514483
7.57645321
7.472477089
7.169319294
6.438039171
6.334141369
5.686369264
5.796669837
5.649845662
5.280313
5.305746196
4.972657298
5.428055759
5.392545454
6.19949618
6.355553557
6.656500191
6.584914952
7.080698045
6.661057294
6.722470712
6.32644238
6.735445643
6.204875334
6.413816588
6.186255935
6.330861057
6.174943927
6.326005855
6.181751653
6.078132522
5.453603095
5.386336964
5.220756179
5.117529253
5.218813977
5.196744877
5.654318981
5.463213323
5.633620168
5.705743323
5.666171332
6.096346967
5.67454484
5.59787794
6.330671026
6.178368129
6.332459625
6.719269326
6.683069324
7.059479531
7.175427608
6.888484379
6.669565584
6.709609314
6.941630537
7.181678597
6.980817609
6.927074037
6.884730507
6.892558815
6.596059392
6.070491817
6.121222213
6.032302864
5.566718314
5.013100518
7.318941115
7.088839631
6.16505017
5.263715337
4.819818914
4.640593232
4.718111022
5.118801793
5.385790549
5.302315923
5.101757891
4.842464179
4.68616304
4.805979433
4.974266794
5.422513896
5.744931609
5.33452831
5.344807592
5.189592302
4.915292209
4.731132095
4.652903662
4.958815085
5.434450031
5.409052048
5.11637146
5.125927047
4.995565753
4.919647441
5.098321547
4.642938871
4.608756658
4.663831054
4.756090821
4.593634316
4.360119559
4.661088353
5.007670973
5.318919051
5.72055603
6.19366411
6.333140822
6.843595769
6.694822106
6.7014653
7.037363075
6.726723036
6.892254037
7.041890428
6.977202769
6.64066326
6.067079151
6.134795772
6.044643953
5.695453112
6.130646052
6.195580812
6.1278138
6.108759091
5.856301335
5.526315164
5.352670506
4.859096752
4.809634647
5.281597683
5.681110322
6.359069435
6.379509611
6.299015983
6.443621105
6.59035664
6.406331915
6.225597217
5.614013579
4.980964933
4.516417358
3.779151257
3.224149817
2.997283414
3.475700523
3.260542582
2.916393028
3.420943352
4.737872429
4.978335462
4.956634585
5.403851998
5.85560678
5.722208025
5.537702456
6.029356472
6.460156842
6.682134347
7.17059062
7.564160691
7.326185365
7.197275714
6.821326317
6.774269045
6.419419165
6.403715801
6.363696357
5.500938431
4.814884178
4.550202509
5.726800948
5.995069529
5.711893529
5.322205434
4.860643106
4.089779761
3.683298203
3.71806842
3.366683115
3.462831232
3.693922639
4.307486121
4.658392705
4.416259464
4.667444679
4.607686292
4.443036841
4.751997261
4.391430967
4.383751102
4.195546909
3.623507638
3.34327378
3.142849923
3.002883562
3.273912753
3.406191358
3.753122772
4.396328668
4.906021973
4.71261955
4.471941291
4.594366512
4.550204027
4.574445431
4.831826387
5.174773524
5.310486651
5.569184467
6.287615335
6.127685696
5.614498067
5.033415625
4.110580874
3.294321055
2.168603427
1.360426758
0.6663555322
0.1518895381
0.3623310246
1.03839882
2.011426659
3.319491668
4.647567918
6.248980749
7.239075257
8.309156441
9.823397237
11.20441595
11.72533414
12.01688912
11.42298565
11.18503036
11.35014487
11.35729684
10.65646843
10.39938861
9.755799007
9.408268661
9.083956708
8.665236363
8.261536362
8.144095358
8.075658683
7.656486028
7.317148266
7.153493898
7.077654513
6.979398751
6.973742747
7.119417629
7.308552549
7.164931581
6.905791775
7.643223925
7.811979382
7.389969011
6.778147986
6.168759722
6.31379287
6.377575301
6.262802624
5.827913247
5.957226639
6.361957542
6.214424849
6.260487645
5.779687862
5.223403257
5.317853541
4.693700837
4.656536108
4.549396547
4.004433967
3.700750703
3.653369225
3.428852407
3.051493259
3.19146296
3.3253374
2.876276747
2.725758502
2.524014901
2.354610121
2.972139818
2.952209326
2.927191405
3.164815204
3.076733388
3.385804305
4.66974873
5.673002128
5.334561094
4.034140129
2.560172253
2.034091351
2.008152721
2.156090369
2.704821999
4.084926076
5.0761292
6.624325447
7.510578616
7.510578616