0.2188248783
0.2184927166
0.2151244581
0.2099261433
0.2108803838
0.2125757784
0.2167479545
0.2092780024
0.2098160684
0.215026781
0.2113889903
0.2112760246
0.2111000568
0.212147966
0.2181566805
0.2188583016
0.231703639
0.2358190417
0.2340158671
0.2274825573
0.2241099477
0.2230074406
0.2192894071
0.2181191891
0.2144121081
0.2068555951
0.2045244426
0.2032929361
0.2046862841
0.2056173086
0.2117593735
0.2117965221
0.2114851773
0.2127738446
0.2459370643
0.2427716851
0.2300632298
0.2145899385
0.2082416713
0.2092759311
0.2008793205
0.2070141286
0.2039871365
0.207365334
0.2024104893
0.1978055686
0.1975622028
0.1984635442
0.2026682496
0.2086782604
0.2079719603
0.2013026625
0.2007840872
0.1952211112
0.1979188174
0.1956981122
0.1903101504
0.1913835853
0.195940122
0.1968268156
0.202511549
0.2013611943
0.2054686695
0.209640801
0.2066758573
0.2079583257
0.2055879086
0.2143971175
0.2073887885
0.2061969936
0.2034662366
0.2022754997
0.1990858614
0.200357452
0.1984657943
0.2017038912
0.207762301
0.2138961256
0.214976415
0.213432759
0.2114619762
0.2117177248
0.2142585218
0.2104733884
0.2083228379
0.2020355612
0.2086170763
0.2120643109
0.2132601738
0.2151215822
0.2226501256
0.2302308232
0.2272806913
0.2271254808
0.2255381495
0.2284473777
0.2316135317
0.2334452868
0.2297194153
0.2178518474
0.2160219997
0.2130248696
0.2212219536
0.2235583067
0.2185513973
0.2170874327
0.2106226534
0.2174533457
0.2206663042
0.2147814631
0.218292743
0.2174944431
0.2165320963
0.2182694077
0.2212806344
0.2182559967
0.2210774422
0.2159510404
0.2122537643
0.21455203
0.2267822623
0.2253901064
0.2287638932
0.2270072401
0.2299710512
0.2324011624
0.2334648073
0.2292435914
0.2247671932
0.2196826935
0.2225453258
0.2194472551
0.2227056772
0.221708566
0.2149397582
0.2121561468
0.2162149251
0.2225207239
0.2218108922
0.2164565027
0.2168872803
0.2209281474
0.2200831473
0.2154577971
0.2100002915
0.2070883662
0.2100040317
0.2150801569
0.2142224312
0.216419816
0.2186016291
0.2106765956
0.2121386379
0.2096268535
0.2100099474
0.2137740254
0.216244787
0.2118835598
0.2130685151
0.2200858444
0.2149933875
0.199772954
0.1961895525
0.1910025477
0.1948332489
0.1970149875
0.1890559494
0.1908421665
0.1929698288
0.1987257451
0.2041225582
0.2059415728
0.2191928327
0.2205415964
0.215204373
0.208606571
0.2096339166
0.2081076503
0.2027022243
0.2032241374
0.2064682543
0.2042870373
0.2098830789
0.2100413293
0.2132434398
0.2161011547
0.2073917389
0.2090279162
0.2062015831
0.2070557624
0.2051748931
0.197943151
0.2039551735
0.2099305093
0.2074960023
0.2120752633
0.2163210362
0.2168353051
0.2144037485
0.2083402872
0.2056033313
0.2060041428
0.2045314163
0.2077891827
0.2171602398
0.2186325341
0.2143698782
0.2145381868
0.2183566093
0.2193550467
0.2208815515
0.2191868722
0.2224474251
0.2180620432
0.2142789513
0.2215169817
0.221441105
0.2177046388
0.2237734348
0.2283876538
0.2318900377
0.229599759
0.2271848619
0.2301714569
0.2311014533
0.2244823575
0.2231660634
0.2248311043
0.2269778401
0.231737718
0.2316241115
0.2348052114
0.2350704819
0.2335525602
0.2309624553
0.2242094129
0.2212013751
0.2156719863
0.2179162651
0.223816663
0.2249047607
0.2267052382
0.2286788076
0.2283895165
0.2290473133
0.2230555117
0.2162954062
0.2235392034
0.230693996
0.2283487618
0.2289048582
0.2375149131
0.2423647493
0.240741387
0.2353849113
0.2335689962
0.2283730358
0.220593214
0.2204383314
0.2239835858
0.2276522517
0.2251091599
0.2292118967
0.2287239581
0.2247634679
0.2231416702
0.2235088199
0.2201034129
0.220845446
0.222935304
0.2162459195
0.2111757398
0.2113874406
0.2162459046
0.2204387188
0.2183630168
0.2168137878
0.2193934917
0.2221578509
0.2235017866
0.2219553888
0.2204992473
0.220965445
0.2260789424
0.229253456
0.227700457
0.2307106555
0.2241288275
0.225030452
0.2281363159
0.223192662
0.2219336778
0.2174412459
0.217622757
0.2193312645
0.2204810679
0.2225391418
0.2210569829
0.225503251
0.222602576
0.2205518931
0.2233290523
0.2300635129
0.2252508253
0.2247034907
0.2164805233
0.2150099277
0.2140378803
0.2206516266
0.2235014588
0.2225331813
0.2198060602
0.2179707736
0.224490419
0.2209052145
0.2184319347
0.2144810855
0.21610865
0.2131503522
0.2118373513
0.213136524
0.2200852782
0.230898425
0.2267273813
0.2295792848
0.2274996936
0.2344531864
0.2274925411
0.220824495
0.2161607295
0.2223931104
0.2222604305
0.2195423692
0.222125113
0.2254602909
0.2258496881
0.2337385863
0.2230984271
0.2215895057
0.2183189243
0.2239033878
0.2162009478
0.2219381183
0.2217158377
0.2199719995
0.2211454362
0.2257461101
0.2296527624
0.2400186211
0.240139842
0.2388658524
0.2391010225
0.2369055748
0.234674111
0.2328224331
0.2311753035
0.2316048145
0.2321821004
0.2327944934
0.2298936993
0.2307906598
0.2315232754
0.2347739637
0.2380709052
0.2363335639
0.2369597256
0.2314878106
0.2341862172
0.228935793
0.2246996015
0.2288506478
0.2300665528
0.2269318849
0.2350064963
0.2370380908
0.2403370589
0.2432355583
0.248574093
0.2449800968
0.2418359667
0.2372900546
0.2330924422
0.2366258055
0.2373966724
0.2402386367
0.2403614521
0.2430000603
0.2458090484
0.2425794303
0.2410705984
0.2369349003
0.2369011641
0.2382394224
0.2366042137
0.2320953012
0.2281712294
0.229409948
0.2321958542
0.2373282015
0.2422889918
0.2376191467
0.2391144037
0.237285316
0.2417397499
0.2357054204
0.2266160846
0.2233964652
0.2231905013
0.2210719436
0.2205395103
0.2242304385
0.2263509482
0.2252676487
0.222701624
0.2193757147
0.2202198803
0.222482577
0.2308287024
0.2271563411
0.2249421775
0.2266390622
0.2261372805
0.2261826545
0.2305047363
0.2277850062
0.2319289148
0.2222177684
0.2255757302
0.2197583467
0.2153728902
0.2276001275
0.2251502723
0.2141937315
0.212562874
0.2323291898
0.2283979654
0.2275219709
0.2316206694
0.2363341451
0.24514018
0.2528313994
0.2459078431
0.2305432409
0.2189425826
0.2148840427
0.2178528607
0.2177758217
0.2239969969
0.220045805
0.2261670232
0.2354310304
0.2427222729
0.2423870713
0.2410496324
0.2386627346
0.2316528857
0.2326606661
0.24062711
0.2420818955
0.2340923548
0.2345015407
0.2445521057
0.2523929477
0.2437440753
0.2449351102
0.2465738952
0.2414264828
0.2417144477
0.2383125871
0.2302936316
0.2379256338
0.2411963344
0.2556937039
0.257866621
0.2635160089
0.2540901899
0.250939101
0.2408424318
0.2331145704
0.2331703007
0.2330179065
0.2424974889
0.2560166121
0.2481860518
0.2407715619
0.2334274799
0.2278332412
0.2336102128
0.2386502922
0.2370599061
0.2343239188
0.2375229299
0.2326735109
0.2314173281
0.236967966
0.2405491322
0.2410336137
0.2427536696
0.2414734662
0.2457628548
0.2448389083
0.2420167923
0.2444154173
0.2447765321
0.2460953444
0.2487192899
0.2538465261
0.2538254857
0.2477227598
0.2485058457
0.2456365377
0.2455925494
0.2412396371
0.2438652962
0.2404150814
0.2418691367
0.2425808012
0.2410660088
0.2384789884
0.2356381118
0.2256602198
0.2161417603
0.2233861685
0.2329294384
0.2362566143
0.2373108715
0.2337795794
0.2395780534
0.2417367399
0.2367681563
0.2249058336
0.2205418199
0.2169849128
0.2155433595
0.2200004011
0.2251274437
0.2253600508
0.2292186469
0.2315010428
0.2333305925
0.2280837148
0.2340464741
0.2336980551
0.2358433902
0.2385104448
0.2358144522
0.24003838
0.2411964536
0.2399959266
0.2389548421
0.2408966869
0.2392535657
0.2341719121
0.2249372602
0.2227236032
0.2229009569
0.2275255173
0.2250976861
0.2185869068
0.2188512534
0.2209843695
0.2243225425
0.2268218547
0.232113421
0.2275097966
0.2226348221
0.2203506529
0.2280430496
0.2250228375
0.2251084298
0.2253282964
0.216993466
0.2343063205
0.2327957302
0.2428231239
0.2344440967
0.2431332022
0.2420899719
0.2477364391
0.2364915609
0.2300226837
0.2152352035
0.2168715
0.2261912078
0.2228661925
0.2260481566
0.2348488122
0.2279704958
0.2218801528
0.2282263339
0.2468179762
0.2395222783
0.22780101
0.2239256352
0.2404149175
0.2525189221
0.2501393259
0.2366405278
0.2314192802
0.2295801491
0.2308328301
0.2333210111
0.2399183959
0.2462186366
0.2540469766
0.2672749758
0.2711399794
0.267133981
0.2606490254
0.2536651194
0.2464412749
0.2440528423
0.2458358556
0.244625017
0.2351496071
0.2348349392
0.2476404011
0.2453080863
0.2405700386
0.2300045043
0.2350825071
0.2554555535
0.2575509548
0.2527000606
0.2497555912
0.2585862577
0.2616853118
0.2594493032
0.2649502754
0.2544880509
0.2569508851
0.263945967
0.2613404095
0.2656193972
0.2620177865
0.2554121017
0.2423065305
0.2401326001
0.2423848659
0.2392789871
0.2408786267
0.2414124608
0.2390790284
0.2394973934
0.2364684939
0.2368216813
0.239298135
0.2391535938
0.2390208393
0.2446565181
0.2513074279
0.2525370121
0.2498333007
0.2473424673
0.2481319457
0.2441518605
0.2350613922
0.2335078716
0.229828015
0.2276358604
0.2254221141
0.2202277482
0.2213269472
0.2266198248
0.2307900488
0.2302479446
0.226327762
0.2307413667
0.2304286808
0.2243596464
0.2174690068
0.2226590514
0.2234427929
0.227028653
0.2276955992
0.2279345989
0.233326003
0.244381398
0.246424228
0.2430264205
0.2458740622
0.2419723719
0.2330732197
0.2341650575
0.2287096232
0.2234552205
0.2285023928
0.2287358195
0.2322345376
0.2352037579
0.2391520143
0.2345670164
0.2333513051
0.2341551185
0.2273343951
0.2278105766
0.2376977503
0.2386757433
0.231887117
0.2320044935
0.23665452
0.2349531949
0.2424153537
0.2467837632
0.2380371094
0.2367762774
0.2300477326
0.2329162359
0.2357788086
0.2283077836
0.2257776856
0.2294453681
0.2316221446
0.2364689112
0.2366892099
0.2401125282
0.2424310744
0.242947489
0.2426033467
0.2433265299
0.2420136631
0.2517758906
0.260314554
0.2577413619
0.258110553
0.2588719428
0.2556153834
0.2592393756
0.2574733496
0.2523748875
0.2488029897
0.2521109283
0.2490560263
0.2448558807
0.242129311
0.2440571189
0.2425972074
0.2372647822
0.2363277674
0.2398130298
0.237440899
0.2328280509
0.2258004546
0.2238170207
0.2258289009
0.2353219986
0.2309887111
0.2241034955
0.2226942629
0.2272319347
0.2314738035
0.2269921005
0.2318555862
0.2366878539
0.2394135296
0.2378076613
0.2344259918
0.2289537936
0.2196204662
0.2180279195
0.2192896605
0.2210634798
0.2216878235
0.2136919796
0.2161611319
0.2183000743
0.2232153863
0.2245187461
0.2275548875
0.2331465632
0.2242097259
0.2269964963
0.2254657298
0.2284679264
0.2252979726
0.2288866639
0.2414712906
0.2388058603
0.2410082221
0.2323007882
0.2316240668
0.2365807295
0.225230366
0.229521513
0.2301306576
0.2330290079
0.2294028997
0.2263369262
0.2194537967
0.221474871
0.2328352034
0.2349243015
0.2308943123
0.2331195325
0.2222439945
0.218645215
0.2270092666
0.2136172652
0.2125158906
0.2152731866
0.2180510312
0.21339266
0.212355867
0.215843007
0.2160128057
0.2150992453
0.2212905437
0.2232163846
0.2153678238
0.2072467804
0.2054380924
0.2032475322
0.2031305879
0.2041817307
0.2093819678
0.2111013085
0.2123362422
0.2107455283
0.2078187764
0.2108181566
0.2154476047
0.2128632218
0.2066623718
0.2070052475
0.2073026597
0.2090000957
0.208236292
0.2029831111
0.205734849
0.2194702029
0.2297414839
0.2394638807
0.2467789501
0.2517966032
0.251868397
0.2603722215
0.2617199123
0.2513741553
0.2439172417
0.2360054702
0.2239846587
0.2159215957
0.2112462521
0.2048811615
0.2011109442
0.2047483623
0.2068555504
0.2177209854
0.2236692607
0.2330512851
0.2417126298
0.2552245855
0.2647900879
0.2628268898
0.2513801754
0.2427293211
0.2436122298
0.2346006036
0.2383338958
0.2468130738
0.2560175657
0.2506941557
0.2391482443
0.2268566936
0.2345160246
0.2367621511
0.2272486538
0.2352511287
0.2444960177
0.2349428087
0.2313922197
0.2319997698
0.2301236391
0.2299149781
0.2267155796
0.2252194434
0.2255297005
0.2348245531
0.2376926988
0.2367212623
0.2327450067
0.2300281972
0.2268814594
0.2213772386
0.2307935506
0.2376930267
0.2207265198
0.2299201488
0.2192795873
0.2192349136
0.221159786
0.2249005139
0.2327123731
0.2295633405
0.2333003283
0.242024228
0.2374739498
0.242047593
0.2369755208
0.2305008024
0.2318252623
0.2169091851
0.2158858925
0.2076319456
0.2114504278
0.2134418786
0.2206759304
0.2198858559
0.2307611108
0.228497982
0.2288360298
0.2213335037
0.2292792946
0.2159755081
0.2180859447
0.2121613473
0.2160199583
0.2044667006
0.2126510292
0.2097416967
0.2308752239
0.2214243412
0.2211702615
0.2157438397
0.2158965021
0.2159507275
0.2237198204
0.2197380811
0.2250514179
0.2215702385
0.2141667902
0.216922462
0.2107429355
0.2200786173
0.2186270505
0.2209351063
0.2242689282
0.2185328752
0.2118321955
0.2122309059
0.2086679041
0.217446357
0.2259047925
0.2169806957
0.2188765258
0.2235586494
0.2225502729
0.2188833207
0.219442755
0.2118428499
0.2146525085
0.2124005109
0.209300369
0.2070498914
0.2100541592
0.2169608772
0.2163728476
0.2166252583
0.2184660286
0.2115128934
0.2278959751
0.2331254035
0.2270273864
0.2225967795
0.221443966
0.2153897136
0.2108457834
0.2086351514
0.2100202888
0.217474401
0.2175048143
0.2172668278
0.2151873261
0.209652245
0.2141348571
0.214111656
0.2136138082
0.2176156789
0.2145016491
0.2133051008
0.2150103003
0.219388321
0.2186440229
0.2191435248
0.2155223042
0.2157446593
0.2139356285
0.2124471813
0.2157516181
0.219412148
0.2182518095
0.2266598195
0.2348486334
0.237322852
0.2346038818
0.232468918
0.2308228761
0.2326754481
0.229476124
0.2273697257
0.2240270078
0.2248490155
0.2192636132
0.2131037265
0.2162658274
0.2237268388
0.225106433
0.2278373986
0.2276453823
0.2202689946
0.2271164358
0.2229019254
0.2215877026
0.2131088972
0.2128705084
0.2142649293
0.2176692337
0.2189310491
0.2207020074
0.2156604379
0.2144611478
0.208441779
0.2132597864
0.2177422345
0.2143063396
0.2119206041
0.2148219943
0.2166167498
0.2080664337
0.2019986361
0.2045917511
0.2066578567
0.2172748446
0.215374738
0.2087015212
0.2049578279
0.2033927143
0.2028918564
0.1944057494
0.1921144575
0.1855698824
0.1889666319
0.1937377006
0.1996063441
0.1981459558
0.1931301802
0.1940606236
0.2024045587
0.2003411502
0.2053269446
0.2120373845
0.2088633329
0.2108561844
0.2067521513
0.2011624873
0.1992076784
0.1986647844
0.2082429379
0.2059949785
0.1957232952
0.1954255849
0.1944579482
0.2040392905
0.2063859999
0.2007184476
0.1979613155
0.2038902789
0.2072768807
0.2046815306
0.2034925073
0.2050995529
0.2032486498
0.2018066645
0.1989289224
0.2042621672
0.198302567
0.2028918266
0.2048681676
0.200834468
0.2070941329
0.2004725486
0.2066503763
0.2140000015
0.2148059905
0.2163440287
0.2183287442
0.2114452571
0.2096937001
0.2070599794
0.2120760679
0.2129821777
0.2153809816
0.2143045366
0.2188108861
0.2081649899
0.2053842694
0.209062025
0.2063877434
0.2070495337
0.2078884244
0.2134421766
0.2168688476
0.2205917835
0.220417127
0.2172320187
0.2293220162
0.230078578
0.2266508043
0.2287098318
0.2276035994
0.2208290696
0.2141469419
0.211962834
0.2129494548
0.2143384069
0.2149801552
0.2148065418
0.2171859592
0.2181045562
0.2160667479
0.2157267034
0.2206026763
0.2195125371
0.2143293321
0.2222788334
0.2251808196
0.2280783802
0.2333329767
0.229140386
0.2245215774
0.2230394632
0.2184514105
0.2113346457
0.2115659565
0.2108218074
0.2030260563
0.1975090653
0.1966365129
0.2026966363
0.200474143
0.1984400451
0.1956164092
0.2058500051
0.2095501721
0.2059163302
0.2094185203
0.2053289413
0.2018397748
0.2084735632
0.2070066929
0.2075901031
0.2053805143
0.2029849738
0.203799665
0.2016860992
0.202995792
0.1980397105
0.2041057795
0.2033539265
0.2050036341
0.2009253353
0.1980336159
0.1974414289
0.1883766949
0.1956789643
0.1929972917
0.1906461418
0.1990583986
0.2011414468
0.1956309229
0.1941239536
0.2011318654
0.1903617531
0.1827996969
0.1877273321
0.2015244067
0.1958914399
0.1887222975
0.1838117838
0.185595423
0.1924093366
0.1973746717
0.1889738739
0.1910910755
0.195432201
0.2026772946
0.2157304138
0.2201542854
0.2113349587
0.1989292651
0.1968249083
0.183776319
0.18854931
0.1957132816
0.2001808137
0.2049326897
0.2179762423
0.22821787
0.2307871729
0.2307871729