0.3700497448
0.3743529618
0.373065263
0.3710561395
0.3699039221
0.3693157136
0.3715228438
0.3662783802
0.361430645
0.3631070256
0.3628804982
0.3673438132
0.365100503
0.3739288151
0.3780836463
0.3867531717
0.4050847888
0.4142238796
0.4156458676
0.4163869917
0.4144581258
0.4103841484
0.403560698
0.3986544013
0.3995397091
0.395009011
0.3984583318
0.3950609863
0.3957042694
0.3982242942
0.4033431709
0.4022223353
0.3983797431
0.4015991986
0.4012179077
0.3948695362
0.3839811683
0.3772242963
0.3797416687
0.3851870596
0.3862841129
0.3931131363
0.3944987655
0.3864863813
0.3750172853
0.3656517565
0.3646383584
0.3658311069
0.3662057221
0.365398854
0.3614992797
0.3577687442
0.3581102192
0.3515881896
0.3450859189
0.3416980207
0.3356587291
0.3291518092
0.3271027803
0.3246704042
0.3255467117
0.3307772279
0.3346828222
0.335511595
0.3387518227
0.3422120512
0.3397329152
0.3415795267
0.3333608806
0.3283597231
0.3265172541
0.3131222129
0.3076115251
0.3019626439
0.2986044586
0.3017752767
0.3104645014
0.31849733
0.3239758611
0.3227776289
0.327034235
0.3259543777
0.3365802169
0.3403244317
0.3364254832
0.3322478831
0.3336326182
0.3336611986
0.333342135
0.3295562267
0.3396148086
0.3429839015
0.3512433767
0.3578781784
0.3622203171
0.3627901077
0.3613251746
0.3564628065
0.3496994078
0.3335351944
0.3275701106
0.3245463371
0.3237597346
0.324042201
0.3211878836
0.3181761503
0.3143462539
0.3111817241
0.3097271621
0.3090312481
0.3139914572
0.3204086423
0.3207585514
0.3230732083
0.3239156008
0.3232085705
0.3282155395
0.3218500018
0.3251737058
0.3262860477
0.3395210803
0.3437602818
0.3450340629
0.3489637673
0.35115996
0.352317214
0.3527897894
0.3498835564
0.3415901959
0.332147181
0.3238645792
0.3194244504
0.3223849535
0.3224014938
0.3184173405
0.3204294741
0.3256039023
0.3288071454
0.3277563453
0.3328170478
0.330953896
0.3353127241
0.3371429145
0.3322553635
0.3256514072
0.3177229762
0.3151122928
0.3165567219
0.3145141006
0.3133975267
0.3189211488
0.3236937225
0.3271633983
0.3227221668
0.3193718493
0.3209436238
0.3229594827
0.3240773976
0.3173490465
0.309048146
0.2978086174
0.2769197822
0.2706696391
0.2634816468
0.2618566453
0.2509199083
0.2411110103
0.2492117584
0.2572551668
0.2632200122
0.2594335079
0.2547272444
0.2461893857
0.2394746095
0.2414813638
0.2371084839
0.2279914021
0.2277891189
0.2231798172
0.2193607688
0.2183348238
0.2213545293
0.2281318754
0.2277727276
0.227767691
0.2289272845
0.2272629589
0.2165199667
0.205432415
0.1976083517
0.1936733276
0.1865146905
0.1814674586
0.1825687289
0.181803748
0.1893938184
0.1922298968
0.1965207905
0.1989898831
0.186747402
0.1718195975
0.1717592627
0.1666155756
0.1765444577
0.187618643
0.191809848
0.1862693727
0.1863579005
0.1806532145
0.1770308167
0.1732294708
0.1753024161
0.1774362475
0.1797561496
0.1803287864
0.1787662506
0.1784203351
0.1769417375
0.1806741506
0.1825640053
0.1876234859
0.1898492426
0.1906492263
0.1962581426
0.1954094619
0.1907632053
0.1901168525
0.1924034506
0.1944182366
0.1967578828
0.1983654201
0.1909201592
0.1931062043
0.194299072
0.185688138
0.1801156551
0.1823805869
0.1754004359
0.171864152
0.1747650504
0.1697822809
0.160339579
0.1583549529
0.1574938595
0.1606073827
0.1583149731
0.1547768265
0.1592972428
0.1663140208
0.170851782
0.1702686846
0.1733397245
0.1783226877
0.1762813926
0.1673002541
0.1620085686
0.1571758986
0.149765715
0.1523385644
0.1482747346
0.1442522407
0.1424258351
0.1424816102
0.1452262849
0.1317397058
0.130956009
0.1307685673
0.1279397756
0.1223483011
0.1213399172
0.1140496507
0.1054714322
0.1038747206
0.1008054987
0.1034331024
0.1026698649
0.1040780917
0.1057902873
0.1085922271
0.1076564714
0.1044300869
0.1034153551
0.1070811078
0.1094974428
0.1089098677
0.1046661735
0.1080615968
0.1056071296
0.1054103523
0.1006877571
0.09518935531
0.09437903017
0.0909024626
0.09080475569
0.09315470606
0.088059403
0.08874818683
0.09504126012
0.102397494
0.1078295931
0.1017448083
0.1005344018
0.09483286738
0.09228419513
0.08797446638
0.08351098746
0.0716162473
0.06865276396
0.07247529924
0.0653802231
0.06654547155
0.06564502418
0.06224008277
0.06167527661
0.04523448646
0.02668409422
0.0261389371
0.02733658254
0.02901816182
0.04486187547
0.06710408628
0.07998423278
0.08004643023
0.07331546396
0.06013777852
0.04864412546
0.04376565292
0.04153552651
0.04427699372
0.0450941883
0.03490703553
0.03337023407
0.03587580845
0.04007678479
0.04361303523
0.04122417048
0.0383486487
0.03175121173
0.02111452445
0.02377450094
0.02294507809
0.01948723383
0.01511646435
0.01198375132
0.01102608535
0.01028210949
0.01486315578
0.02377114445
0.03131844103
0.03410982713
0.03434826061
0.03738427162
0.03508798406
0.03392183781
0.03390898928
0.03183593228
0.02767886594
0.02862117812
0.02304738574
0.01724586636
0.01733597927
0.01603879593
0.02069237642
0.0184806101
0.01628371328
0.01304384135
0.001993461512
-0.006965784356
-0.01127740182
-0.009908080101
-0.003391678445
-0.001682859845
0.0002016073558
0.004711753223
0.01011066977
0.01699309424
0.01504016202
0.01018421166
0.01286661159
-0.0005307560787
-0.0002321178326
0.00428185612
0.01006250549
0.009231632575
0.01356783696
0.01161895785
0.01590155438
0.01262028236
0.01352436189
0.01062764414
0.00785148982
0.001379150432
-0.003214056138
-0.003257243894
-0.00862955302
-0.01137089636
-0.005087509286
0.001640384551
0.009689415805
0.01508277096
0.01807399653
0.02162887156
0.02046611533
0.01380825229
0.004586754367
-0.009886588901
-0.0180834569
-0.0234037526
-0.02407181822
-0.02500376478
-0.02926127613
-0.02985348925
-0.03021396324
-0.0339686051
-0.02986526303
-0.03220780194
-0.03456178308
-0.03942249715
-0.03708172217
-0.03987492248
-0.03656493872
-0.03977005184
-0.03776789457
-0.0400325954
-0.03941498697
-0.04213029519
-0.04322374985
-0.03530344367
-0.04850828648
-0.06054165587
-0.06227843836
-0.06859574467
-0.07450804859
-0.07440289855
-0.08106509596
-0.07702744007
-0.07334194332
-0.06714375317
-0.06470557302
-0.069440566
-0.07300229371
-0.08456070721
-0.09436504543
-0.1090764031
-0.1091790944
-0.1063141376
-0.1005311087
-0.09834237397
-0.09995941818
-0.1005954668
-0.1017851159
-0.102827467
-0.1002672017
-0.09475214779
-0.09003455937
-0.09560153633
-0.09692508727
-0.09647443891
-0.09146149457
-0.09454700351
-0.09661535919
-0.09932317585
-0.09541507065
-0.09579510987
-0.101017952
-0.09521661699
-0.09830918163
-0.1095884889
-0.1017419547
-0.09514147043
-0.09645541012
-0.09040182829
-0.08312958479
-0.0782257691
-0.08018034697
-0.08480920643
-0.09118118882
-0.1058285758
-0.1108424291
-0.1101265475
-0.1093539521
-0.1063991934
-0.1054283977
-0.1034995988
-0.1137568206
-0.1148154214
-0.1165900081
-0.1216906831
-0.1194210872
-0.1238206699
-0.1208477169
-0.1126577184
-0.1115468964
-0.1197643355
-0.1225173399
-0.1153130084
-0.1092962399
-0.1008020863
-0.103523396
-0.1022921205
-0.1075723171
-0.1105431095
-0.1056846529
-0.1107239723
-0.106021069
-0.1007570624
-0.09489236772
-0.09839043766
-0.1037378386
-0.1015593261
-0.1054433137
-0.1072290912
-0.1022833437
-0.09746725112
-0.09812963009
-0.100680761
-0.103952013
-0.1074290425
-0.1127860323
-0.1144729778
-0.1239215955
-0.1326130033
-0.1343775541
-0.1337788701
-0.1284943223
-0.1280140728
-0.1319932193
-0.1351252794
-0.1451863199
-0.1581129283
-0.1653567553
-0.1734657884
-0.1731313169
-0.171909675
-0.1657350808
-0.1581925303
-0.1502306163
-0.1523909271
-0.1474396288
-0.1334883869
-0.127453506
-0.1212829053
-0.127292335
-0.1375709176
-0.1344484091
-0.1323862225
-0.1309414059
-0.1288977265
-0.1239027083
-0.1199663356
-0.118552357
-0.1255915761
-0.1364229023
-0.146846965
-0.1558530778
-0.1533959806
-0.1570206136
-0.1648055017
-0.172207281
-0.1735782027
-0.1704329699
-0.1732743531
-0.1828576177
-0.192165643
-0.1929409504
-0.1931473613
-0.2008937597
-0.1973788887
-0.189259544
-0.1860690862
-0.1845872104
-0.1878196597
-0.1826316267
-0.1723856628
-0.1680969894
-0.16327326
-0.1714525372
-0.1655080765
-0.171804294
-0.1884503961
-0.1967947036
-0.1945648044
-0.1874409765
-0.1950469166
-0.1859003156
-0.1810052395
-0.1936558187
-0.2052674741
-0.1962219328
-0.1839209795
-0.1863298267
-0.1978755295
-0.1958459616
-0.1855036616
-0.1832011491
-0.1902321428
-0.1951950788
-0.2095745206
-0.2022393495
-0.1967279166
-0.1925426871
-0.1840120107
-0.177785337
-0.168940708
-0.1616057158
-0.1561053842
-0.149984315
-0.1520840824
-0.1448955536
-0.1439284384
-0.1408178061
-0.1413997263
-0.1347986311
-0.1434381157
-0.1634172201
-0.175382629
-0.1846033186
-0.1849052906
-0.1804748327
-0.1806714237
-0.1836657077
-0.1788083166
-0.1706567854
-0.1608215421
-0.1572771519
-0.1521874666
-0.1396784335
-0.140739724
-0.1351194233
-0.132576257
-0.1404593885
-0.1382329166
-0.1340522468
-0.1286855638
-0.1399289668
-0.1479144394
-0.1576074362
-0.1601704359
-0.153382808
-0.1520498395
-0.1486904025
-0.1470182836
-0.1448811442
-0.1536398083
-0.1516499966
-0.151084125
-0.1516800374
-0.1423661858
-0.1343361139
-0.1220710278
-0.1108124629
-0.1141245291
-0.1211604625
-0.126517415
-0.130964309
-0.1308914572
-0.1424314231
-0.1515389681
-0.1563646346
-0.1605526507
-0.1700615883
-0.1796045601
-0.1761810184
-0.1678201556
-0.1718599945
-0.167887494
-0.1704256386
-0.1675715744
-0.1733190864
-0.1832987219
-0.1868327409
-0.1827453375
-0.1811122447
-0.1789231896
-0.1779443026
-0.1770959198
-0.1646944582
-0.1524340659
-0.1384422183
-0.1276049614
-0.1256564409
-0.1329232752
-0.1385819912
-0.1379259378
-0.1385618299
-0.1418185681
-0.1456657946
-0.1438242197
-0.1357268393
-0.1291945428
-0.1265156567
-0.1299377382
-0.1379930526
-0.1444613338
-0.1519625187
-0.1556165367
-0.149222225
-0.1440649778
-0.1456923485
-0.1486327201
-0.1422558129
-0.1344212145
-0.1257236749
-0.1146254838
-0.1150984168
-0.1138180345
-0.112747021
-0.1143140867
-0.1206222549
-0.1333936453
-0.1422181726
-0.1427221149
-0.142447874
-0.138520211
-0.1383520067
-0.1343977749
-0.1242590249
-0.1187329739
-0.1122022495
-0.1002497524
-0.0998326689
-0.09429765493
-0.07952240855
-0.07342951745
-0.07363441586
-0.06468528509
-0.05095269158
-0.04757414758
-0.04933899269
-0.05234548822
-0.05718914419
-0.04693936929
-0.04992023855
-0.05041560903
-0.05493912473
-0.05603575706
-0.05435437709
-0.05880681053
-0.0573592335
-0.05884683505
-0.06245691329
-0.06647985429
-0.07441077381
-0.07193398476
-0.07058401406
-0.07365588844
-0.08194228262
-0.09060252458
-0.09519170225
-0.08956963569
-0.08350151777
-0.08112183213
-0.07464365661
-0.07138715684
-0.06293077767
-0.05814365298
-0.05196934938
-0.0527674742
-0.06576953083
-0.07700961828
-0.08668205142
-0.08579202741
-0.09639069438
-0.1003006548
-0.1029456779
-0.1083594412
-0.1012029871
-0.09048521519
-0.08389151096
-0.07745148987
-0.08288578689
-0.07931581885
-0.08242702484
-0.0825619325
-0.08598333597
-0.08455958217
-0.06921176612
-0.05824982375
-0.04971064627
-0.04230265319
-0.03551346809
-0.03083087876
-0.03770990297
-0.03826807812
-0.04389734566
-0.04256202281
-0.04012421891
-0.04114053398
-0.03962033615
-0.04330924526
-0.04119406268
-0.03126968816
-0.0367208831
-0.03835836425
-0.04028625786
-0.05030121654
-0.05309734493
-0.05029699206
-0.0531767346
-0.05253865942
-0.04874055088
-0.04388819635
-0.04829429463
-0.05926339328
-0.06888993084
-0.06938602775
-0.05813585594
-0.04047773033
-0.02934617177
-0.03209590539
-0.04424221441
-0.05595184863
-0.07048004866
-0.08009445667
-0.08924970031
-0.09956653416
-0.1020626575
-0.106425114
-0.1068324298
-0.1022220701
-0.09352533519
-0.08584750444
-0.08793158829
-0.08793022484
-0.08648150414
-0.0751138851
-0.06750386208
-0.05632251874
-0.04043306783
-0.02306425758
-0.009129546583
0.0006906869821
0.006957110949
0.005171667784
7.25E-05
-0.003627083963
-0.01369609684
-0.02742139809
-0.04437382892
-0.05671478808
-0.0663157478
-0.06602562964
-0.05889555067
-0.05484262109
-0.05303855985
-0.04813206196
-0.04541296884
-0.04203537479
-0.04424568266
-0.05372069776
-0.05160308257
-0.04262299836
-0.03283190727
-0.01887066662
-0.008528348058
0.01479558088
0.03044560738
0.03137213737
0.02632477693
0.01789008826
0.01835760102
0.02041223273
0.026618056
0.01886150613
0.005707697012
0.0125775896
0.02477408946
0.02805624716
0.03307885304
0.03145234287
0.03567904234
0.03651924804
0.028004691
0.02781018056
0.03296037763
0.02839855291
0.03009504452
0.04493492469
0.03993238509
0.03716229275
0.04276485741
0.04005812481
0.04069360718
0.04457047954
0.04208312184
0.05210325122
0.05308690667
0.05622456223
0.05820856616
0.05960587412
0.04920260608
0.06002842635
0.07458509505
0.08773982525
0.09068164974
0.09870619327
0.09392162412
0.08839447796
0.08588346094
0.07288724929
0.0771362558
0.06666962802
0.06035913527
0.05657983944
0.05288112536
0.0628375262
0.06715381891
0.08244305104
0.09384032339
0.09969227016
0.1010294706
0.1067269221
0.1076386571
0.1018478647
0.0984621048
0.1033938453
0.0986469835
0.09637141228
0.09908864647
0.1012226343
0.1139289811
0.1106868982
0.110145174
0.1064625606
0.1029304191
0.1019024402
0.1053699106
0.102013737
0.1082064658
0.1067701727
0.1113484949
0.1108329147
0.1110979244
0.1194527745
0.1192407683
0.1298726797
0.1264326274
0.1282366961
0.1357909143
0.1353430748
0.1370240897
0.1521459818
0.1604258567
0.1628580242
0.1691431403
0.1707227379
0.1690158099
0.1696713567
0.1768007725
0.1782051921
0.1795643866
0.1797199845
0.1793474704
0.180357486
0.17973499
0.1777076572
0.1803810596
0.1811836362
0.1763788462
0.1636949927
0.2148396373
0.2185723186
0.202757135
0.1873047501
0.180535838
0.1747423857
0.1742219627
0.1810134351
0.1877934039
0.1921788901
0.1899661422
0.1863244176
0.1831595749
0.1828048825
0.189206928
0.1984134763
0.2053536028
0.2021047622
0.2034129798
0.2014256716
0.1988655031
0.1991853565
0.1980995238
0.2046407312
0.2120934576
0.2130219787
0.2077071071
0.2078354806
0.2082486153
0.2098430842
0.2132801563
0.2108392715
0.2157449722
0.2191098332
0.220231548
0.2170742303
0.2125512809
0.2194963098
0.2248117775
0.2302844226
0.2368391305
0.2474500239
0.2483111918
0.2554295659
0.2568923235
0.264128387
0.2734065652
0.2726578116
0.2780473828
0.2782898247
0.2846156955
0.278686434
0.2702198625
0.2676889598
0.2674826384
0.2635484934
0.2748205066
0.2785602808
0.2803812325
0.2785382867
0.2748753428
0.2664655447
0.2671475112
0.2617393434
0.2593028247
0.2669294178
0.2766628265
0.2912168503
0.2878216803
0.2838602066
0.2893760502
0.2948450446
0.3004696071
0.2980086505
0.2845757604
0.2719117105
0.2627764046
0.2486496568
0.2326712161
0.2253057957
0.2295441031
0.224897489
0.2161943316
0.2251136452
0.2463621348
0.2472988516
0.2468003035
0.2594239414
0.2665510476
0.2676763833
0.2690627873
0.2764388323
0.2862770259
0.2887966335
0.2949388027
0.3020604849
0.2994419336
0.3057763278
0.299766928
0.2943860888
0.2893905938
0.289354831
0.2958814204
0.2835322917
0.2682459354
0.2614523172
0.2845039666
0.2918464541
0.2861229777
0.2790260017
0.2718830109
0.2564316988
0.2469780445
0.2446617037
0.238843888
0.2360292226
0.2406690568
0.2518633604
0.2555314004
0.2532397211
0.2536343634
0.2547450066
0.254614085
0.2599794865
0.2535250783
0.2534939945
0.2456149906
0.2326637506
0.2241038531
0.219929263
0.2150529772
0.2185356021
0.2182029337
0.224377498
0.2303175628
0.237294659
0.2340031564
0.2265989035
0.2275486887
0.2254309505
0.2268126756
0.2318288982
0.2389561236
0.2406230569
0.2431444228
0.2623980641
0.2604360282
0.2495370805
0.2397771031
0.2212880403
0.2008062005
0.1732388288
0.1519058496
0.1324141771
0.1157613173
0.1133033633
0.1207546368
0.1353948116
0.1576173902
0.1805021465
0.2103470564
0.2312293798
0.2513277531
0.2774839103
0.3103766143
0.3254004121
0.3370830417
0.3377787471
0.3352464139
0.3383275568
0.3416874707
0.3318633437
0.3258280456
0.3194178343
0.3162243962
0.3074650466
0.2984302938
0.2930951416
0.2968167961
0.295478344
0.2882089913
0.2812508047
0.2863042355
0.2885563672
0.2853474021
0.2885614038
0.2892193496
0.2910193801
0.2943371832
0.290070653
0.3041492403
0.3070471883
0.2999748588
0.2915826142
0.2805428803
0.2842277884
0.2824704051
0.2848646343
0.2772475779
0.2806987762
0.2854402065
0.2813752294
0.2820408642
0.2677988112
0.2620021999
0.2613814771
0.2477651685
0.2506386638
0.2487319708
0.2343312353
0.2259506732
0.2263783813
0.2145520747
0.2009669244
0.2026987672
0.2085029185
0.194539845
0.1851769686
0.1755244881
0.1688940674
0.1797791123
0.1779167354
0.1704972088
0.1723469794
0.1688946784
0.1743886173
0.2016911209
0.2210418731
0.2095023394
0.17809847
0.1469880044
0.1273893565
0.1234417707
0.12359339
0.131272614
0.1561515331
0.1782434881
0.2111796141
0.2290903479
0.2290903479