1.334424019
1.332482219
1.329728246
1.324415326
1.326508641
1.3293401
1.33376801
1.327733517
1.331536293
1.337364197
1.333127856
1.330294132
1.331595659
1.327476501
1.33301115
1.329103827
1.335327268
1.336889267
1.335989475
1.328782678
1.327361822
1.330524683
1.331944942
1.335136414
1.330100656
1.323555231
1.317524195
1.317975521
1.318920612
1.317957282
1.322417378
1.323686004
1.326530457
1.326210141
1.368154049
1.371934891
1.365609765
1.351078868
1.341452599
1.33921504
1.328452587
1.331347942
1.32605648
1.33593297
1.336689949
1.336191893
1.335341334
1.334629297
1.339059949
1.34701705
1.348335385
1.341422915
1.339663744
1.335403919
1.341493607
1.339371681
1.33445406
1.337604642
1.342697382
1.343727827
1.349024534
1.343947411
1.346190691
1.350517392
1.344814777
1.344078302
1.342073083
1.351915836
1.347898602
1.348787785
1.345779181
1.350964904
1.348976016
1.352309704
1.350538254
1.351567864
1.353663206
1.356687903
1.355246902
1.354094028
1.349231482
1.349988937
1.346998334
1.339887738
1.339146733
1.332886815
1.339745045
1.34382093
1.345456123
1.350289822
1.35399127
1.362784147
1.355068922
1.35183394
1.348063588
1.352885008
1.359811306
1.367552638
1.369010687
1.365608215
1.367406964
1.365570068
1.376685858
1.380113006
1.376108289
1.376327515
1.370381594
1.380407929
1.385560274
1.378957391
1.380578995
1.376205683
1.374968648
1.375974178
1.37966001
1.37664938
1.377584696
1.375206113
1.368322015
1.37036562
1.378104925
1.374526381
1.379191756
1.375438094
1.379122138
1.383077145
1.385899186
1.383677006
1.384607077
1.385094762
1.394911408
1.39422226
1.396854401
1.396109462
1.390087366
1.385014653
1.386719465
1.393028736
1.39329052
1.383509517
1.38528192
1.387466073
1.385547638
1.38282156
1.379584908
1.380248308
1.385004997
1.390236259
1.390167832
1.393515229
1.3928231
1.379391789
1.378506064
1.377516031
1.37950182
1.382926583
1.38457799
1.377848625
1.383549333
1.398219228
1.398881078
1.393128037
1.390501261
1.38582623
1.389111638
1.395530343
1.388487339
1.383824468
1.379934669
1.381844759
1.388917208
1.392220974
1.412364841
1.417298079
1.409878612
1.40331316
1.407909274
1.405199766
1.399658561
1.400493741
1.40337646
1.398113251
1.400492072
1.399872899
1.402889371
1.405167818
1.394606352
1.400672913
1.401380062
1.404720902
1.402847648
1.395731926
1.403089046
1.408140182
1.404374719
1.405246973
1.408162117
1.406239033
1.401467204
1.398822188
1.401062727
1.399846911
1.398711562
1.396306872
1.401009798
1.400123596
1.39679122
1.395888567
1.402163267
1.404709697
1.407916188
1.404168367
1.406478405
1.399369955
1.393442988
1.402462959
1.401974082
1.397402167
1.402292848
1.40670526
1.408475041
1.404533505
1.401066661
1.401641726
1.403544188
1.39768815
1.395941615
1.396250367
1.397519588
1.402343869
1.401475668
1.410707831
1.410248995
1.408059716
1.4103719
1.404990077
1.399131179
1.395280838
1.399112344
1.403973103
1.407853007
1.415373802
1.418663979
1.418613434
1.417579412
1.411056519
1.403662801
1.409323335
1.414157629
1.408628345
1.409366012
1.418400288
1.42262435
1.422735929
1.421790481
1.422879577
1.419024467
1.413519621
1.41089654
1.416908622
1.42332387
1.420605659
1.425324082
1.422980309
1.424761295
1.422392368
1.422133684
1.418401122
1.420590162
1.422649264
1.416867018
1.413156748
1.412269115
1.417929411
1.420512676
1.417100668
1.413123846
1.414128661
1.415022373
1.416154027
1.414857745
1.412416339
1.409938574
1.414097548
1.417733908
1.417468429
1.418953776
1.411378145
1.411677361
1.417293668
1.413208842
1.410921931
1.405742288
1.404344678
1.403715372
1.406427145
1.407322764
1.400882959
1.40135324
1.393586278
1.393141866
1.396133661
1.407332301
1.401921272
1.402654052
1.39340651
1.396260023
1.394659162
1.399015307
1.4049505
1.401892185
1.397577047
1.395430326
1.4023453
1.404964209
1.409417033
1.403092861
1.401945829
1.395776153
1.384884
1.373809457
1.374275088
1.385546088
1.383162856
1.393760443
1.396665931
1.407369733
1.399181485
1.388243914
1.380231857
1.391655803
1.390786529
1.384616733
1.384167194
1.385251164
1.385759354
1.396330833
1.385646105
1.38751471
1.380415201
1.386110306
1.376721382
1.384163499
1.383795738
1.380454898
1.380491614
1.382466197
1.381910086
1.390638232
1.38940835
1.38764751
1.386266112
1.38452065
1.381925821
1.378998041
1.377289176
1.379287601
1.378722429
1.381834984
1.380481601
1.380575538
1.381281614
1.382176161
1.387061954
1.385710716
1.38778758
1.386039257
1.393032074
1.387898326
1.380829573
1.381459832
1.381039023
1.375107884
1.381896377
1.381272197
1.381653309
1.386311769
1.3958565
1.390407562
1.393553019
1.387569666
1.379512906
1.380324841
1.38126874
1.382270813
1.383306384
1.384323716
1.389889956
1.385540366
1.385183692
1.381178021
1.384167194
1.38785243
1.385386586
1.381830931
1.377241492
1.374319196
1.373259664
1.374809504
1.377942085
1.370090365
1.369661331
1.367596269
1.377194762
1.374435663
1.370098233
1.368941903
1.36972034
1.365552068
1.36332345
1.368218064
1.369487047
1.366778255
1.363728523
1.355677724
1.355740547
1.357691288
1.360865355
1.353995085
1.350711703
1.349634409
1.349116921
1.346476793
1.352435112
1.347047687
1.353299499
1.338992238
1.337716579
1.334774375
1.332677484
1.347412109
1.345686316
1.332577467
1.327758074
1.336381674
1.32655108
1.319975019
1.322017074
1.327278614
1.341807127
1.354330897
1.35078311
1.334795833
1.324581981
1.317181349
1.317251682
1.312569141
1.31724751
1.311088681
1.317179084
1.327825308
1.336388826
1.334715724
1.330555439
1.32527101
1.318170428
1.318760276
1.327472568
1.326655388
1.317552805
1.317896962
1.330810905
1.338718772
1.328623772
1.332139969
1.331502676
1.326296568
1.331263781
1.323146939
1.309364796
1.318019986
1.318630695
1.333417058
1.334638119
1.343859673
1.335467935
1.335163474
1.329599142
1.321563363
1.32000494
1.318190455
1.32745111
1.343282461
1.333233356
1.328480959
1.31910646
1.311547399
1.319254994
1.323269606
1.322357297
1.316647887
1.31583333
1.308197975
1.309045315
1.315859437
1.31605351
1.313185453
1.310705781
1.309869409
1.314279795
1.315492034
1.31320703
1.313619137
1.316355109
1.315398693
1.315978169
1.319734216
1.321991205
1.317349792
1.317197204
1.315462112
1.316062331
1.307718277
1.308023214
1.303428173
1.306025028
1.308129072
1.307454705
1.306201577
1.302507401
1.293203115
1.283261418
1.290649891
1.30010891
1.300436735
1.300393581
1.296728492
1.304231167
1.310669899
1.309435606
1.296874166
1.292662144
1.285680413
1.280613184
1.280881643
1.280972719
1.276050448
1.279854417
1.278832436
1.273442507
1.262341976
1.264210105
1.265558839
1.27236855
1.273135066
1.267666698
1.27156961
1.271269441
1.266443133
1.262238622
1.263225913
1.264182329
1.262418866
1.254484892
1.254048705
1.250716448
1.256042004
1.254662752
1.247685909
1.245888472
1.244496226
1.247315645
1.252403259
1.260636926
1.253776073
1.245987058
1.243758798
1.249240279
1.240737319
1.237517476
1.23504138
1.223778129
1.240101457
1.232636213
1.242180228
1.228695035
1.242338896
1.237758994
1.247199416
1.240304828
1.234597206
1.215314865
1.211277246
1.223766088
1.213548303
1.21322453
1.228378057
1.223265052
1.209882021
1.210224628
1.233272314
1.228674293
1.212249279
1.201097012
1.21876359
1.236645937
1.235935211
1.225116849
1.214584231
1.208458304
1.206504703
1.204316139
1.208518863
1.211757898
1.218080044
1.233184576
1.236929893
1.233692765
1.223131657
1.214324594
1.203511357
1.200499892
1.198904276
1.202197313
1.200722575
1.205837727
1.225806117
1.222827911
1.214589477
1.20073843
1.206759453
1.228932261
1.228556871
1.218906999
1.213851452
1.222833276
1.221743107
1.220543265
1.225983381
1.212504745
1.220652223
1.229517937
1.225484371
1.229550719
1.233092189
1.227830052
1.217206717
1.215171933
1.21415925
1.209063172
1.208821416
1.208140731
1.203551412
1.207746148
1.202650905
1.202415228
1.205264449
1.199869275
1.19510591
1.195685148
1.198483229
1.20262444
1.203643441
1.203725457
1.207353115
1.20243156
1.196644068
1.198346257
1.194861889
1.192537785
1.192543983
1.188362598
1.185893655
1.186785221
1.191870809
1.188173175
1.182924509
1.185437679
1.186057448
1.181216002
1.172201991
1.174255133
1.172504663
1.174082518
1.172770739
1.171088219
1.171078324
1.178648472
1.174888492
1.16553998
1.168197989
1.167017102
1.15784955
1.157869339
1.150068879
1.143489242
1.150402308
1.148309946
1.147230506
1.146608591
1.149648309
1.145130277
1.147182345
1.150761366
1.144971013
1.145871401
1.153841019
1.152059793
1.143761158
1.144208431
1.146078944
1.139668465
1.144473672
1.144559979
1.133669496
1.130987048
1.121012449
1.124803782
1.13150239
1.128340125
1.128537416
1.132196784
1.133663058
1.135280371
1.13542366
1.137740254
1.135833263
1.133951783
1.130477548
1.125593305
1.123933673
1.134168744
1.138517022
1.133621097
1.136092663
1.1337502
1.123104095
1.127925754
1.128991842
1.126067877
1.126047254
1.125342011
1.124753356
1.120690227
1.120870829
1.124813199
1.122598171
1.118897796
1.117013335
1.122646928
1.122055292
1.118452787
1.113437533
1.108634949
1.109487653
1.122473121
1.121132731
1.116271257
1.115563035
1.117263556
1.118933201
1.111809492
1.114087701
1.118238568
1.117750287
1.113749862
1.106654167
1.099932075
1.094154358
1.096616864
1.10159564
1.101879954
1.10627079
1.096917629
1.099085808
1.102084994
1.10358429
1.099780679
1.099796772
1.103350878
1.094373345
1.095294833
1.094024539
1.096872211
1.093835473
1.096794844
1.104995131
1.097344875
1.09653759
1.083357573
1.078677297
1.082675338
1.07172823
1.077267408
1.081121445
1.084025979
1.078132153
1.074538708
1.064263463
1.067927361
1.080460787
1.077918053
1.075972676
1.079739809
1.066952229
1.066852331
1.077779293
1.058965683
1.05740869
1.058890939
1.059048653
1.049639463
1.049029946
1.057355046
1.060795426
1.058365107
1.059675932
1.053207517
1.037241459
1.026929379
1.029161215
1.030203342
1.035143852
1.038509011
1.046404362
1.050714135
1.051167011
1.049073815
1.043890715
1.043805003
1.044533372
1.037435651
1.029078841
1.027307987
1.024835944
1.020481467
1.014507174
1.001210928
0.9949269891
1.001999974
1.007284284
1.015040278
1.022471428
1.032430172
1.038166642
1.053863168
1.064249754
1.061456919
1.062432647
1.05965507
1.049714565
1.039637089
1.0305022
1.020020962
1.012840867
1.012985229
1.01248455
1.022121668
1.029519081
1.044183135
1.053934813
1.067754507
1.077774048
1.073352933
1.058663368
1.040249109
1.035374403
1.02443397
1.03333354
1.051040053
1.064722657
1.059529185
1.043873787
1.033597827
1.051070929
1.051067591
1.033590078
1.042347789
1.052677751
1.043151975
1.037428975
1.038507938
1.041772604
1.042227268
1.03583765
1.036788583
1.036431313
1.040465474
1.048090339
1.049708247
1.042983651
1.041876793
1.038163066
1.029517293
1.04315424
1.047303081
1.026375294
1.036350012
1.02206552
1.021110296
1.029741406
1.02840519
1.030560255
1.019783258
1.024115324
1.032298207
1.031579137
1.043256044
1.040539145
1.04171896
1.042002559
1.030022144
1.031980515
1.023660421
1.029727459
1.026332378
1.032729149
1.024045229
1.031825185
1.026802778
1.027530551
1.015645981
1.026144743
1.013281107
1.018188238
1.00779593
1.015519023
1.00225687
1.010544062
1.005200744
1.019787908
1.006720185
1.007415771
1.002893448
1.004415035
1.005353689
1.016070008
1.012943268
1.017451644
1.014381766
1.002347708
1.006399751
0.998198092
1.005852938
1.00460577
1.002257943
1.009372473
1.006940722
0.9916349649
0.9927691817
0.9858757257
0.9903279543
0.9993201494
0.9853310585
0.984960556
0.9921053052
0.9932698607
0.988914609
0.9860906005
0.9754382372
0.9790742397
0.9766129851
0.9731445909
0.9696639776
0.9744262695
0.9857277274
0.9841703176
0.9849242568
0.9913676381
0.9910899997
0.9817473888
0.9884129167
0.9933393002
0.9995714426
1.003756881
1.000567436
0.995732367
0.9894315004
0.9875844717
0.9950443506
0.9972963333
0.9999720454
0.999969244
0.993888557
0.996304512
0.9920232892
0.9883488417
0.9959954023
0.9944919944
0.9949547648
0.9994308352
1.006095529
1.006881952
1.005156279
0.9975736141
0.9983038902
0.9997564554
0.9985143542
1.003219247
1.007998824
1.005925059
1.019070625
1.028755426
1.032739401
1.031602144
1.033198357
1.035709381
1.036830187
1.032674193
1.029644847
1.024113178
1.021436453
1.015739799
1.005272031
1.009513855
1.016109943
1.014221072
1.020584822
1.019454837
1.012107134
1.018962145
1.01980114
1.025749445
1.018350005
1.019302011
1.024635792
1.02338028
1.024313211
1.02720058
1.023594856
1.025661707
1.024258018
1.030642152
1.040495634
1.038933277
1.03288424
1.032136202
1.02760148
1.020112991
1.015318155
1.015558243
1.015371203
1.026363254
1.027144909
1.028303981
1.031993866
1.035671711
1.042953968
1.040710092
1.040597677
1.029802203
1.034320354
1.038765311
1.040838718
1.029881358
1.022355437
1.022992134
1.027495384
1.021279931
1.027233839
1.035891294
1.028787136
1.026836038
1.020998836
1.010616779
1.003899932
1.004902601
1.0138762
1.015768051
1.007815003
1.010412097
1.008832097
1.017115593
1.028533578
1.03092432
1.031190395
1.02553308
1.026126981
1.026641726
1.029511809
1.035750985
1.042006969
1.045032978
1.042469382
1.051232219
1.045398712
1.048536658
1.046303988
1.040181994
1.048654079
1.04094851
1.047741175
1.057084799
1.056694269
1.062524438
1.066102624
1.062629104
1.066819549
1.067721844
1.075438976
1.078974247
1.081232905
1.081063747
1.08500874
1.071891069
1.066488028
1.072246552
1.07243526
1.072997808
1.075037241
1.081288815
1.08405602
1.086620688
1.087081075
1.083497882
1.090668797
1.094632626
1.097830534
1.106785059
1.11585784
1.118298054
1.122357368
1.127570033
1.134578824
1.140566826
1.14229095
1.141535759
1.142656326
1.141056418
1.135507464
1.129036427
1.129312396
1.121934295
1.105428457
1.099524856
1.095729828
1.093646288
1.103364468
1.102481127
1.09613204
1.093685508
1.098215342
1.095102906
1.10246098
1.105371356
1.102533102
1.102265477
1.104509711
1.109279752
1.107150674
1.109438062
1.11001265
1.119571209
1.123146176
1.120869994
1.123541713
1.118049383
1.112238884
1.118677497
1.119895816
1.111675978
1.107091904
1.108897686
1.115757346
1.12031126
1.119302869
1.113732457
1.119507432
1.123172283
1.122986436
1.114779234
1.113104463
1.111262798
1.107516646
1.118709564
1.114633679
1.118134499
1.125545979
1.12838614
1.128436804
1.129601955
1.136542082
1.128351569
1.123603702
1.12642622
1.138469219
1.136716008
1.130756736
1.126820564
1.129028082
1.131238461
1.136217237
1.128027081
1.128167629
1.132773399
1.138148546
1.143695235
1.14253056
1.137326121
1.135630608
1.14461875
1.135243535
1.139495373
1.145537138
1.147124529
1.144754767
1.152864218
1.154569626
1.152101398
1.152101398