1.058671
1.058661
1.058667
1.058763
1.058779
1.057625
1.053372
1.04728
1.036126
1.030218
1.022309
1.014416
1.006361
0.997933
0.990084
0.982069
0.972798
0.960443
0.956777
0.948694
0.942135
0.934088
0.92565
0.917822
0.909699
0.90212
0.894175
0.886248
0.878115
0.869908
0.861154
0.852799
0.845275
0.836026
0.825784
0.816112
0.807015
0.798423
0.78989
0.780222
0.770671
0.761937
0.753279
0.7449
0.735771
0.726512
0.717278
0.708544
0.699036
0.689836
0.681072
0.672133
0.662949
0.653622
0.644537
0.635831
0.627066
0.617478
0.607441
0.597889
0.589152
0.580264
0.570787
0.560929
0.551549
0.541986
0.532753
0.523011
0.512827
0.503107
0.493201
0.482734
0.47219
0.461831
0.451685
0.441714
0.431532
0.42141
0.411594
0.40198
0.391546
0.380578
0.370862
0.361262
0.3515
0.341071
0.330786
0.320296
0.311053
0.301572
0.291101
0.280647
0.270792
0.260684
0.250475
0.239681
0.22956
0.219965
0.209748
0.199143
0.188947
0.178895
0.168665
0.157729
0.146897
0.136403
0.12594
0.116026
0.105296
0.094978
0.085221
0.075058
0.064453
0.053547
0.043032
0.031549
0.021281
0.010797
0.000065
-0.010076
-0.023406
-0.030833
-0.04054
-0.047844
-0.056469
-0.066483
-0.075835
-0.084944
-0.095758
-0.107804
-0.11945
-0.134312
-0.146905
-0.160827
-0.172633
-0.184671
-0.195373
-0.206265
-0.216151
-0.226114
-0.235935
-0.245839
-0.255698
-0.266483
-0.277609
-0.288402
-0.299191
-0.309023
-0.319265
-0.329644
-0.340394
-0.35097
-0.36116
-0.371675
-0.382861
-0.393232
-0.404287
-0.414741
-0.424998
-0.435209
-0.445149
-0.455197
-0.46476
-0.475671
-0.486108
-0.496124
-0.505936
-0.516528
-0.526541
-0.536049
-0.546454
-0.556033
-0.566719
-0.577689
-0.588194
-0.598524
-0.608301
-0.619328
-0.629999
-0.640244
-0.649821
-0.65936
-0.669217
-0.678394
-0.688161
-0.698794
-0.708967
-0.719124
-0.728719
-0.738316
-0.747873
-0.75769
-0.767538
-0.777305
-0.788506
-0.798154
-0.808513
-0.818749
-0.828169
-0.837996
-0.847056
-0.856162
-0.865036
-0.87384
-0.883348
-0.892715
-0.902808
-0.912744
-0.922398
-0.931377
-0.940642
-0.949944
-0.959398
-0.969293
-0.979355
-0.989246
-1.000101
-1.010198
-1.021603
-1.03126
-1.031949
-1.042012
-1.048761
-1.05676
-1.066367
-1.074556
-1.083892
-1.09206
-1.100828
-1.108708
-1.117591
-1.126067
-1.134731
-1.145771
-1.155385
-1.165606
-1.175145
-1.184623
-1.193304
-1.201769
-1.209588
-1.217844
-1.226285
-1.234618
-1.242682
-1.25136
-1.25947
-1.267369
-1.275735
-1.283733
-1.291605
-1.299669
-1.307103
-1.314117
-1.321735
-1.3297
-1.337688
-1.345537
-1.353439
-1.360556
-1.367549
-1.374471
-1.381364
-1.38786
-1.395359
-1.402177
-1.408964
-1.416404
-1.423394
-1.430303
-1.437568
-1.444493
-1.451532
-1.457573
-1.463964
-1.470243
-1.477119
-1.484559
-1.491386
-1.498379
-1.504893
-1.511011
-1.516977
-1.522738
-1.528344
-1.53431
-1.540505
-1.546834
-1.553164
-1.559804
-1.565725
-1.571468
-1.577635
-1.583724
-1.589883
-1.595748
-1.60127
-1.606592
-1.611995
-1.61764
-1.623104
-1.628281
-1.633677
-1.638136
-1.642527
-1.64757
-1.652675
-1.657811
-1.662954
-1.66768
-1.672194
-1.676866
-1.681247
-1.68544
-1.690032
-1.695044
-1.70007
-1.704328
-1.708428
-1.712585
-1.716551
-1.720741
-1.724547
-1.728075
-1.731665
-1.735356
-1.738814
-1.742678
-1.74702
-1.751
-1.755248
-1.759072
-1.7626
-1.765811
-1.769246
-1.772532
-1.775494
-1.778761
-1.782061
-1.785264
-1.788144
-1.790564
-1.792971
-1.795933
-1.798446
-1.800733
-1.802658
-1.805025
-1.807422
-1.809854
-1.812288
-1.814731
-1.817038
-1.819072
-1.820697
-1.822088
-1.823965
-1.826014
-1.827904
-1.82977
-1.831231
-1.832514
-1.833887
-1.834978
-1.835988
-1.836811
-1.838114
-1.838766
-1.839312
-1.840118
-1.841328
-1.842577
-1.843551
-1.844083
-1.844509
-1.844908
-1.845383
-1.845781
-1.846477
-1.847452
-1.848021
-1.848323
-1.84865
-1.848572
-1.848522
-1.848036
-1.847117
-1.846202
-1.845803
-1.845669
-1.845351
-1.84489
-1.844405
-1.844141
-1.843696
-1.843041
-1.841568
-1.840174
-1.839137
-1.838266
-1.83739
-1.836167
-1.835005
-1.833793
-1.832148
-1.830111
-1.827974
-1.826667
-1.825239
-1.82324
-1.82126
-1.819512
-1.817673
-1.816047
-1.813771
-1.81154
-1.809668
-1.807769
-1.805273
-1.802643
-1.800349
-1.797927
-1.795491
-1.793026
-1.790039
-1.787131
-1.784344
-1.781237
-1.777944
-1.775194
-1.772601
-1.769563
-1.766238
-1.762297
-1.759446
-1.756659
-1.753818
-1.750136
-1.746774
-1.743891
-1.739816
-1.736188
-1.731625
-1.727926
-1.724263
-1.720372
-1.716147
-1.7116
-1.70751
-1.703202
-1.698142
-1.693329
-1.689111
-1.685033
-1.680896
-1.676259
-1.670948
-1.666021
-1.661652
-1.656802
-1.651131
-1.645883
-1.640886
-1.636059
-1.631085
-1.625917
-1.620582
-1.615517
-1.610016
-1.604154
-1.598742
-1.593809
-1.58781
-1.582329
-1.576675
-1.570812
-1.567253
-1.560692
-1.554224
-1.547318
-1.541334
-1.535194
-1.529066
-1.522472
-1.515786
-1.509255
-1.50318
-1.49702
-1.490573
-1.484155
-1.477279
-1.470311
-1.463035
-1.456646
-1.450385
-1.443758
-1.43701
-1.429332
-1.421967
-1.415368
-1.408602
-1.400931
-1.393552
-1.386081
-1.378737
-1.371731
-1.364046
-1.35663
-1.349889
-1.34251
-1.334768
-1.326982
-1.319251
-1.311537
-1.30337
-1.295168
-1.287329
-1.279648
-1.272314
-1.264139
-1.256206
-1.248632
-1.24115
-1.232813
-1.224222
-1.215751
-1.20749
-1.199714
-1.191409
-1.18336
-1.175125
-1.166936
-1.157918
-1.149058
-1.140718
-1.132113
-1.123896
-1.114918
-1.106431
-1.097871
-1.089897
-1.080401
-1.069999
-1.060322
-1.049942
-1.039693
-1.028362
-1.020785
-1.014227
-1.005535
-0.996709
-0.987695
-0.977801
-0.967817
-0.95837
-0.948963
-0.940383
-0.931526
-0.922458
-0.912784
-0.901817
-0.891658
-0.882178
-0.873151
-0.863269
-0.852946
-0.843007
-0.833231
-0.824051
-0.814827
-0.804621
-0.795052
-0.785537
-0.776005
-0.766309
-0.756192
-0.746452
-0.736748
-0.726856
-0.717003
-0.707064
-0.697232
-0.687911
-0.677539
-0.667512
-0.657076
-0.646645
-0.635955
-0.625187
-0.614857
-0.605389
-0.595532
-0.586186
-0.575721
-0.565308
-0.555244
-0.544944
-0.534287
-0.523678
-0.513154
-0.502897
-0.493201
-0.482452
-0.471465
-0.461181
-0.450508
-0.439151
-0.428329
-0.417681
-0.408095
-0.397546
-0.386961
-0.376835
-0.367307
-0.357392
-0.346599
-0.335467
-0.324413
-0.31358
-0.303125
-0.293105
-0.283208
-0.272591
-0.262149
-0.250962
-0.239953
-0.228934
-0.218632
-0.207829
-0.19692
-0.186331
-0.176256
-0.166558
-0.155664
-0.144866
-0.133954
-0.123267
-0.112514
-0.10154
-0.09059
-0.079908
-0.069849
-0.059183
-0.047116
-0.035657
-0.025901
-0.01894
-0.009879
-0.000034
0.008692
0.018429
0.02747
0.037295
0.051448
0.062942
0.076098
0.088185
0.100367
0.111204
0.121828
0.13185
0.141886
0.152906
0.162733
0.172782
0.182807
0.193257
0.203178
0.213475
0.224083
0.234094
0.244204
0.253893
0.263804
0.274143
0.284621
0.295509
0.305447
0.315398
0.32523
0.335893
0.346237
0.355909
0.365503
0.375403
0.38576
0.395561
0.406193
0.416416
0.426527
0.43632
0.445499
0.4546
0.464299
0.473674
0.483181
0.492926
0.503073
0.513
0.522914
0.53227
0.54181
0.551479
0.561314
0.570776
0.579769
0.589567
0.599105
0.609075
0.618932
0.628099
0.636982
0.646264
0.654892
0.663488
0.672332
0.682167
0.691141
0.699875
0.708861
0.718119
0.727102
0.735984
0.744515
0.753323
0.761844
0.771066
0.78012
0.789435
0.797865
0.806885
0.815485
0.823942
0.832413
0.840118
0.848062
0.855991
0.86465
0.872996
0.881663
0.890216
0.898467
0.906697
0.915129
0.924073
0.933411
0.942321
0.951481
0.960797
0.96957
0.974612
0.982153
0.989829
0.996327
1.003287
1.009631
1.016479
1.023013
1.03014
1.037229
1.044543
1.051024
1.057763
1.064711
1.071424
1.080424
1.088619
1.096807
1.104502
1.112415
1.1197
1.127405
1.134474
1.141544
1.147931
1.154056
1.16018
1.166325
1.172881
1.179364
1.185754
1.192417
1.198696
1.204952
1.210568
1.216524
1.223004
1.227734
1.233876
1.238783
1.243971
1.251454
1.257254
1.262706
1.267885
1.273653
1.279373
1.284999
1.29022
1.295596
1.301
1.306554
1.311805
1.31725
1.322238
1.326676
1.330828
1.335623
1.340307
1.34534
1.350042
1.354651
1.359052
1.363318
1.367532
1.37128
1.374898
1.378937
1.382793
1.386567
1.390683
1.394516
1.39839
1.402566
1.40662
1.410079
1.413315
1.416547
1.419926
1.42359
1.426996
1.430102
1.433506
1.43661
1.43933
1.441733
1.444415
1.446923
1.449471
1.452593
1.455673
1.45858
1.461595
1.464296
1.466431
1.469154
1.471439
1.47371
1.475774
1.477763
1.479993
1.481996
1.483907
1.486019
1.487882
1.489584
1.49116
1.49235
1.493775
1.495273
1.4969
1.498396
1.499614
1.50077
1.502075
1.503453
1.504558
1.505489
1.506341
1.507261
1.507781
1.508235
1.508879
1.509839
1.510849
1.511321
1.511186
1.510961
1.510541
1.510408
1.510514
1.510759
1.510918
1.510988
1.511165
1.510858
1.510353
1.509945
1.509607
1.509078
1.508441
1.508229
1.508126
1.507205
1.505391
1.504858
1.504232
1.503544
1.502264
1.500454
1.499197
1.498001
1.496958
1.495709
1.494252
1.492687
1.490875
1.488941
1.486825
1.485338
1.483841
1.482203
1.480069
1.477752
1.475713
1.473966
1.471826
1.469257
1.466715
1.464445
1.462312
1.459442
1.456294
1.453488
1.450849
1.448473
1.445669
1.442577
1.439504
1.436576
1.433398
1.430193
1.427076
1.423722
1.420685
1.416849
1.413105
1.409781
1.406827
1.403135
1.39846
1.394147
1.390538
1.386694
1.382431
1.378222
1.374314
1.370577
1.366637
1.362152
1.357351
1.352796
1.348256
1.343411
1.33912
1.334648
1.330226
1.325559
1.320506
1.315743
1.310905
1.306334
1.300702
1.295279
1.289959
1.285629
1.281068
1.276214
1.270484
1.265275
1.2601
1.254331
1.248472
1.243289
1.237776
1.232445
1.226693
1.22065
1.214552
1.208293
1.201876
1.195017
1.188774
1.182389
1.17607
1.168575
1.161645
1.156264
1.149486
1.144244
1.137941
1.131825
1.124581
1.117743
1.110454
1.103443
1.096788
1.089824
1.082492
1.074915
1.067605
1.060673
1.053636
1.046386
1.038218
1.030293
1.02289
1.01578
1.00838
0.999786
0.991829
0.984409
0.975846
0.966765
0.958085
0.946985
0.945063
0.935539
0.928438
0.921217
0.913164
0.905513
0.89707
0.889481
0.881827
0.874151
0.865794
0.857886
0.849283
0.842115
0.83313
0.823458
0.814084
0.804728
0.7956
0.786344
0.776969
0.767907
0.759403
0.75093
0.742478
0.733618
0.725356
0.716661
0.707032
0.697079
0.687977
0.679731
0.671549
0.662869
0.653575
0.644495
0.635642
0.626903
0.616817
0.606541
0.597037
0.587736
0.578991
0.570134
0.560758
0.551851
0.542847
0.532799
0.522753
0.513514
0.504155
0.493972
0.483788
0.4733
0.463477
0.453573
0.443337
0.432693
0.422182
0.412806
0.402551
0.391937
0.381458
0.371482
0.362084
0.352855
0.342784
0.332715
0.323192
0.313414
0.303413
0.29316
0.283787
0.273865
0.263608
0.252999
0.242611
0.232858
0.223475
0.212152
0.201126
0.190556
0.180243
0.170161
0.159969
0.149261
0.139522
0.129786
0.1196
0.109097
0.09947
0.088837
0.077764
0.067717
0.056461
0.046251
0.035942
0.02538
0.014243
0.003623
-0.007047
-0.017997
-0.029453
-0.040981
-0.04618
-0.055356
-0.063806
-0.072709
-0.081039
-0.090432
-0.101334
-0.116469
-0.130069
-0.143829
-0.156384
-0.168396
-0.1801
-0.191598
-0.202101
-0.213261
-0.2234
-0.234398
-0.244843
-0.254835
-0.264743
-0.275329
-0.285213
-0.295308
-0.305314
-0.315676
-0.326391
-0.337256
-0.348128
-0.358573
-0.369103
-0.379767
-0.390165
-0.400502
-0.41069
-0.421587
-0.432375
-0.442396
-0.453081
-0.463886
-0.474749
-0.485028
-0.494606
-0.504235
-0.514354
-0.524821
-0.534626
-0.544783
-0.555021
-0.565807
-0.576567
-0.587066
-0.597286
-0.607496
-0.617552
-0.627539
-0.638056
-0.648693
-0.659145
-0.66961
-0.679182
-0.689419
-0.699476
-0.709381
-0.719304
-0.727982
-0.73739
-0.747042
-0.756942
-0.767393
-0.777867
-0.788239
-0.798948
-0.808596
-0.818198
-0.827993
-0.837237
-0.847205
-0.856633
-0.866709