1.993384
1.993395
1.993397
1.993887
1.993498
1.992604
1.993699
1.993409
1.993719
1.993964
1.994389
1.994552
1.994141
1.993721
1.993284
1.99327
1.992844
1.992295
1.991434
1.990298
1.989486
1.988849
1.988001
1.986363
1.984771
1.98312
1.981929
1.980753
1.97932
1.97743
1.974985
1.972698
1.970466
1.968455
1.966627
1.964728
1.962392
1.960271
1.957632
1.954692
1.951847
1.949466
1.947141
1.944579
1.942045
1.938757
1.935673
1.933009
1.930647
1.927623
1.924593
1.92139
1.918168
1.914392
1.910763
1.907117
1.903149
1.899637
1.896091
1.892541
1.889162
1.885375
1.881189
1.877186
1.873654
1.869954
1.865745
1.861899
1.857587
1.852828
1.848468
1.84387
1.839276
1.834673
1.829989
1.825425
1.820498
1.815822
1.810701
1.804923
1.79866
1.792319
1.78587
1.779297
1.773255
1.769107
1.765096
1.761057
1.75574
1.747965
1.741661
1.734623
1.72798
1.720846
1.713482
1.706307
1.699156
1.691965
1.684509
1.676879
1.669436
1.662451
1.654744
1.646848
1.638519
1.630342
1.622627
1.614447
1.606318
1.598221
1.589607
1.581276
1.572759
1.564381
1.55588
1.547078
1.537902
1.528921
1.519979
1.510823
1.501721
1.492911
1.4837
1.474764
1.465432
1.455893
1.446661
1.437021
1.427925
1.418584
1.409472
1.399716
1.390119
1.38101
1.37193
1.362402
1.352702
1.343554
1.334254
1.324958
1.315595
1.305884
1.295625
1.286717
1.277317
1.26804
1.258857
1.248867
1.239567
1.229943
1.220251
1.21021
1.200419
1.190531
1.180552
1.170643
1.161007
1.151381
1.141802
1.131906
1.121856
1.11145
1.101307
1.091236
1.080859
1.070705
1.060223
1.048759
1.037912
1.026575
1.015357
1.00363
0.993726
0.98362
0.97298
0.962691
0.952047
0.941818
0.931299
0.921948
0.912502
0.900812
0.889431
0.877067
0.864865
0.853582
0.844141
0.829823
0.817582
0.804664
0.789294
0.775888
0.761794
0.749677
0.737286
0.724945
0.711981
0.699513
0.686671
0.673717
0.660326
0.647666
0.634469
0.620694
0.607504
0.593856
0.580021
0.566766
0.553754
0.540224
0.526546
0.512687
0.498638
0.484208
0.470556
0.456984
0.443568
0.429616
0.415893
0.401714
0.38814
0.374739
0.361079
0.347734
0.33287
0.31943
0.305491
0.290986
0.277405
0.263712
0.250353
0.237598
0.224304
0.210272
0.196708
0.182922
0.169669
0.155707
0.141445
0.12774
0.113968
0.10086
0.087557
0.073796
0.060736
0.046733
0.033767
0.020588
0.00696
-0.005968
-0.019106
-0.030592
-0.042836
-0.054925
-0.067617
-0.079751
-0.092258
-0.103278
-0.119183
-0.131196
-0.144406
-0.157277
-0.169499
-0.182033
-0.194674
-0.207618
-0.219829
-0.232464
-0.245017
-0.257918
-0.270904
-0.283428
-0.296511
-0.309142
-0.321983
-0.33501
-0.348171
-0.361273
-0.374422
-0.387331
-0.400435
-0.413524
-0.427021
-0.440435
-0.454367
-0.468414
-0.482456
-0.496109
-0.509178
-0.522579
-0.536053
-0.549888
-0.564025
-0.577893
-0.591446
-0.605115
-0.619033
-0.632591
-0.646459
-0.660602
-0.675543
-0.690102
-0.703994
-0.717785
-0.731686
-0.746475
-0.761111
-0.775288
-0.789299
-0.803315
-0.817053
-0.831065
-0.845245
-0.859811
-0.87423
-0.888617
-0.902392
-0.917024
-0.930998
-0.94541
-0.959963
-0.974221
-0.988639
-1.001639
-1.01428
-1.027904
-1.042369
-1.05481
-1.068111
-1.080937
-1.093695
-1.105652
-1.120796
-1.133997
-1.146489
-1.159985
-1.172022
-1.184889
-1.197568
-1.21042
-1.223964
-1.236107
-1.24833
-1.260172
-1.271606
-1.28298
-1.294151
-1.305273
-1.316583
-1.32792
-1.339284
-1.349885
-1.360738
-1.37152
-1.38243
-1.393985
-1.40487
-1.415949
-1.424507
-1.437199
-1.448103
-1.4592
-1.472193
-1.484371
-1.494004
-1.503965
-1.513553
-1.523672
-1.533843
-1.543769
-1.554225
-1.564651
-1.575208
-1.585478
-1.595862
-1.60593
-1.616255
-1.626766
-1.636995
-1.647572
-1.658199
-1.668506
-1.67915
-1.68922
-1.699568
-1.709856
-1.720559
-1.730889
-1.741136
-1.751285
-1.760725
-1.770639
-1.780784
-1.790777
-1.800928
-1.811012
-1.820989
-1.831049
-1.840624
-1.850598
-1.860784
-1.871101
-1.880688
-1.890384
-1.900088
-1.910038
-1.920202
-1.929906
-1.939606
-1.949453
-1.959131
-1.968166
-1.976346
-1.984833
-1.994144
-2.003188
-2.012494
-2.021941
-2.031029
-2.039622
-2.048021
-2.056682
-2.065414
-2.072643
-2.082204
-2.089409
-2.098073
-2.106637
-2.114849
-2.122969
-2.130597
-2.137721
-2.144999
-2.151911
-2.159487
-2.166687
-2.173689
-2.180598
-2.187462
-2.194134
-2.20095
-2.207279
-2.213517
-2.22027
-2.22584
-2.23232
-2.238179
-2.244072
-2.249876
-2.256024
-2.262424
-2.268708
-2.27504
-2.281163
-2.28679
-2.291849
-2.295534
-2.299466
-2.304746
-2.309904
-2.315294
-2.319955
-2.324546
-2.329197
-2.334022
-2.338711
-2.343221
-2.347646
-2.351738
-2.355921
-2.359883
-2.363337
-2.367382
-2.371487
-2.376314
-2.380354
-2.384203
-2.387859
-2.39078
-2.394311
-2.397604
-2.400559
-2.40364
-2.406083
-2.408753
-2.412043
-2.415196
-2.418275
-2.421403
-2.42438
-2.427732
-2.430581
-2.432689
-2.43506
-2.43728
-2.439478
-2.441843
-2.444225
-2.445988
-2.44788
-2.449392
-2.45114
-2.453413
-2.455905
-2.458055
-2.459379
-2.460486
-2.460997
-2.462885
-2.463869
-2.464876
-2.465522
-2.466216
-2.46685
-2.467677
-2.468926
-2.470334
-2.471016
-2.471526
-2.471196
-2.470817
-2.470928
-2.471028
-2.47046
-2.469808
-2.469452
-2.470148
-2.469453
-2.469012
-2.468726
-2.468385
-2.467948
-2.467268
-2.466094
-2.465061
-2.464063
-2.463004
-2.46162
-2.459699
-2.457851
-2.456141
-2.454565
-2.453258
-2.451948
-2.450131
-2.448686
-2.446358
-2.444963
-2.442752
-2.440596
-2.438649
-2.436646
-2.434201
-2.43159
-2.428785
-2.425919
-2.423145
-2.420463
-2.417722
-2.41511
-2.412232
-2.409553
-2.406506
-2.403327
-2.399998
-2.396386
-2.393145
-2.389751
-2.386408
-2.382499
-2.378477
-2.37478
-2.370798
-2.366954
-2.363154
-2.359179
-2.355097
-2.351133
-2.346832
-2.341895
-2.336826
-2.33181
-2.326645
-2.321729
-2.316798
-2.311832
-2.306662
-2.301505
-2.296363
-2.291004
-2.285561
-2.279726
-2.273926
-2.267858
-2.261417
-2.255344
-2.249306
-2.242941
-2.236551
-2.229955
-2.223416
-2.216418
-2.208606
-2.201035
-2.19275
-2.184664
-2.176165
-2.169239
-2.163837
-2.158569
-2.151993
-2.142185
-2.133607
-2.124485
-2.116853
-2.108786
-2.101465
-2.093646
-2.085783
-2.077904
-2.070088
-2.062256
-2.054115
-2.045719
-2.037248
-2.029164
-2.020891
-2.013067
-2.003101
-1.996088
-1.986149
-1.977572
-1.968106
-1.959616
-1.950916
-1.941894
-1.933393
-1.924243
-1.914794
-1.905691
-1.896759
-1.88789
-1.878916
-1.870061
-1.860928
-1.851616
-1.842125
-1.832587
-1.823216
-1.813764
-1.804471
-1.795592
-1.786879
-1.777754
-1.76882
-1.759212
-1.749888
-1.740129
-1.730788
-1.721095
-1.71181
-1.702672
-1.693072
-1.683436
-1.673908
-1.664152
-1.653955
-1.644225
-1.634607
-1.625124
-1.615371
-1.605448
-1.595158
-1.58492
-1.574687
-1.564401
-1.553821
-1.543236
-1.531978
-1.520821
-1.510037
-1.499113
-1.487865
-1.477101
-1.466215
-1.455036
-1.443737
-1.432304
-1.420276
-1.408545
-1.396923
-1.384542
-1.372882
-1.360657
-1.347916
-1.335715
-1.32353
-1.310697
-1.297999
-1.285007
-1.272147
-1.259767
-1.246757
-1.233466
-1.219543
-1.206486
-1.193073
-1.18001
-1.166834
-1.153419
-1.139751
-1.126017
-1.112199
-1.09773
-1.085498
-1.073583
-1.061028
-1.047241
-1.035557
-1.02124
-1.007675
-0.995494
-0.98019
-0.966636
-0.952343
-0.938957
-0.9243
-0.909695
-0.89514
-0.880869
-0.86746
-0.854142
-0.838932
-0.825984
-0.811166
-0.797869
-0.784809
-0.771908
-0.759017
-0.745489
-0.732612
-0.719987
-0.706804
-0.694488
-0.681984
-0.668922
-0.655959
-0.642843
-0.629929
-0.617217
-0.604448
-0.591556
-0.579366
-0.566377
-0.553575
-0.54066
-0.528125
-0.515593
-0.503076
-0.490578
-0.477871
-0.464993
-0.452425
-0.439722
-0.427272
-0.41471
-0.402747
-0.390303
-0.377542
-0.36435
-0.351506
-0.338252
-0.325075
-0.312261
-0.299491
-0.286875
-0.273892
-0.261111
-0.24768
-0.234655
-0.221537
-0.208548
-0.195651
-0.182188
-0.168967
-0.155395
-0.141577
-0.128022
-0.113813
-0.099658
-0.084756
-0.070853
-0.057712
-0.044302
-0.030192
-0.017243
-0.004991
0.012019
0.026654
0.040969
0.055776
0.069414
0.083978
0.097542
0.111462
0.125998
0.140892
0.156335
0.171236
0.185938
0.201301
0.214039
0.230264
0.244497
0.258877
0.272726
0.287167
0.299385
0.314537
0.328847
0.342266
0.356198
0.369966
0.38295
0.396216
0.409524
0.423408
0.438305
0.451965
0.465424
0.478517
0.491371
0.504186
0.517504
0.530669
0.54383
0.556822
0.569769
0.58261
0.593415
0.607887
0.619213
0.630899
0.64517
0.660581
0.673828
0.686278
0.698299
0.710679
0.723238
0.73361
0.744777
0.757119
0.769
0.780328
0.791534
0.802525
0.813461
0.824869
0.836181
0.847035
0.858125
0.869161
0.881714
0.891565
0.902534
0.91312
0.924046
0.934383
0.944842
0.955448
0.966368
0.976023
0.984298
0.997883
1.005759
1.017663
1.028575
1.039052
1.049935
1.060069
1.070646
1.081774
1.092489
1.103396
1.114249
1.124972
1.135676
1.146113
1.15603
1.166418
1.177024
1.187556
1.19867
1.209634
1.220151
1.231304
1.241649
1.251846
1.262578
1.273307
1.283782
1.293861
1.304583
1.315036
1.325
1.334955
1.345225
1.355529
1.366068
1.376706
1.387085
1.396874
1.406306
1.415732
1.425371
1.435034
1.444835
1.454032
1.46281
1.471895
1.481302
1.49076
1.499515
1.508188
1.516985
1.525255
1.534253
1.543433
1.551918
1.560605
1.568983
1.575657
1.583387
1.591079
1.599159
1.607465
1.615651
1.623686
1.631233
1.638693
1.645232
1.652055
1.658478
1.665379
1.673152
1.679986
1.68733
1.69403
1.701687
1.709038
1.714225
1.719678
1.724868
1.730042
1.737189
1.743235
1.74908
1.754829
1.760558
1.76646
1.771821
1.776671
1.782251
1.787392
1.792577
1.798721
1.803924
1.809055
1.813934
1.818873
1.823488
1.828431
1.833358
1.837819
1.842492
1.846757
1.850413
1.854771
1.858579
1.862572
1.867412
1.871403
1.875173
1.878883
1.882374
1.886292
1.890093
1.893889
1.89752
1.901352
1.905116
1.908254
1.911408
1.914638
1.917751
1.9211
1.92436
1.927821
1.930875
1.933468
1.935633
1.937923
1.940606
1.944135
1.946404
1.948217
1.950054
1.952107
1.954339
1.956289
1.958536
1.96038
1.961982
1.963401
1.964923
1.966624
1.968289
1.969554
1.970061
1.970821
1.972007
1.973387
1.974205
1.974755
1.975889
1.976775
1.977662
1.978266
1.978266
1.97843
1.978555
1.978461
1.978384
1.977983
1.978322
1.977966
1.978342
1.97811
1.977632
1.976951
1.976076
1.975117
1.974276
1.973425
1.972715
1.97139
1.970552
1.968898
1.967362
1.965945
1.964749
1.963624
1.962124
1.960133
1.95836
1.956604
1.954705
1.952615
1.950684
1.948744
1.946638
1.944608
1.941839
1.940041
1.936516
1.934367
1.932814
1.92967
1.927449
1.924111
1.921352
1.918275
1.914994
1.911747
1.908789
1.905747
1.901355
1.897571
1.89384
1.890073
1.886161
1.882265
1.879527
1.875604
1.871309
1.867297
1.862852
1.858345
1.853486
1.848982
1.844319
1.839671
1.834577
1.829198
1.824066
1.819063
1.81377
1.807706
1.800905
1.79424
1.787688
1.781559
1.779326
1.775676
1.76959
1.763267
1.756181
1.748828
1.742681
1.735801
1.728836
1.721822
1.715275
1.708449
1.701477
1.694393
1.686367
1.679225
1.672254
1.665053
1.657857
1.650478
1.643052
1.63508
1.627793
1.620292
1.612631
1.605038
1.597234
1.5891
1.580545
1.572712
1.564711
1.556475
1.548602
1.540824
1.532843
1.524619
1.516921
1.508747
1.500826
1.492565
1.484535
1.476413
1.468167
1.459811
1.45128
1.442637
1.434043
1.425636
1.417319
1.409319
1.401057
1.392816
1.384099
1.375554
1.367213
1.358727
1.350364
1.341122
1.332584
1.323489
1.314823
1.306467
1.297054
1.287721
1.278939
1.270064
1.261341
1.251708
1.242018
1.232743
1.223389
1.21332
1.203381
1.193725
1.184215
1.174418
1.164194
1.153805
1.143646
1.132933
1.122137
1.11139
1.100619
1.089851
1.078591
1.067246
1.055418
1.043857
1.031397
1.019154
1.007449
0.997103
0.986686
0.97651
0.965042
0.953934
0.942802