0.6065368217
0.6368706441
0.6932622322
0.7729714191
0.8222595172
0.8452455034
0.8442157592
0.843011482
0.8432209215
0.8449313442
0.8462752477
0.84671158
0.8463799675
0.8471828189
0.8476191512
0.848020577
0.8463276076
0.8435874407
0.8381245601
0.8327314927
0.8280016504
0.8269719062
0.8273733319
0.8282634498
0.8280540103
0.8280889169
0.8277573043
0.8268846397
0.8253312967
0.8241095662
0.8250171374
0.8272337056
0.8312828694
0.8343546489
0.8366759368
0.8373915218
0.8373915218
0.836152338
0.8335692508
0.8304102048
0.828036557
0.8276351313
0.8287695953
0.8302356719
0.830480018
0.8287695953
0.8256803625
0.8219453579
0.8186466856
0.8159937852
0.8121889674
0.8073020455
0.8013330195
0.7984881328
0.797964534
0.7984183196
0.7938630103
0.7891506213
0.781558439
0.7783644865
0.7710341037
0.7707199444
0.7730412323
0.7822565707
0.7885746626
0.7941597162
0.7981565202
0.8010537668
0.8002858219
0.7974758418
0.7960272185
0.7981216136
0.802083511
0.8057836091
0.8077558311
0.8087332155
0.8085586826
0.806673727
0.8030085356
0.7988895585
0.7964460976
0.7965682706
0.7995353303
0.8039161068
0.8081921634
0.8104087316
0.8096233334
0.8056439827
0.8000240225
0.7946658617
0.7918035218
0.7906166979
0.7904072584
0.790145459
0.789970926
0.7899011129
0.7886968357
0.7868118801
0.7837575539
0.7812617331
0.7795687637
0.7804937882
0.7833212216
0.7871434926
0.7895345937
0.7919606014
0.7945436887
0.7981739735
0.7996400501
0.7999367561
0.7994131573
0.800111289
0.8011759398
0.8027118296
0.8044746121
0.8077383778
0.8118748082
0.8157145325
0.8163777576
0.8136899506
0.809780413
0.8073544054
0.8075638449
0.8091520945
0.8103912783
0.8099200394
0.807808191
0.8052774636
0.8033052415
0.8022754973
0.8015773656
0.8005476213
0.7986626657
0.7971616826
0.7973711221
0.7999367561
0.8032354284
0.8049807576
0.8041255463
0.8012632063
0.7984532262
0.7961319383
0.7955385264
0.795276727
0.7970395095
0.7991688112
0.8025896565
0.8036717607
0.8020660578
0.7971791358
0.7924667469
0.789970926
0.7906341512
0.7929728924
0.7956257928
0.7973885754
0.797964534
0.7973885754
0.7965682706
0.795817779
0.7951371006
0.7937582905
0.7921351343
0.7912624697
0.791820975
0.7934092247
0.7947531282
0.7955385264
0.7961319383
0.7964286443
0.7960970317
0.7941597162
0.7923271205
0.7920827744
0.7946658617
0.7992560777
0.8037764804
0.8067086336
0.8067435401
0.804649145
0.801664632
0.7993084375
0.7984706795
0.7988546519
0.8003556351
0.8016297254
0.8021358709
0.8006523411
0.7975805616
0.7933568648
0.7899883793
0.7887666489
0.7904247116
0.7933045049
0.795992312
0.7976503747
0.7994829705
0.801664632
0.8037241205
0.8044571588
0.8024500302
0.7985928525
0.7937931971
0.7917511619
0.7923620271
0.7950149276
0.7965682706
0.7964286443
0.7952418204
0.7947880348
0.7952418204
0.7958003257
0.7952418204
0.7944215156
0.7942469827
0.7957479659
0.79826124
0.8012632063
0.8036368541
0.8045967852
0.8037764804
0.8020136979
0.8011759398
0.8018740715
0.8039161068
0.8064119276
0.8089601083
0.8114908357
0.8135154176
0.8154178265
0.8161857714
0.8158367056
0.8139168434
0.8116653686
0.8095709735
0.8090997346
0.8107752507
0.8150338541
0.8201476688
0.8229401956
0.8216661053
0.8155574529
0.8084365095
0.8041255463
0.8039859199
0.807092606
0.8081747101
0.8085761359
0.807511485
0.8092568143
0.8116653686
0.8133932446
0.8120144345
0.8088902951
0.8081747101
0.8104261849
0.8151036673
0.8204618281
0.8243713656
0.8278620241
0.82677992
0.8236557806
0.815801799
0.807808191
0.8028340026
0.8004778081
0.8026943763
0.8028863625
0.805661436
0.8048760378
0.804649145
0.803811387
0.8037241205
0.8059930486
0.8076860179
0.8105832645
0.8102865585
0.8090648281
0.8077209245
0.8092219077
0.8120842477
0.8152782002
0.8127998327
0.8056439827
0.7980867071
0.795992312
0.7989070118
0.7995702369
0.8012282997
0.8042128127
0.8088902951
0.807808191
0.8018042584
0.7961319383
0.7933219582
0.792833266
0.7923096672
0.7935313977
0.7952941803
0.7970046029
0.7977201879
0.7978598143
0.7974060287
0.7954687132
0.7933917714
0.7923271205
0.793252145
0.7952069138
0.7960970317
0.7954338066
0.7928507193
0.7900756458
0.787701998
0.7861661083
0.7856425095
0.7847000317
0.7840542599
0.7836528341
0.7856948694
0.7888713686
0.7915591757
0.7915068158
0.7889411818
0.7853283502
0.7826754498
0.7816631588
0.7822042109
0.7825358234
0.7822914773
0.7815060792
0.7820645845
0.7842462461
0.7871783992
0.7885397561
0.7872482124
0.7837750072
0.7800400026
0.7783993931
0.779586217
0.7824660103
0.7848047515
0.7853632568
0.784839658
0.7831466887
0.7803541619
0.7764795309
0.7736870041
0.7736870041
0.7763922645
0.7800749092
0.7823787438
0.7811570133
0.7767587836
0.7716100623
0.7682066703
0.7665311542
0.7643843992
0.7629008693
0.7626739765
0.7651523441
0.7678401511
0.7702836121
0.771889315
0.7732506718
0.7731284988
0.7709991971
0.7670722063
0.7637560807
0.7622376442
0.763057949
0.7656759428
0.7693760409
0.7726921664
0.7736346442
0.7715751557
0.767770338
0.7651348908
0.7655363165
0.7690618816
0.7732855784
0.7767064237
0.7787484589
0.7797782032
0.7794640439
0.7763573579
0.7712784497
0.7659726488
0.7640353334
0.7655363165
0.7686604559
0.7702312522
0.7699170929
0.7680495906
0.7666184206
0.7657283027
0.7657283027
0.76544905
0.7642971327
0.7635815477
0.7644716657
0.7675259919
0.7706501312
0.7722383808
0.7716275156
0.7700741726
0.767770338
0.7659551955
0.7632673885
0.7612777131
0.7589389719
0.7583630133
0.7587120791
0.7603875952
0.7616442323
0.7619932981
0.7609286473
0.759183318
0.7574379888
0.7565827774
0.7570714696
0.7585724528
0.7607017545
0.7618013119
0.7617664053
0.760195609
0.75834556
0.7565129643
0.7555879398
0.755902099
0.7571761894
0.7586771725
0.759357851
0.7603003288
0.7617664053
0.7644018525
0.7655712231
0.7645240255
0.7608064742
0.757333269
0.7560417254
0.7581884804
0.7636688142
0.7705105049
0.7765842507
0.7792196978
0.7790800715
0.7774220087
0.775589413
0.7736695508
0.7721162078
0.7716275156
0.7729539658
0.7757813992
0.7781725003
0.7791498847
0.777858341
0.7771776626
0.778032874
0.780842854
0.7831815952
0.7840019
0.7836353809
0.7836179276
0.7849269245
0.7871434926
0.7887491956
0.787701998
0.7835132078
0.7778757943
0.7734252047
0.7720813012
0.7738266305
0.7773521955
0.7807730409
0.7825532767
0.7826579965
0.7815409858
0.7797956565
0.7779630608
0.7770903962
0.7786437392
0.7821343977
0.7859392155
0.7873878387
0.7860788418
0.7820820378
0.7770729429
0.7720463946
0.7690967882
0.7682939367
0.7694109474
0.770877024
0.7725350868
0.773739364
0.7745073089
0.7741407897
0.7730761389
0.7715053426
0.770161439
0.768730269
0.7671943793
0.7658330225
0.7661820883
0.7682590301
0.7712435432
0.7722558341
0.7709642905
0.7682415769
0.766164635
0.7658853824
0.7669151266
0.7684859229
0.7686604559
0.7674212721
0.7657806626
0.7656061297
0.7666358739
0.7667231404
0.7644542124
0.7609286473
0.7587120791
0.7594451174
0.7620631113
0.7643320393
0.7644716657
0.763057949
0.7616442323
0.7610508203
0.7607017545
0.7596545569
0.757926681
0.7560242721
0.7548199949
0.7549072614
0.7558671925
0.7567224038
0.7563907912
0.7550119811
0.7523241741
0.7488160623
0.7452032307
0.7430390225
0.743248462
0.74551739
0.7490778617
0.7521670944
0.753510998
0.7523067208
0.7497061802
0.7475245186
0.7468962001
0.7476815983
0.7486415294
0.7491302215
0.7490604084
0.7491825814
0.7493222078
0.7493745676
0.7479957575
0.7457791894
0.7430390225
0.7414333195
0.7410842537
0.7418347453
0.7432833685
0.745639563
0.7487811557
0.7519052951
0.7527779597
0.7505788448
0.7448541649
0.7384488065
0.7333000852
0.7317467422
0.7331255523
0.7357784528
0.7377332215
0.7372445293
0.7349406947
0.7315023961
0.7294254543
0.7285527897
0.7292858279
0.7307868111
0.7336491511
0.7367034773
0.7387106059
0.738239367
0.7357959061
0.7327590332
0.7309787973
0.7312231434
0.7329335661
0.7348010684
0.7362322384
0.7372096227
0.7395134574
0.7429343027
0.7456919229
0.7451683241
0.7415554926
0.7386058862
0.7372096227
0.7378030347
0.7386407927
0.7399497897
0.7414333195
0.7423932506
0.7428644895
0.7420267315
0.740805001
0.7391294849
0.7381870071
0.7373143425
0.7372619826
0.7376110485
0.7385709796
0.7394436442
0.7404908417
0.7412064267
0.7412587866
0.7394436442
0.7373317958
0.7358831725
0.7367558371
0.7382568203
0.7392342047
0.7389025921
0.7385011664
0.7384662598
0.7389724053
0.7393040179
0.7391818448
0.7376983149
0.7356562797
0.7347312552
0.7372445293
0.740805001
0.7430913823
0.7408399076
0.7364067713
0.7312929566
0.728570243
0.7280640975
0.7291811082
0.7304551985
0.7315373027
0.7329161128
0.7341727499
0.7349930546
0.7343996427
0.7327590332
0.730245759
0.7282386304
0.7275754053
0.7283433501
0.7295650806
0.730420292
0.731380223
0.7330033793
0.7351675875
0.7364940378
0.7359180791
0.7341727499
0.7324448739
0.7324099673
0.7338411373
0.7367209306
0.7397228969
0.7421838111
0.7423059842
0.7397752568
0.7348883348
0.7301759459
0.7274706855
0.7278372047
0.730542465
0.7342076564
0.7370874497
0.7371223563
0.7341552966
0.7291985615
0.7250272246
0.7231248157
0.7233517085
0.724398906
0.7250272246
0.7254286503
0.7259347958
0.7261965952
0.725289024
0.7229502828
0.7206464481
0.7198086901
0.7208035278
0.7221823379
0.7233691618
0.7241720132
0.7253762904
0.7264933011
0.7266852874
0.724695612
0.7198959566
0.713420785
0.7081149841
0.7065441878
0.7090574619
0.7130891725
0.7158991526
0.7164751112
0.7158991526
0.7156548065
0.7160387789
0.7170161633
0.7176968417
0.7174699489
0.7168416304
0.7166670975
0.7192152782
0.7229328295
0.7265980209
0.7274706855
0.7261616886
0.7239102138
0.7218158187
0.7204893685
0.7197214236
0.7192850913
0.7188662123
0.7185345998
0.7187963991
0.7194945308
0.7196690638
0.7189709321
0.7179586411
0.7197737835
0.7244512659
0.7315722093
0.7375761419
0.743248462
0.7484495431
0.753336465
0.7563733379
0.757507802
0.7569492966
0.7560591787
0.7544011159
0.7539647836
0.753510998
0.754348756
0.7544360225
0.7544360225
0.7538949704
0.7516784022
0.746529681
0.7377855814
0.7293032812
0.7255508233
0.7270168999
0.7311707835
0.7334571649
0.7337887774
0.7329684727
0.7319910883
0.7296872537
0.7253937437
0.7195817973
0.7154977269
0.7147821419
0.7184996932
0.7239102138
0.7283782567
0.7286400561
0.7248701449
0.7186393195
0.7144505293
0.7135429581
0.7168241771
0.7209431541
0.7239451204
0.7250795844
0.723683321
0.7261093287
0.7265282077
0.7284306166
0.7215889259
0.7164227514
0.7105933517
0.7092669014
0.7076786518
0.7072423195
0.7086036763
0.710855151
0.7123735875
0.7120070684
0.7104537253
0.7087258494
0.7079753578
0.7084989566
0.7110471373
0.7143458095
0.7172430561
0.7175572154
0.7158118861
0.7133509719
0.7112216702
0.7094239811
0.7082371572
0.7084989566
0.7113089367
0.7146425155
0.71699871
0.716702004
0.715864246
0.7155151801
0.7159166059
0.7155500867
0.7132811587
0.7094937942
0.7057064298
0.7042578065
0.7052002843
0.7070503333
0.7093192613
0.7112565768
0.7139443838
0.7157595262
0.7173128693
0.7182553471
0.7183426135
0.7179760944
0.7174350423
0.7183949734
0.7199657697
0.7208384344
0.7192327315
0.7153930071
0.7111169504
0.7089178356
0.7102966457
0.714310903
0.718011001
0.7192152782
0.7175746687
0.7148170484
0.7112565768
0.708167344
0.7056715232
0.7047988585
0.7049210316
0.7056889765
0.7069281602
0.7083767835
0.7097555936
0.7102268325
0.708586223
0.7048337651
0.6993185247
0.6943792429
0.6908711311
0.6896843072
0.6905395186
0.6929655262
0.6958976794
0.6979571679
0.6979920745
0.696176932
0.6931400591
0.6903475323
0.6887418294
0.6892654282
0.6924419274
0.6972415829
0.7017096258
0.702320491
0.698620393
0.6919532352
0.6867172475
0.6851813577
0.6874502858
0.6919183287
0.6963863715
0.7000690163
0.7024601173
0.7036818478
0.7038563807
0.7027568233
0.7014303731
0.700173736
0.6999642965
0.7004878953
0.7020761449
0.7038389275
0.7052002843
0.7054795369
0.7051653777
0.7049559382
0.7043799795
0.7033851418
0.7019190653
0.7017445323
0.7032629688
0.7062998417
0.7086560362
0.7089178356
0.7062998417
0.7022332245
0.6986378463
0.697311396
0.6982189673
0.7001213761
0.7018143455
0.703036076
0.7042054466
0.7054795369
0.7067536273
0.7072597728
0.7067187207
0.7049908448
0.7032804221
0.7025124772
0.7031058892
0.7043450729
0.7054271771
0.7063696549
0.706614001
0.7064045615
0.7046592322
0.7030186227
0.7017270791
0.7022681311
0.7032804221
0.7041530867
0.7047814052
0.7060904022
0.7077833716
0.709005102
0.7080277177
0.7071899596
0.7068059872
0.7087607559
0.7111693103
0.7146250622
0.7183949734
0.7211525936
0.7211700469
0.7184124267
0.7150439412
0.7125132138
0.7108900576
0.7094065278
0.7081324374
0.7080626242
0.7100348463
0.7139269305
0.7183251602
0.7214318463
0.7225314037
0.7220427116
0.72129222
0.7207337146
0.7201752093
0.7193549045
0.7190232919
0.7208558877
0.7250446779
0.7297745201
0.7323576074
0.7310835171
0.7272263394
0.7225663103
0.7205242751
0.7220950714
0.7268598203
0.7324623272
0.7366685707
0.7385709796
0.7370874497
0.7329510194
0.7275928586
0.7240672935
0.7238927606
0.7266503808
0.7298792399
0.7318165554
0.731676929
0.7304028387
0.7285178831
0.7265282077
0.724573439
0.7226710301
0.7211875002
0.7205417284
0.7213794864
0.7233691618
0.7256031832
0.7266678341
0.7264060347
0.7252192108
0.7236484145
0.721711099
0.7190232919
0.7167892705
0.715445367
0.7158991526
0.7168939903
0.7174699489
0.7167543639
0.7141189167
0.7106457115
0.7076961051
0.7071725063
0.7088654757
0.7112740301
0.7124084941
0.711151857
0.708586223
0.70560171
0.7033502353
0.7009765875
0.6985331265
0.6974684757
0.697608102
0.6992487115
0.69987703
0.7003133624
0.7002435492
0.7009416809
0.7017794389
0.7022157712
0.7015176395
0.6997374037
0.697189223
0.6950075614
0.6937683777
0.6947806686
0.6971368631
0.7001911893
0.701482733
0.7006973348
0.6979920745
0.6949552016
0.6925291939
0.6916565293
0.6926339137
0.6952170009
0.697904808
0.6987251127
0.6947283088
0.6864030882
0.6761754588
0.6694210346
0.6667157743
0.6662270821
0.665389324
0.6642025001
0.6644293929
0.6660350959
0.6641152337
0.6603453225
0.6552489611
0.6569070239
0.6599962566
0.6629807697
0.6633996487
0.6642025001
0.6666285078
0.6694210346
0.6714281632
0.6723008279
0.6712710836
0.6686530897
0.6644293929
0.661270347
0.6613576135
0.6656685767
0.6716899626
0.6758962061
0.6757914864
0.6720564818
0.667239373
0.6638534343
0.6620557452
0.6620382919
0.6626491571
0.6644119396
0.6661398156
0.6682691173
0.6691941418
0.6683912903
0.6656162168
0.6621779182
0.6592457651
0.6570117436
0.6555107605
0.6551442413
0.6560692658
0.6580065813
0.6600486165
0.6614972398
0.6615321464
0.6606594818
0.6599264435
0.6605896686
0.6620731985
0.6638883409
0.6642723133
0.6630331295
0.6596297375
0.6562437987
0.6537130713
0.6519677421
0.6502398661
0.6481105644
0.6471506333
0.6472029932
0.6481280177
0.648442177
0.6479185782
0.6467317543
0.6450911448
0.6429618431
0.6395759044
0.6353347543
0.6310412444
0.6286501433
0.6293133684
0.6351078615
0.6438868676
0.653276739
0.6580240346
0.6596297375
0.6592283118
0.6590886854
0.6581287543
0.6564881448
0.6550220683
0.6550918814
0.6569419305
0.6609387344
0.665982736
0.670695125
0.6725975338
0.671829589
0.670695125
0.670817298
0.6722135614
0.672370641
0.6710616441
0.6686879963
0.666820494
0.6647435522
0.6619510254
0.6576749687
0.6535385384
0.6507460116
0.6500478799
0.6508681847
0.6525437007
0.6548824419
0.6573084496
0.6593853914
0.6595773776
0.6577098753
0.6537654312
0.6492275752
0.6463477819
0.645579837
0.6478313118
0.6503794925
0.6526833271
0.6532418324
0.6522120882
0.6497337206
0.6464001418
0.6440963072
0.6443057467
0.6476742321
0.6529276732
0.6576400622
0.6598042704
0.6588966992
0.6554060407
0.6515488631
0.648738883
0.6481978309
0.6487737896
0.6495242811
0.6499431602
0.6503620392
0.6511997972
0.6529451265
0.6552315078
0.6572386364
0.657570249
0.6565405047
0.6562263455
0.6573259029
0.6595075645
0.6613750668