0
0.072
-0.046
-0.073
-0.038
0.054
0.477
1.371
2.583
3.595
4.104
4.047
3.633
3.23
3.221
3.686
4.217
4.406
3.99
3.344
2.872
2.963
3.561
4.243
4.578
4.295
3.685
3.264
3.308
3.605
3.786
3.742
3.608
3.413
3.161
2.963
3.063
3.497
3.963
4.126
4
3.858
3.78
3.666
3.398
3.175
3.134
3.234
3.425
3.651
3.942
4.025
3.854
3.606
3.636
3.986
4.335
4.456
4.388
4.242
3.855
3.205
2.693
2.834
3.491
4.101
4.261
3.99
3.513
3.165
3.287
3.955
4.713
4.93
4.418
3.516
2.926
2.928
3.37
3.876
4.09
3.966
3.522
3.208
3.397
3.99
4.424
4.274
3.768
3.223
2.825
2.357
2.105
2.243
2.964
3.678
3.79
3.336
2.855
3.153
4.525
6.436
7.612
7.135
5.384
3.731
3.25
4.073
5.447
6.218
5.835
4.74
3.357
2.252
1.652
2.122
3.304
4.23
4.35
3.795
3.355
3.305
3.602
3.883
4.001
3.875
3.635
3.316
3.179
3.411
3.91
4.41
4.438
4.236
4.045
4.075
4.028
3.724
3.417
3.443
3.745
4.006
4.03
3.95
3.895
3.715
3.455
3.215
3.32
3.699
4.137
4.417
4.381
4.061
3.571
3.324
3.528
4.032
4.32
4.054
3.381
2.781
2.629
2.951
3.745
4.769
5.624
5.593
4.64
3.465
2.939
3.379
4.143
4.551
4.197
3.441
2.755
2.558
3
3.853
4.641
4.826
4.408
3.732
3.276
3.278
3.755
4.429
4.875
4.665
3.955
3.349
3.386
3.976
4.578
4.902
4.87
4.532
3.966
3.485
3.45
3.93
4.525
4.733
4.321
3.612
3.141
3.156
3.584
4.245
4.905
5.225
4.945
4.427
4.224
4.674
5.366
5.648
5.187
4.191
3.406
3.103
3.291
3.501
3.753
4.083
4.378
4.51
4.37
4.272
4.025
3.583
2.985
2.514
2.401
2.55
3.816
4.984
5.039
4.183
3.351
2.794
0.829
-2.663
-4.575
-3.937
-2.667
-2.705
-4.099
-4.592
-4.23
-3.348
-2.481
-2.266
-2.707
-3.237
-3.552
-3.755
-3.997
-4.279
-4.282
-3.601
-2.444
-1.734
-2.14
-3.295
-4.1
-4.161
-3.832
-3.514
-3.38
-3.517
-4.166
-5.175
-5.58
-4.962
-3.644
-2.91
-3.138
-3.829
-4.448
-4.474
-4.132
-3.449
-2.948
-2.93
-3.51
-4.391
-4.949
-4.81
-4.051
-3.242
-2.854
-3.089
-3.737
-4.348
-4.463
-3.993
-3.455
-3.441
-4.011
-4.694
-5.08
-5.091
-4.586
-3.62
-2.685
-2.483
-3.12
-3.819
-4.183
-4.221
-4.178
-3.894
-3.348
-3.074
-3.379
-3.96
-4.17
-3.818
-3.496
-3.554
-3.848
-3.901
-3.632
-3.629
-3.942
-4.345
-4.319
-4.083
-3.824
-3.478
-3.039
-2.755
-3.035
-3.66
-4.253
-4.421
-4.254
-3.972
-3.771
-3.721
-3.805
-4.013
-4.2
-4.248
-3.995
-3.555
-3.173
-3.218
-3.639
-4.022
-4.051
-3.777
-3.449
-3.222
-3.241
-3.552
-4.024
-4.281
-4.151
-3.656
-3.034
-2.665
-2.897
-3.604
-4.328
-4.566
-4.258
-3.597
-2.949
-2.818
-3.265
-4.042
-4.535
-4.351
-3.531
-2.739
-2.626
-3.274
-4.219
-4.787
-4.831
-4.489
-4.186
-4.033
-3.87
-3.895
-4.174
-4.403
-4.052
-3.188
-2.631
-2.841
-3.528
-4.117
-4.421
-4.558
-4.52
-4.195
-3.795
-3.677
-3.966
-4.458
-5.005
-5.064
-4.702
-4.317
-4.687
-5.548
-5.864
-5.5
-4.763
-4.283
-4.029
-4.062
-4.305
-4.507
-4.433
-4.069
-3.636
-3.302
-3.215
-3.349
-3.602
-3.769
-3.959
-4.335
-4.828
-5.026
-4.764
-4.302
-3.855
-3.448
-3.082
-3.059
-3.374
-3.79
-3.915
-3.684
-3.382
-3.342
-3.736
-4.212
-4.289
-3.995
-3.636
-3.353
-2.969
-2.635
-2.814
-3.517
-4.116
-4.18
-3.827
-3.556
-3.452
-3.539
-3.853
-4.335
-4.618
-4.301
-3.531
-2.805
-2.692
-3.17
-3.897
-4.282
-4.177
-3.683
-3.223
-3.1
-3.419
-4.02
-4.394
-4.311
-3.791
-3.303
-2.999
-2.971
-3.288
-3.907
-4.373
-4.207
-3.557
-2.91
-2.674
-2.889
-3.495
-4.119
-4.593
-4.773
-4.744
-4.48
-4.123
-4.031
-4.066
-4.048
-3.817
-3.581
-3.459
-3.387
-3.417
-3.603
-3.882
-3.948
-3.668
-3.306
-3.255
-3.524
-3.698
-3.677
-3.625
-3.641
-3.541
-3.333
-3.296
-3.408
-3.429
-3.168
-2.928
-2.994
-3.442
-4.055
-4.362
-4.239
-3.828
-3.533
-3.475
-3.516
-3.568
-3.614
-3.68
-3.637
-3.425
-3.233
-3.295
-3.819
-4.537
-4.96
-4.757
-4.134
-3.81
-3.782
-3.972
-4.098
-4.196
-4.104
-3.635
-3.176
-3.085
-3.654
-4.541
-5.112
-4.947
-4.19
-3.52
-3.238
-3.296
-3.456
-3.867
-4.066
-3.656
-2.774
-2.314
-3.189
-4.237
-4.583
-3.761
-2.941
-2.852
-3.153
-3.552
-3.895
-4.403
-4.844
-4.686
-3.844
-2.881
-2.529
-3.143
-4.097
-4.688
-4.529
-4.005
-3.574
-3.464
-3.614
-3.932
-4.205
-4.187
-3.86
-3.425
-3.23
-3.308
-3.615
-3.938
-4.197
-4.307
-4.415
-4.631
-4.913
-4.954
-4.525
-3.795
-3.16
-3.029
-3.179
-3.275
-3.129
-3.158
-3.436
-3.695
-3.796
-3.885
-4.128
-4.251
-4.122
-3.82
-3.512
-3.259
-3.151
-3.287
-3.674
-4.003
-3.971
-3.567
-3.185
-3.252
-3.665
-4.052
-4.116
-3.956
-3.649
-3.181
-2.775
-2.797
-3.404
-4.098
-4.261
-3.77
-3.082
-2.792
-3.145
-3.982
-4.902
-5.327
-4.949
-3.952
-2.99
-2.695
-3.124
-3.957
-4.737
-5.119
-4.954
-4.296
-3.659
-3.662
-4.359
-5.405
-5.988
-5.795
-4.893
-3.858
-3.348
-3.414
-3.71
-3.746
-3.849
-4.311
-5.003
-5.248
-4.979
-4.807
-4.852
-4.834
-4.408
-3.973
-4.057
-4.592
-5.006
-4.916
-4.518
-4.236
-4.042
-3.743
-3.442
-3.416
-3.681
-3.819
-3.597
-3.27
-3.25
-3.41
-3.333
-2.882
-2.766
-3.194
-3.459
-2.829
-1.623
-1.374
-1.829
-2.258
-1.899
-1.544
-1.789
-2.538
-3.5
-4.164
-4.065
-2.433
-0.037
2.182
3.212
3.611
3.581
2.884
1.986
1.554
1.984
2.521
2.749
2.983
3.142
3.053
2.598
2.291
2.663
3.509
4.132
4.012
3.468
3.154
3.223
3.407
3.581
3.866
4.436
4.803
4.61
3.622
2.655
2.733
4.009
5.406
5.432
4.204
2.861
2.415
2.844
3.702
4.528
4.537
3.855
2.745
2.055
1.751
1.862
2.632
3.349
3.582
2.903
2.874
4.035
5.787
6.493
5.885
5.099
4.56
4.324
4.035
4.055
4.268
4.352
4.023
3.467
2.97
2.72
2.85
3.237
3.801
4.193
4.359
4.304
3.921
3.46
3.199
3.412
3.731
3.768
3.624
3.519
3.522
3.469
3.459
3.633
3.994
4.226
4.232
4.164
4.181
4.283
4.131
3.751
3.301
3.075
3.171
3.364
3.572
3.657
3.69
3.732
3.877
4.175
4.498
4.646
4.512
4.039
3.383
2.881
2.94
3.6
4.297
4.385
3.86
3.316
3.318
3.798
4.393
4.919
5.111
4.804
3.875
2.879
2.488
2.953
3.881
4.509
4.534
4.119
3.609
3.266
3.295
3.873
4.673
5.025
4.501
3.539
2.921
2.959
3.429
3.902
4.272
4.407
4.165
3.593
2.999
2.919
3.572
4.54
4.993
4.669
4.173
4.254
4.709
4.934
4.893
4.703
4.653
4.43
4.172
3.846
3.518
3.506
3.806
4.217
4.182
3.779
3.524
3.658
3.864
3.886
3.793
3.819
3.8
3.576
3.308
3.42
4.024
4.619
4.708
4.37
4.303
4.599
4.799
4.454
3.862
3.678
3.957
4.375
4.441
4.198
3.84
3.495
3.184
3.073
3.373
3.981
4.435
4.39
3.902
3.361
3.062
3.159
3.612
4.149
4.409
4.052
3.319
2.746
2.8
3.476
4.285
4.753
4.636
4.078
3.498
3.211
3.424
3.922
4.364
4.417
3.957
3.209
2.576
2.557
3.274
4.292
4.961
4.911
4.382
3.856
3.651
3.739
3.963
4.205
4.186
3.699
2.925
2.538
2.961
3.888
4.619
4.808
4.594
4.26
3.959
3.697
3.682
3.927
4.164
4.025
3.461
3.03
3.003
3.331
3.712
4.001
4.294
4.447
4.3
3.909
3.571
3.583
3.718
3.713
3.513
3.314
3.221
3.156
3.166
3.28
3.565
3.84
4.047
4.108
4.077
3.961
3.743
3.437
3.118
2.985
3.072
3.39
3.683
3.786
3.561
3.214
3.174
3.501
3.757
3.653
3.414
3.399
3.409
3.101
2.9
3.197
3.949
4.461
4.305
3.859
3.548
3.688
4.021
4.237
4.171
3.736
3.027
2.287
1.984
2.386
3.191
3.569
3.112
2.282
1.895
2.202
2.767
3.302
3.557
3.527
3.151
2.813
2.822
3.129
4.268
6.002
7.809
7.993
6.371
4.312
3.514
4.559
6.244
7.069
6.352
4.464
2.266
0.816
0.756
1.988
3.345
4.102
4.184
3.866
3.457
3.266
3.571
4.087
4.501
4.553
4.178
3.52
2.833
2.661
3.046
3.844
4.433
4.543
4.262
3.877
3.562
3.356
3.378
3.593
3.794
3.747
3.646
3.78
4.106
4.212
3.868
3.436
3.334
3.605
3.876
3.925
3.863
3.73
3.57
3.374
3.456
3.887
4.362
4.506
4.239
3.886
3.663
3.579
3.551
3.599
3.934
4.415
4.642
4.271
3.569
3.438
3.909
4.565
4.641
4.136
3.488
2.937
2.907
3.323
3.909
4.158
3.885
3.389
2.982
3.058
3.593
4.395
4.987
5.102
4.72
4.041
3.696
3.966
4.708
5.178
5.001
4.318
3.524
3.034
3.042
3.634
4.497
5.087
5.053
4.603
4.247
4.173
4.226
4.353
4.517
4.509
4.086
3.398
3.031
3.211
3.9
4.766
5.54
5.899
5.599
4.904
4.282
4.038
3.845
3.504
3.163
3.059
3.067
2.937
3.156
3.775
4.383
4.278
3.653
3.311
3.417
3.735
3.639
3.058
2.192
1.55
1.331
1.343
1.267
1.284
0.596
-1.659
-4.163
-5.402
-4.247
-2.574
-2.033
-2.522
-3.424
-3.566
-3.268
-3.036
-3.179
-3.791
-4.687
0
