9.408618974
9.070739533
8.741742374
8.318883845
7.929672345
8.042341931
7.768293492
7.652373343
6.88699813
4.569534069
0.7633658473
-3.06338386
-6.096690602
-8.601102404
-10.92916237
-12.53631984
-13.14919727
-12.20053196
-9.837605852
-6.587476425
-3.22599245
-0.9053358068
1.837548408
3.8670054
4.659786368
5.742367708
5.966331736
6.07473382
5.798230156
5.779717004
6.528843652
7.312044748
7.829393025
7.30385095
6.903298301
6.777427932
6.66939741
6.409870257
6.1484604
6.065719185
5.950355165
5.830126836
5.836368718
6.1487585
6.5768529
7.196764512
7.757062233
8.850920368
10.25625699
10.41227551
11.16222663
12.40006455
13.35944931
14.58047464
16.21941769
16.58206006
16.84908828
17.3953832
16.96269163
18.24924427
18.68684144
18.83363404
20.3771463
22.39576651
26.71500086
29.16089585
32.97798684
34.53484984
33.99839403
33.39753166
32.36352724
32.14781226
31.69051379
30.05305091
29.64082562
28.852963
28.78184403
28.1356195
27.88152675
27.72267051
27.28551412
26.87247285
26.32483374
26.16807574
25.78355491
25.36914396
25.15161245
24.99863807
24.98833875
24.86632547
24.06055257
23.36634064
22.49169758
22.71763417
23.10692702
23.16056313
23.3949558
23.12909934
22.79905245
22.86343958
22.89043735
22.52770027
22.35507194
21.97579184
21.85912128
22.07094336
21.81015034
21.45898512
21.6479549
21.99864899
22.01315935
22.39563537
22.82187561
23.40669522
23.81015602
24.48752379
24.92683427
25.2421668
25.43113658
25.50536647
25.58164602
25.66751091
25.73577394
25.75604716
25.72954238
25.72623475
25.70737493
25.72539206
25.67926005
25.57178141
25.57024173
25.5486304
25.31562199
25.11057061
25.17836251
25.17153839
25.07468206
25.0891487
25.05840375
24.22837244
22.59756126
19.87970453
16.78118345
12.65794699
8.283522893
3.618748666
-0.7601475381
-4.541203355
-7.512611887
-9.677608216
-10.20769647
-9.655941641
-8.687298784
-6.95111266
-4.999267715
-2.677858537
-1.5832081
-1.78454872
-2.168317014
-3.751924909
-4.586150857
-4.599020755
-3.873613684
-3.544233123
-3.609423181
-3.869877722
-3.775692146
-3.798971252
-4.126475787
-3.86790061
-4.330648051
-4.291355035
-3.956135119
-3.854436334
-3.853580284
-3.896688188
-4.096198621
-4.403265105
-4.868903385
-5.125910047
-5.209756235
-5.316069192
-5.722199526
-6.070180968
-6.236987544
-6.746329018
-7.142504882
-7.381404257
-7.605551637
-7.820274571
-8.014628363
-8.226575508
-8.381743442
-8.598434684
-8.81203261
-9.060092331
-9.3079177
-9.547178923
-9.873932138
-10.09569472
-10.36692791
-10.70002136
-11.02699132
-11.41808977
-11.88482301
-12.35269157
-12.7620075
-13.11005087
-13.34458075
-13.99887523
-14.92115112
-15.94608627
-16.63246625
-17.63847479
-18.68258183
-19.48698262
-21.03538468
-22.68114092
-24.32763057
-25.55372542
-26.68972491
-27.50174394
-27.95864171
-28.87114769
-29.50126148
-29.08572856
-28.42688791
-27.93073082
-27.98529219
-27.33717342
-26.77421769
-26.43740012
-26.54276838
-26.41410826
-25.20573669
-24.61899127
-24.53156485
-23.88635057
-23.15079566
-21.90774737
-20.67956886
-19.44513693
-18.40839436
-17.62234948
-16.98179066
-16.13367544
-15.47010041
-14.59668617
-13.7135166
-13.02152069
-12.41642665
-11.45206465
-10.55556498
-9.835003702
-8.943821869
-8.085806827
-7.400333899
-7.26411807
-6.511728716
-5.516686723
-4.73402931
-3.605682969
-2.602648744
-1.593183516
-0.7901892144
-0.5751781227
-0.3249724322
0.02038798186
0.4393564339
0.9963262209
1.430968344
1.712748861
2.595328602
3.167605261
3.359813766
3.206037976
3.128591524
3.174076941
3.167023329
4.063206682
4.390502061
4.730363775
4.54447365
4.450790472
4.051502166
4.184179046
4.565048305
5.087397191
5.69275625
6.502800293
7.453509805
7.716768974
8.480730186
8.501666385
8.657611443
8.692999716
8.545805193
7.380761916
7.10891128
6.4110238
6.872840514
7.026442058
7.206454274
7.150158944
7.639966077
8.304250847
10.24150013
12.5050054
16.05484838
20.36764232
24.91352602
29.63679429
32.83789328
34.43163566
34.87657543
34.14876262
33.37810357
33.91780387
32.84991442
33.09412798
32.91170061
38.7413041
45.38769865
51.69553924
57.61194259
63.015148
68.04756338
72.1030565
75.24121333
78.30892389
81.0715308
82.72235535
83.27660972
83.70728198
83.4016975
83.43548295
82.75128378
82.23916894
82.01634814
82.46517596
83.08595212
83.9559033
85.01310244
85.79414095
86.81757406
88.16102674
89.62624499
90.70177454
92.24691997
93.26820628
93.64680154
93.83360266
93.75063499
93.32420776
92.61326582
91.26376129
89.10236645
87.08657545
84.65727691
83.06700001
81.06798032
78.88716224
76.99927124
75.39552096
73.89553128
71.5443531
70.1798258
68.42577008
66.04165157
63.96130102
62.08438203
60.72314294
58.99928333
56.6838917
54.05254099
51.41550755
49.94616569
46.6475911
45.14234611
43.85317553
42.97188321
42.13701431
41.20763745
40.36016458
38.83740274
37.97166503
36.09673985
35.0212273
34.05452179
32.97587403
31.77026611
30.55285805
29.95835353
28.83141967
28.00065253
27.20348385
26.21099483
25.33472224
23.92215898
22.85712302
21.88543906
20.49281874
19.79836396
19.50689763
19.12297421
18.26244323
17.89810455
16.71555292
15.49296727
14.98699414
14.18123946
13.79341221
13.76885389
13.97524338
13.68094783
13.70678598
13.68951319
12.75584758
12.67506314
12.55978048
11.67406947
10.86429317
10.22988456
10.22881966
10.52269993
10.44341753
10.30935275
10.45594015
8.890764959
6.296297871
3.238156258
0.5613450923
-1.729947126
-3.856367608
-5.69801337
-6.535169925
-6.608316091
-6.084484295
-4.370058243
-2.364569295
0.09082145228
2.06204944
3.369195107
5.307191767
6.642820992
7.280977405
7.420356978
7.690159771
7.871889552
7.650318822
7.360774657
7.655624513
8.06111797
7.88423307
7.759128896
8.102031713
8.57381079
8.678696996
8.696253921
8.927519877
9.182010297
9.355939091
9.457983331
9.297964445
9.438603201
9.092969522
8.086140747
8.580237239
9.564302966
9.981996051
9.760562533
10.33418793
11.09182286
11.79578405
11.87905529
12.49520028
13.96699373
13.26060281
14.46689922
14.47026514
14.69944257
16.58808398
18.73940293
21.35966385
23.58575911
26.13126679
28.25568997
30.68946183
32.32818996
33.41443168
33.27056179
30.8600065
28.88181615
28.48526204
28.17015779
28.23744214
27.65059957
26.79041587
26.21985404
26.40582461
26.16250959
26.04793484
26.20726221
25.47368168
25.34673608
24.97710446
24.72242644
24.44667379
23.8832445
23.45417991
22.88611217
22.83009126
23.0447207
22.75758319
22.18309689
21.2154054
20.45751304
20.5599598
20.92378486
21.12840882
21.20114761
20.91990895
20.82689938
20.35972537
19.85038025
19.20242297
18.73640736
18.24764753
18.2697652
18.56558099
18.56173545
18.50558947
18.96530552
19.51183844
20.14877634
20.65762969
21.02748959
21.29063826
21.61639154
21.99586835
22.26243394
22.42510051
22.51595113
22.54782292
22.58071468
22.58335447
22.51974446
22.5576001
22.41782954
22.27859082
22.25163677
22.21725876
22.18651137
22.12302522
22.0896089
22.12403548
22.01819851
21.6749551
21.49045863
21.25994916
19.89749824
18.47519422
15.67923048
11.41184364
6.877902747
1.518533798
-4.540646012
-9.368717919
-14.9543598
-17.48450351
-18.5642101
-19.3342778
-20.59288314
-21.40215066
-22.49860913
-23.29939872
-23.5622754
-23.09424776
-22.48316136
-21.57607824
-20.49325344
-19.23730612
-18.2132258
-17.37900289
-16.63692378
-15.86816383
-14.87707363
-14.40790338
-13.67680358
-13.01021719
-12.72653423
-12.26854728
-12.16008509
-12.02355295
-11.66468206
-11.79677731
-11.73882817
-12.11747321
-12.42244207
-13.12183766
-13.941447
-14.25727737
-14.56544337
-15.13417045
-15.40557242
-15.52889589
-15.88449314
-16.05376527
-16.04049466
-15.89558901
-15.65093589
-15.69584271
-15.62390534
-15.27999529
-15.13247414
-15.08905113
-15.21008816
-15.73240153
-16.12061612
-16.62600519
-17.15881823
-17.5503866
-17.69152563
-17.39662903
-17.02312271
-17.41983588
-17.33304573
-17.08117993
-16.67704279
-16.1669582
-16.29646465
-16.24112737
-15.70029296
-15.26423668
-15.19397134
-14.9573068
-14.69449934
-14.85018515
-15.73358178
-15.9018315
-16.24754471
-16.25542524
-16.25595101
-16.04039024
-15.51103297
-15.44616742
-15.73064936
-15.42499566
-14.98667965
-14.63383269
-14.5433852
-14.02123575
-13.86707383
-13.58585824
-13.03540085
-12.63734714
-12.45241476
-12.1125834
-11.48815598
-11.18339597
-10.68381468
-9.899146767
-9.063172898
-8.242547829
-7.542832287
-6.706791026
-5.875150228
-4.818595855
-3.895939903
-2.833963269
-2.109920415
-1.360085704
-0.7867839857
-0.322033933
0.1588329566
0.8737492175
1.636205056
2.24655759
3.259615194
4.367998561
5.279877689
5.953189238
6.990227484
8.011615794
8.725578807
9.209003811
9.725958062
10.35735836
11.04486516
11.40894521
11.72993131
11.83707118
11.78806139
12.09401865
12.11331439
12.77854324
12.39138262
12.76990745
13.15881053
13.72819453
13.95511345
14.4863601
13.82760808
13.44811913
13.2557725
13.37360389
13.82945618
14.2119577
14.85995748
14.91914638
15.12318751
15.45455793
15.79615239
16.60804271
16.7692886
17.01036574
16.36617508
16.07545673
15.2326551
13.66271335
12.52070451
12.40092181
11.94044321
11.5938278
10.82824435
10.64586676
11.99313948
13.60914889
16.42677859
19.32042679
22.78157445
25.55574352
29.10129775
32.45720465
34.93168322
36.82036592
36.81413193
36.15916718
36.07138376
36.75594964
39.43594102
38.94267144
42.98492917
50.14501708
57.26688022
64.25545693
70.51224534
75.91770441
81.09596163
85.09373874
87.98547448
89.84888123
90.25587065
89.44912878
88.43967417
87.66332755
86.69644961
85.77788935
84.77398146
83.96200372
83.7918719
84.46348167
85.47458766
86.6963039
88.25533071
90.12757723
91.47950056
92.93112886
93.53384661
94.80468678
95.07200764
95.7163695
95.15356677
94.30103288
93.09206147
91.39386152
89.52891024
87.2303142
85.52373103
83.68499796
81.19294667
78.96503489
77.12980374
75.42589679
73.22290639
70.52394105
68.10714449
66.3868208
64.42066372
62.26358191
60.01158415
57.7731132
55.71090363
54.11404062
52.49749694
50.82301384
49.34391421
48.17330843
46.63091208
44.77022041
43.0828419
42.09954237
40.85799005
39.5652787
38.05277004
37.09952091
36.3923383
35.25933559
33.6727379
32.25614331
31.11348969
30.56727127
29.33391517
27.89031553
26.86567059
26.30149332
25.64562273
24.49373592
23.5295512
22.89155203
22.22997202
21.88709531
21.01472533
19.47410908
18.68674916
18.8256746
17.94195254
17.12764586
16.35372167
15.54200378
15.60283314
15.82000766
15.64919586
14.95866434
14.20627863
13.98352704
13.1933889
12.71077926
12.49777815
11.96954649
11.59029189
11.5471336
11.51294015
11.42235666
11.08888072
10.62503377
10.63585158
9.90248415
8.715992257
8.161324434
7.469290881
5.078713136
2.257840304
-0.2114880612
-2.828433852
-5.591430242
-7.593279154
-8.68670562
-8.82386614
-8.642968125
-7.645665794
-5.460353144
-2.749384582
0.1073855148
1.642708307
4.003852642
5.32029116
5.539553589
6.633320654
7.221061165
7.70867353
7.944604656
7.92088174
7.979661437
7.462021739
7.429248973
7.810076036
7.936301575
7.982809395
8.005908792
8.240268671
8.49804001
8.659380614
8.750514158
8.894503653
8.91566874
8.703265035
8.086819516
8.274575042
8.52925185
8.883547422
10.07883235
11.42821545
12.10238123
12.14616001
12.66931728
12.7667941
13.28610097
13.31913238
14.49325464
15.29941003
15.81538499
18.08110869
18.64249196
19.63669187
23.67013289
26.26361339
29.2212978
30.95104897
32.41648336
30.96285883
29.98318263
29.0468748
27.83490661
27.82169307
26.97728256
26.86079171
26.26788029
26.14493931
26.6407564
26.12890385
25.67628512
25.38989559
24.82718515
24.46517662
24.15135705
24.01222762
23.9869711
23.86772389
23.81162526
23.22951587
23.06343238
22.50150391
21.91330624
21.64716321
22.43736692
22.76183065
22.73873794
22.5831869
22.41647686
22.33489344
21.89721735
21.98817968
21.57581111
21.16782114
20.86679254
20.92452798
20.88437497
20.71794906
20.47907336
20.7405925
21.10171462
21.49030321
21.95161358
22.2855218
22.66567859
23.11651236
23.44845348
23.74782098
23.898005
24.07386082
24.18878528
24.30387002
24.39202013
24.44788319
24.46167471
24.43975739
24.44550568
24.44108336
24.40519724
24.30990244
24.25957396
24.19016224
24.06309765
24.10015188
24.30673323
24.17538718
23.729561
23.13076044
22.57042993
21.30292896
19.39259123
16.67391244
13.13232154
8.579253084
3.765034925
-1.073776164
-6.228990455
-11.72610641
-14.96538889
-16.22570997
-16.55176316
-15.43865604
-15.34107479
-14.99101697
-13.82596762
-11.8977864
-7.790547159
-5.522388868
-2.285564042
-1.788187541
-1.918626244
-2.530055368
-2.551058655
-2.682009167
-2.933109992
-3.11571859
-2.624923357
-2.604773995
-2.531966455
-2.530606185
-3.027536902
-3.114804559
-3.316934445
-2.799058271
-2.460454678
-2.386059954
-3.362655732
-4.05287215
-3.95354329
-4.723242771
-4.851371049
-5.039299909
-5.405088717
-5.751265168
-5.735394237
-5.924433231
-6.04877728
-6.118740274
-6.34282087
-6.4574788
-6.606426709
-6.859500699
-7.163536401
-7.691076534
-8.20516757
-8.460067801
-8.725235173
-9.014979083
-9.521783976
-9.896375228
-10.23859563
-10.55015426
-10.82871426
-11.05801798
-11.3018782
-11.56778687
-11.70096888
-11.83095619
-12.17167517
-12.45674116
-13.03925612
-13.73089989
-14.48298204
-15.61491499
-16.50851744
-17.56561701
-18.70500914
-20.27966948
-21.56487795
-22.81814055
-24.16773736
-25.44217902
-26.33761014
-27.32878048
-27.7949843
-28.37722727
-27.90484774
-27.71492113
-27.05074018
-26.69993438
-26.08485307
-25.41739849
-24.81257522
-24.6199481
-24.60578988
-24.31572601
-24.08142077
-23.26697809
-22.10068777
-20.06597381
-18.96318543
-18.07854419
-17.32017826
-16.74218155
-15.69091648
-14.86012141
-14.43804486
-13.89736708
-13.22031745
-12.34433385
-11.79827085
-11.17519731
-10.4989078
-9.55882728
-8.899778987
-8.014095912
-7.154799223
-6.024766585
-5.148663988
-4.26176787
-3.548970543
-2.540741579
-1.965029791
-1.688359622
-1.091113765
-0.3346903494
-0.07704346662
0.60983344
1.18616632
1.300354637
1.746016891
2.529451276
3.172269521
3.44967811
2.695952771
2.997164417
3.150718908
3.258988335
3.732888716
4.291199004
4.775096353
5.261697851
5.450402317
6.215718639
6.38535261
6.488082298
6.925123942
7.35812333
7.740304288
8.210208553
8.81702138
9.238984396
8.795932184
8.407040641
8.182030532
8.549509887
8.324913839
8.648711555
8.00841623
7.534067788
7.146072366
6.048171973
5.761962762
6.413118391
6.155181306
6.714547085
8.017033804
10.53569854
12.72415186
16.65037531
20.48960096
24.45391804
28.50919017
31.95833977
34.92018179
36.04557597
35.25794163
34.36846764
36.13670344
42.34850854
43.82012834
47.26247083
53.12637462
60.10411531
67.54264666
74.61791637
81.40176954
86.3651909
89.61332531
91.19192592
91.12203335
89.97747578
88.580217
87.05746245
85.53205596
84.25175431
83.26124209
82.89469225
82.68861846
83.09445191
83.95879808
84.97057434
86.02443185
87.14463631
89.38453036
90.41181024
90.91311334
91.6893434
92.41711978
93.26651604
92.70827891
90.09181011
88.47894806
87.2146163
86.2205876
84.52403904
82.58374561
80.8943223
80.8943223