-0.6854649782
-0.6894933581
-0.7001896501
-0.7040984035
-0.7009809017
-0.6903960705
-0.6767984033
-0.6855791211
-0.6533195972
-0.5636799335
-0.4432448149
-0.2831057906
-0.1109193116
0.05383838713
0.2055747062
0.3300354481
0.4381503463
0.5238314867
0.5745505095
0.6131350994
0.6443195939
0.6802960634
0.7119752765
0.7304871082
0.7342145443
0.7241752148
0.7082948685
0.7047525644
0.6914798617
0.6537162066
0.6065635681
0.5504285693
0.4880989194
0.4313594997
0.3625123799
0.2755597532
0.1979978681
0.1170667559
0.04657041281
-0.01319465786
-0.08183107525
-0.1499850452
-0.2213451564
-0.2870531976
-0.3622506559
-0.4389252663
-0.5070260167
-0.5630702376
-0.6173372865
-0.6604890227
-0.722704947
-0.7655718327
-0.8227335215
-0.8738611341
-0.9313829541
-0.9912165999
-1.060521245
-1.142690539
-1.207509041
-1.275335431
-1.339123607
-1.376851439
-1.441371679
-1.504783154
-1.607023478
-1.692462444
-1.791275501
-1.904521227
-1.997214913
-2.061257601
-2.120468378
-2.1536448
-2.174417257
-2.165281296
-2.141402006
-2.091657877
-2.030212641
-1.965794683
-1.896676302
-1.823903084
-1.753296852
-1.67457974
-1.596172333
-1.520713806
-1.448241591
-1.377544284
-1.319144487
-1.250417948
-1.184649944
-1.114089608
-1.036997199
-0.9656918049
-0.8970996737
-0.8410682082
-0.7746872902
-0.724034369
-0.6837783456
-0.6417555213
-0.6051853299
-0.5734006763
-0.5282757282
-0.4930604696
-0.4529932141
-0.4091140628
-0.376406759
-0.3409912586
-0.3030572534
-0.2650438249
-0.2380346805
-0.1915342808
-0.1630699933
-0.1265684366
-0.09636595845
-0.06652951241
-0.04338557273
-0.01664828882
0.005618073046
0.02875464782
0.03064880148
0.02941500023
0.03406697512
0.04537395388
0.06124730781
0.07432200015
0.06211677939
0.05475493148
0.05507240817
0.05926854536
0.06823710352
0.07398400456
0.07137467712
0.05122271925
0.04959780723
0.04849346727
0.05611194298
0.05935673416
0.05870535597
0.07134637237
0.07534722984
0.09250259399
0.1232334003
0.1357681155
0.1355213672
0.1175575629
0.1010976136
0.08825246245
0.07105696201
0.05254686251
0.04156644642
0.04054036364
0.03498314694
0.01387732476
-0.02307819575
-0.08020734787
-0.1519533992
-0.2352815568
-0.3114464879
-0.3766044378
-0.4239146113
-0.4627549648
-0.4935796857
-0.5130960941
-0.5231466293
-0.5195003152
-0.5085042119
-0.500094533
-0.4839332104
-0.4685138464
-0.448217541
-0.42647627
-0.4032396376
-0.3770308495
-0.3555965126
-0.3364719748
-0.3158365488
-0.2941001058
-0.2741939723
-0.2558833063
-0.237918064
-0.2177307755
-0.1972493529
-0.1787429601
-0.1637168825
-0.1419996768
-0.1074500978
-0.08538908511
-0.06580393761
-0.05895114318
-0.04985975474
-0.04188257828
-0.03890750557
-0.03996831551
-0.03904135153
-0.03702155128
-0.04042457789
-0.04319491237
-0.04324514791
-0.04045518115
-0.04015914351
-0.03287544847
-0.02732160315
-0.03118229657
-0.03327968717
-0.04001380131
-0.03326342627
-0.0377638787
-0.04960118234
-0.05235313997
-0.04623947293
-0.05878374726
-0.08185808361
-0.09894308448
-0.1086661816
-0.1124266982
-0.1137369946
-0.1079192162
-0.1143608987
-0.1381282508
-0.1570185125
-0.157706067
-0.1645103991
-0.1735359281
-0.176912874
-0.1829334795
-0.1771831065
-0.1802625507
-0.1862965971
-0.1890693009
-0.1914578825
-0.2000759542
-0.1962008476
-0.2073684782
-0.2040909231
-0.2039263099
-0.1971297413
-0.1831469238
-0.1820939481
-0.174824357
-0.1608065069
-0.1652812809
-0.1566270292
-0.1492099315
-0.1476695389
-0.1476971656
-0.1434724033
-0.140495196
-0.1483314633
-0.1565196365
-0.152959317
-0.1581697613
-0.1524796635
-0.1670358926
-0.180409953
-0.1796020418
-0.1815602928
-0.1863280386
-0.1842017323
-0.200656563
-0.20602642
-0.2088837475
-0.2213211656
-0.2209531367
-0.2213668376
-0.2278621197
-0.2277417034
-0.2425991297
-0.2504055202
-0.2602589726
-0.2690849006
-0.2762195468
-0.285700202
-0.3077521026
-0.3176523447
-0.3317991495
-0.3426037431
-0.3556384146
-0.3670665324
-0.3733677864
-0.3795125186
-0.384986341
-0.4032118917
-0.4115819037
-0.4237270951
-0.4292781651
-0.4316437542
-0.4336864948
-0.4465597272
-0.4558033049
-0.4600993097
-0.4694158435
-0.468642503
-0.477727741
-0.4865487814
-0.4911955297
-0.5042046309
-0.5207508802
-0.5400819182
-0.5704465508
-0.5842866302
-0.6081374884
-0.6263546944
-0.6411267519
-0.6636201143
-0.7084302902
-0.7559792399
-0.8129771352
-0.870059669
-0.9421562552
-1.019395232
-1.100595951
-1.194805384
-1.297128916
-1.396392226
-1.506239057
-1.616596699
-1.73707211
-1.86057651
-1.87096262
-1.803807259
-1.691564798
-1.446588397
-1.149364948
-0.8966040611
-0.6779603958
-0.5439010859
-0.4533423781
-0.388687253
-0.3755206764
-0.3863610923
-0.4011318088
-0.4307391942
-0.4667308331
-0.4924336374
-0.5183725357
-0.5327950716
-0.5460746884
-0.5388028026
-0.5201047063
-0.4972260892
-0.4892525375
-0.4714808464
-0.4401529133
-0.4091516435
-0.3851972818
-0.3634128571
-0.3525565863
-0.3457325995
-0.346180588
-0.3496301174
-0.3542052805
-0.3697329164
-0.3854464889
-0.4005226195
-0.4164482951
-0.4345110059
-0.4631557465
-0.4808659256
-0.4907691181
-0.4913198948
-0.4939014018
-0.4967755377
-0.5014448762
-0.508238852
-0.5174806714
-0.5266852379
-0.532099247
-0.5424392223
-0.5604970455
-0.5603180528
-0.5561720729
-0.5571647882
-0.5544445515
-0.5483798981
-0.5394158363
-0.5324071646
-0.5328215957
-0.5320618153
-0.5235223174
-0.517370522
-0.5147827864
-0.517172873
-0.5155878663
-0.5150299072
-0.5122543573
-0.5149451494
-0.5154711604
-0.516333282
-0.5323688984
-0.5333659053
-0.527839005
-0.5111883879
-0.5020508766
-0.5013980865
-0.4923268855
-0.4910409153
-0.5057512522
-0.5121105909
-0.5212807059
-0.5385061502
-0.5483012795
-0.5630708337
-0.5821322203
-0.5975804329
-0.603459537
-0.6018029451
-0.6028202772
-0.6117947698
-0.6253764033
-0.6337031722
-0.6376514435
-0.6476889253
-0.6519764066
-0.6593257785
-0.6610500216
-0.6679324508
-0.6743012667
-0.6763859987
-0.6834689379
-0.6793000698
-0.6790654659
-0.6902315617
-0.6923670173
-0.6959413886
-0.7036671042
-0.7021423578
-0.7085469961
-0.715171814
-0.7132760882
-0.6687909961
-0.5701761246
-0.4208081961
-0.25734514
-0.08639155328
0.07184241712
0.2142452598
0.320107609
0.4179038405
0.5022505522
0.5707900524
0.6261565685
0.6618699431
0.6892878413
0.7098329663
0.7185178399
0.7247611284
0.720726192
0.7119181156
0.7006228566
0.6802508831
0.6509202719
0.6027369499
0.5479980707
0.4832151532
0.4152936041
0.3527896106
0.2952608764
0.2290829122
0.1637487113
0.08761669695
0.01364861429
-0.06411080807
-0.142610237
-0.220418036
-0.295697093
-0.3630306125
-0.4311133325
-0.4892865717
-0.5572633743
-0.6190646887
-0.6710628271
-0.7298844457
-0.7988010645
-0.8583882451
-0.9318424463
-0.9941891432
-1.073513627
-1.133236527
-1.188422561
-1.238924623
-1.305505037
-1.352254748
-1.426325202
-1.495967627
-1.537682891
-1.597822547
-1.663594961
-1.733594537
-1.8104738
-1.888768315
-1.953112721
-2.002553701
-2.027806282
-2.031439304
-2.022499561
-2.003742456
-1.98528266
-1.947315931
-1.896136761
-1.841591001
-1.769458652
-1.695423961
-1.626615644
-1.553212523
-1.48211813
-1.397001147
-1.312240243
-1.236793756
-1.162656546
-1.104625583
-1.044648647
-0.9826855659
-0.9240694046
-0.8804840446
-0.830901742
-0.7811701894
-0.7211483121
-0.6747605801
-0.6367852092
-0.5912429094
-0.5761799216
-0.5688570738
-0.5317993164
-0.4992873371
-0.4733886123
-0.4372171462
-0.4019273818
-0.3629284203
-0.3137426078
-0.2662466764
-0.2317869514
-0.2010490745
-0.1858434528
-0.158552438
-0.1276789755
-0.08917580545
-0.0660802871
-0.03143459558
-0.01071723737
0.007858959958
0.02312157303
0.03995244205
0.0438153781
0.04687958956
0.05017377809
0.05932577699
0.06968212128
0.07437939942
0.07478767633
0.06886605918
0.06374637038
0.0478734374
0.05254017189
0.05514667556
0.05394436792
0.0482823588
0.04376584291
0.0481104143
0.07670465112
0.100274086
0.1093584299
0.1250734925
0.1395961791
0.1599936485
0.1636403352
0.1575501412
0.1484088898
0.1481080949
0.1599536538
0.1669378579
0.169101581
0.1632671952
0.1452408135
0.1087897718
0.05307519436
0.007408622652
-0.02581368759
-0.04837451503
-0.05108456686
-0.064037323
-0.06252519041
-0.06310839951
-0.05835258588
-0.05780787021
-0.05959012359
-0.06088072062
-0.0625443235
-0.05999863148
-0.06021339819
-0.05669211596
-0.05549822748
-0.05939730257
-0.06120321155
-0.06232136488
-0.07205685973
-0.0679397732
-0.06757612526
-0.07058230042
-0.0796572268
-0.07353377342
-0.07729189098
-0.08510865271
-0.08300645649
-0.07731352746
-0.06841815263
-0.06928075105
-0.06878274679
-0.07140504569
-0.07207771391
-0.06864245981
-0.0697703138
-0.07655382156
-0.09027707577
-0.1032838896
-0.1201341972
-0.119456768
-0.1277201921
-0.1366148591
-0.1438412666
-0.1435457617
-0.1432049721
-0.1475543529
-0.1508346051
-0.1522733569
-0.164141506
-0.1801789403
-0.1811082512
-0.1833166778
-0.1869026721
-0.1969766617
-0.1993462592
-0.2018366158
-0.2057504505
-0.2214104086
-0.2310331613
-0.2425870001
-0.2513818443
-0.2627339661
-0.2775192559
-0.2831664085
-0.2936590612
-0.3072699606
-0.3109779954
-0.3197505474
-0.3252114058
-0.3322779238
-0.3219403625
-0.3066409826
-0.2975647449
-0.2898385525
-0.2870223224
-0.2879545987
-0.2853505313
-0.2799253464
-0.2776534855
-0.2693457305
-0.2559477389
-0.2427884638
-0.230086416
-0.2236132324
-0.20932284
-0.206040591
-0.2031065673
-0.1910520047
-0.197479099
-0.1954008192
-0.1987292171
-0.2004273832
-0.1999747157
-0.1971859038
-0.1966540813
-0.1940292865
-0.2008312345
-0.2061108053
-0.2022211403
-0.2124148756
-0.2214882672
-0.2254007757
-0.2251573652
-0.2295503765
-0.2312053591
-0.2337816507
-0.2406185269
-0.2482357919
-0.2528505027
-0.2540726066
-0.2631637454
-0.2747955918
-0.2717540264
-0.2771405578
-0.2917091846
-0.2979230881
-0.307692945
-0.3213293254
-0.3389901519
-0.3512650728
-0.3578562737
-0.3705331683
-0.381804347
-0.3932720125
-0.3994216025
-0.411042124
-0.4215253592
-0.4361747205
-0.4463562369
-0.4507739246
-0.459951967
-0.4637976289
-0.4769774079
-0.4812567532
-0.4856995344
-0.5004332662
-0.5160214305
-0.5183215737
-0.5214599967
-0.5264307857
-0.5372514725
-0.5510311723
-0.5636395216
-0.5857968926
-0.6036842465
-0.626858294
-0.6372691393
-0.6634145379
-0.6940433383
-0.7471854091
-0.8031327724
-0.8562199473
-0.9161036015
-0.9789552093
-1.049812198
-1.121376395
-1.202881336
-1.291073442
-1.391787291
-1.48713088
-1.57997489
-1.676673651
-1.779013276
-1.891804934
-2.020055056
-2.006333351
-1.647747755
-1.307076931
-1.071868896
-0.8654482961
-0.6677796841
-0.589146018
-0.5504285097
-0.5356603861
-0.5618087053
-0.6074965
-0.6616133451
-0.7052623034
-0.7338606715
-0.7440246344
-0.7425403595
-0.739351213
-0.7325453162
-0.6952286959
-0.6517467499
-0.6090835333
-0.5693688989
-0.542294085
-0.5061183572
-0.478077352
-0.4640575349
-0.4562755823
-0.4458771646
-0.4446130395
-0.4480967522
-0.4560429454
-0.4708172381
-0.487052381
-0.4986168444
-0.5111908913
-0.5115807056
-0.5099830627
-0.5041076541
-0.5060292482
-0.5125641823
-0.5170148015
-0.5180307031
-0.5203758478
-0.5277348757
-0.5338683128
-0.5360578895
-0.5432540774
-0.53490448
-0.5295196176
-0.5197914243
-0.5187408328
-0.5227615833
-0.5306298137
-0.5413745642
-0.5386176109
-0.5369015932
-0.5353087783
-0.5429326296
-0.5367038846
-0.534580946
-0.5386428833
-0.5514113307
-0.5425261259
-0.5332864523
-0.5217533708
-0.5137506127
-0.5066763759
-0.5111687183
-0.5240703821
-0.5290858746
-0.5287568569
-0.5316385627
-0.5344590545
-0.524653852
-0.5264342427
-0.5431169868
-0.5593636632
-0.5706611872
-0.5870690346
-0.5956963897
-0.5976554155
-0.6043966413
-0.6070190668
-0.6099637151
-0.6133412123
-0.6149395108
-0.6245545745
-0.6303677559
-0.6402135491
-0.6468677521
-0.6556385159
-0.6603016853
-0.6667202115
-0.6713382602
-0.678329885
-0.6766234636
-0.679174304
-0.6827870607
-0.6872351766
-0.6951223612
-0.693810463
-0.6955111623
-0.70726192
-0.7076675892
-0.7023148537
-0.6999531984
-0.6955497861
-0.6898493767
-0.6974667907
-0.7023787498
-0.6734826565
-0.560967207
-0.4044931531
-0.2511458993
-0.1054397374
0.05738563836
0.1889660507
0.295350939
0.3785820305
0.4570359588
0.5328375101
0.5948384404
0.6362346411
0.6722029448
0.6926520467
0.7094000578
0.7435873747
0.7510544658
0.7524459958
0.7289885879
0.6944544911
0.6476070881
0.6023554802
0.5483433604
0.5018033981
0.4327038527
0.3534736931
0.2816497982
0.2075893581
0.1380303502
0.07353829592
0.002999335527
-0.07764449716
-0.1537935287
-0.2196620703
-0.2860656977
-0.3608837724
-0.4323360622
-0.5059119463
-0.5722720623
-0.6549750566
-0.7256768942
-0.781353116
-0.8331456184
-0.8759192228
-0.9164129496
-0.9649010897
-1.039767385
-1.118020773
-1.195560694
-1.263071656
-1.320651889
-1.387141585
-1.465389371
-1.517190576
-1.592104673
-1.659642339
-1.735487103
-1.80907917
-1.892846107
-1.961657882
-2.000475883
-2.022977591
-2.017094612
-2.014093161
-1.999333143
-1.968049765
-1.91532743
-1.860188603
-1.80495882
-1.745163798
-1.673730254
-1.604750514
-1.533645153
-1.466207504
-1.392638564
-1.332113266
-1.261908174
-1.202991962
-1.134826303
-1.0705477
-1.0047189
-0.9448501468
-0.887295723
-0.8373996615
-0.7836689949
-0.7362168431
-0.6915329099
-0.6568099856
-0.6135454178
-0.5705609322
-0.5333017111
-0.4910947978
-0.4515319169
-0.4188917279
-0.3807520568
-0.3494735658
-0.3241057992
-0.3010520041
-0.2650192678
-0.2286136448
-0.1804664731
-0.1319527924
-0.08051122725
-0.05406142026
-0.04099301249
-0.03098340705
-0.01470876485
0.00939175114
0.006511336658
0.01250872575
0.01663540676
0.0315011777
0.04434963688
0.05852979422
0.06515560299
0.05839258432
0.05525694415
0.05222108588
0.05096912012
0.04852255806
0.04127469659
0.04289652407
0.05046093091
0.05226060748
0.05329590663
0.05287644267
0.07052277029
0.0903583914
0.1057823449
0.1143585518
0.1254585236
0.1390189528
0.1485882103
0.1448109597
0.1326425076
0.124774009
0.1218880713
0.1222530752
0.1285680681
0.130268544
0.1185078025
0.07013644278
0.02067867294
-0.04836475477
-0.1069944501
-0.1832262278
-0.2272976637
-0.275813669
-0.3138017952
-0.3518255949
-0.3869034946
-0.4104630351
-0.4201785028
-0.4246697724
-0.41585958
-0.4070229828
-0.3981199265
-0.3887553513
-0.3719196916
-0.3594030738
-0.3430621922
-0.3309042454
-0.3179094791
-0.2977125645
-0.2833272219
-0.262778461
-0.2459720373
-0.2265319526
-0.2019064873
-0.185685277
-0.162020117
-0.1343784034
-0.1138398498
-0.09772893786
-0.08060051501
-0.07150829583
-0.06336563081
-0.05795046687
-0.05379470438
-0.05238959938
-0.05094541609
-0.05391608924
-0.05393349379
-0.05953972787
-0.05899456888
-0.05716441944
-0.0529477708
-0.04976242408
-0.05141544715
-0.03605921566
-0.02625678852
-0.0245940499
-0.01764188893
-0.01935252734
-0.01012075692
0.001915888861
-0.009073995985
-0.02955973148
-0.04260975122
-0.04821046814
-0.06335622072
-0.07513079792
-0.08162041754
-0.08909222484
-0.09327004105
-0.09996966273
-0.1108211279
-0.1203975603
-0.133530125
-0.1441170573
-0.1480826437
-0.1682716906
-0.1743945628
-0.1861067414
-0.1900646538
-0.1921221614
-0.2008964121
-0.2033611983
-0.2078117877
-0.2057444304
-0.1959811598
-0.199510783
-0.1974187642
-0.1824198365
-0.1765504181
-0.1761712879
-0.1788267046
-0.1808249354
-0.1810878813
-0.1866564006
-0.1865377724
-0.1901765019
-0.1760778427
-0.1652143747
-0.1721415073
-0.1743514538
-0.177302286
-0.1782765388
-0.1809641719
-0.1908408999
-0.1931529343
-0.1898931861
-0.1932222396
-0.2004339695
-0.199469611
-0.2007891387
-0.2046699375
-0.2008289397
-0.2072606534
-0.2142435014
-0.2210759521
-0.2223370671
-0.2238083184
-0.2364379317
-0.2442931831
-0.2556223273
-0.2665698528
-0.2698334455
-0.2788875103
-0.2863048315
-0.2991729975
-0.3168695867
-0.3276333809
-0.3343148828
-0.3474875093
-0.3562726974
-0.360173285
-0.3606434464
-0.3678738475
-0.3863819838
-0.4067786336
-0.4175144434
-0.4319681525
-0.4385233819
-0.4404991865
-0.4401938617
-0.4428400099
-0.4510468543
-0.4550541341
-0.4561157227
-0.4630007446
-0.4721956253
-0.484847784
-0.4989905357
-0.5089892149
-0.5158181787
-0.5251448154
-0.5333093405
-0.5547094941
-0.5807045102
-0.5995562673
-0.6173564196
-0.6424299479
-0.6584198475
-0.703371048
-0.7499050498
-0.8143569231
-0.8695980906
-0.9250542521
-1.001984119
-1.086287379
-1.181922793
-1.283295751
-1.392101049
-1.505282044
-1.614049196
-1.731933832
-1.854704976
-1.984514713
-2.07790494
-1.80157125
-1.491956711
-1.217151523
-1.031043768
-0.842698276
-0.7555367351
-0.7222463489
-0.7420214415
-0.7921299934
-0.8486091495
-0.8972162008
-0.9303959012
-0.938369751
-0.9384362102
-0.9099448919
-0.8780841827
-0.8348320723
-0.7856976986
-0.7418949604
-0.6902782321
-0.6604157686
-0.612052083
-0.5825375319
-0.560968399
-0.5368252993
-0.5380387902
-0.539388299
-0.5388931632
-0.5469922423
-0.5528457761
-0.5593878031
-0.5645685196
-0.5644311309
-0.5637017488
-0.5615041256
-0.5598409176
-0.5605070591
-0.5572594404
-0.5572594404