0.1855060976
0.1853733058
0.1852634504
0.1850633638
0.184849179
0.1849433218
0.1847649732
0.1847668707
0.184174334
0.1822917454
0.1792104181
0.1758837471
0.1730083321
0.1704849536
0.1679858932
0.165980483
0.1646285292
0.1643413905
0.1651917046
0.1668316292
0.1687482064
0.1700837151
0.1718351097
0.1731910415
0.173724506
0.1745057443
0.1746821621
0.1747694472
0.1745821937
0.1745850233
0.1751398097
0.175734427
0.1761587185
0.1758600449
0.1756405672
0.1756056298
0.1755745041
0.1754318919
0.1752745157
0.1752306401
0.175158818
0.1750745622
0.1750735802
0.1752929414
0.1756088922
0.1760857146
0.1765476066
0.1774390498
0.1786156677
0.1788826329
0.1796464775
0.1807965969
0.181805885
0.1830351003
0.1846416356
0.1853346234
0.1860096848
0.1869466514
0.1871495843
0.1885517719
0.1893908341
0.1899417589
0.1914815487
0.1933200287
0.1966785578
0.1989113021
0.2019682115
0.2038943927
0.204806309
0.2053865619
0.205733938
0.2063460655
0.2068133671
0.2066157439
0.2069569614
0.2070577787
0.2074731819
0.2076182742
0.2079204764
0.208273029
0.2085212856
0.2087431768
0.2089270681
0.2092769409
0.209539695
0.2097861872
0.2101294354
0.2105018286
0.2109447788
0.2113382609
0.2114010449
0.2115167592
0.2115092691
0.2120405198
0.2126818423
0.2131518902
0.2137281983
0.214046962
0.2143142602
0.2148339095
0.2152722658
0.21551468
0.2158662006
0.2161091475
0.2164580882
0.2170256911
0.2173074369
0.217523336
0.218062443
0.2187531671
0.2191858309
0.2198959296
0.2206394675
0.221525135
0.2222738495
0.2232648616
0.2240848156
0.2248202975
0.2254686441
0.2260165728
0.22656823
0.2271423077
0.2277046175
0.2282174258
0.228684228
0.2291751152
0.2296387382
0.2301487003
0.2305977592
0.2309805054
0.231576887
0.2320514789
0.2323146658
0.2325828129
0.2331294933
0.2335940984
0.2339693211
0.2346355774
0.2349144104
0.2344953121
0.2331953399
0.2306214613
0.2275082426
0.2230993129
0.2182364307
0.2128484064
0.207612149
0.2029269828
0.1990762849
0.1960835743
0.1950642494
0.195396512
0.1963230258
0.1982658517
0.2005347484
0.2033161705
0.2045822207
0.2041852931
0.203512329
0.2012404362
0.1999008662
0.1996087507
0.2002808993
0.2004622439
0.2001732576
0.1996464178
0.1995378274
0.1992891547
0.1987276105
0.1987656771
0.198090133
0.1978935251
0.1979599877
0.1978202383
0.1975898915
0.1973193642
0.1969169773
0.1964170686
0.1957975008
0.1953360416
0.1949951071
0.1946365291
0.1940486529
0.1934806339
0.19269099
0.1919707381
0.1913291992
0.1908138776
0.1903016019
0.1897931878
0.1892897172
0.1887761099
0.1882929959
0.1877591486
0.1872149982
0.1866386402
0.1860522454
0.1854622054
0.1847757424
0.1841888482
0.1835344263
0.1828053693
0.1820821214
0.1812783294
0.1803780977
0.1794555454
0.1785915661
0.1777709463
0.1770592664
0.175872129
0.1743581885
0.1727290164
0.1714274963
0.16972294
0.1679326133
0.1663897442
0.1638968757
0.16126504
0.1585360822
0.1562870094
0.1540891025
0.1522592778
0.1508642807
0.1488473191
0.1471935959
0.1468652947
0.1468738834
0.1466991634
0.1458066715
0.1458176071
0.1457800233
0.1454077966
0.144481649
0.143883037
0.1447495963
0.1448468849
0.1441914976
0.1443711944
0.1446805871
0.1456286226
0.1466272247
0.147650045
0.1483994419
0.1488892472
0.1491764691
0.1497584198
0.1500903994
0.1507078367
0.1513770724
0.1518013306
0.1521354575
0.15294138
0.1536733165
0.1542028861
0.1549799798
0.155727163
0.1562712634
0.1561251557
0.1567721707
0.157744907
0.1584075514
0.1595876979
0.160636534
0.1617282303
0.1625624489
0.1627108702
0.162897125
0.1632092808
0.1636169608
0.1641958821
0.1646446747
0.1649643705
0.1659674668
0.1666372018
0.1668554479
0.1666858378
0.1665943416
0.1666151475
0.1665764318
0.1675404795
0.1679603435
0.1683434559
0.1681953841
0.1681015743
0.167671041
0.167777634
0.1681859965
0.1687296642
0.1693292249
0.1701615627
0.1710652231
0.1714121831
0.1722122133
0.1723300249
0.172622723
0.1728339782
0.1729078477
0.172189693
0.172086379
0.1716821111
0.1721768432
0.1724108519
0.1727110567
0.1729538871
0.1736417649
0.1745357715
0.1764192256
0.178695679
0.1820100829
0.1859898276
0.1903156334
0.1949332385
0.1986126619
0.2014400068
0.203528025
0.2049199095
0.206159561
0.2073990961
0.2070491567
0.2071643551
0.206458917
0.2089230234
0.2122288053
0.215712503
0.2194301427
0.2231921074
0.2270528754
0.2306071302
0.2338320019
0.2371618853
0.2404230925
0.2431762352
0.2453803672
0.2474951168
0.2492160515
0.2511144693
0.2526160926
0.2542118921
0.2559367882
0.2580828633
0.26039735
0.262925622
0.265594642
0.2680721142
0.2708131894
0.2737472106
0.2768787385
0.27975938
0.283060235
0.2859565226
0.2884537687
0.2908636632
0.2930044785
0.2948690242
0.2965835007
0.297747635
0.2982375901
0.2987507479
0.2988105359
0.2995028579
0.2998186089
0.2999080912
0.3001914182
0.300666859
0.3011521536
0.3009340407
0.3014502612
0.3016130469
0.3012694325
0.3011103419
0.3010607073
0.3013542209
0.3013753598
0.3009584086
0.3001957791
0.299665577
0.299677295
0.2993754922
0.2992580468
0.29929866
0.2996004295
0.2999114201
0.3001502391
0.3004247444
0.3001860586
0.3003777729
0.2998455069
0.2998019642
0.299837817
0.299782856
0.2996062551
0.2993988948
0.2995814544
0.2993768238
0.2993556517
0.2993299855
0.2991443964
0.2990150334
0.2984795383
0.2981658845
0.2979817934
0.2973806847
0.2972422003
0.2973814836
0.297444767
0.2971608075
0.2972144369
0.2966865651
0.2961008361
0.2959864533
0.2956591175
0.2955994627
0.2957881477
0.296132794
0.2961419153
0.2963635569
0.2965500448
0.2961220415
0.2962300327
0.2963158197
0.2959086224
0.2955065184
0.2952101085
0.2953435662
0.2956702362
0.2957322546
0.2957772953
0.2959842229
0.2948869672
0.2928648956
0.2902910503
0.2878727668
0.2856617772
0.2835514551
0.2815928333
0.2803186438
0.2795915343
0.2793439269
0.2799690374
0.2809275423
0.2823376528
0.2835308156
0.2843389851
0.2856628425
0.2866118932
0.2871012491
0.2872475898
0.2874918682
0.2876865453
0.2876048861
0.2874903369
0.2877884778
0.288182326
0.288185655
0.28821475
0.2885598624
0.2890100032
0.2892133688
0.2893645032
0.2896618785
0.2899828227
0.2902521015
0.2904711133
0.2904992096
0.2907267434
0.2906041714
0.2899717705
0.2904407865
0.2912978916
0.2917496303
0.2917350162
0.2923481092
0.2931201596
0.2938945735
0.294216816
0.29498617
0.296370814
0.2962160844
0.2973853119
0.2978099863
0.2983351283
0.3000239387
0.3018838904
0.3039217079
0.3058337577
0.3079567965
0.3098893526
0.3120291693
0.3137804973
0.315213977
0.3159723787
0.3155001004
0.3151347813
0.3154785288
0.3158346933
0.3163751818
0.3165727551
0.3165971563
0.3167491895
0.3172336185
0.3175175448
0.3178979773
0.3183559745
0.3184342048
0.3187842441
0.3190163053
0.3193195062
0.3196158161
0.3197823968
0.3200027401
0.3201556722
0.3205469571
0.3210750952
0.3213641481
0.321502466
0.3214218055
0.3214185431
0.3218611605
0.3224556447
0.3229506597
0.3233726709
0.3236251718
0.3239804042
0.3240914248
0.3241927248
0.3241725513
0.3242520134
0.3243227203
0.3247037188
0.3252528293
0.3256058646
0.3258998776
0.3265674655
0.3273201747
0.3281671265
0.3289242632
0.3296042348
0.3302109695
0.3308584838
0.3315714786
0.3322051112
0.3327937031
0.3332710082
0.3337185191
0.3341754177
0.3346019229
0.3349776949
0.3354124893
0.3357068352
0.3359941237
0.3363688637
0.3367448022
0.3371242028
0.3374678837
0.3378267447
0.3382608732
0.3385493934
0.3386013917
0.3388035256
0.3389450393
0.3378725843
0.3366862459
0.3339315387
0.3294338924
0.3244674964
0.3183821067
0.3112717995
0.305336479
0.2983987779
0.2949490855
0.293195294
0.2918127472
0.2899178748
0.2885206141
0.2867028735
0.2849904942
0.2840509309
0.2840208705
0.2841467715
0.2846669867
0.2854171659
0.2864556323
0.2872163975
0.2877559207
0.2881946099
0.2886989793
0.2895420695
0.2896909735
0.2902227402
0.29069645
0.2906419883
0.2908504473
0.2905699831
0.2903355916
0.2904255066
0.2898085854
0.2894654038
0.288474841
0.2875850456
0.2860831226
0.2843611559
0.2833948612
0.2824270019
0.2810483833
0.2801135471
0.2794021169
0.2783140825
0.2775173313
0.2770025089
0.276708962
0.2765773186
0.2759629107
0.2755624712
0.2755992228
0.2753308594
0.2748873598
0.274172867
0.2727781029
0.2716206598
0.270242191
0.2687946298
0.2675673453
0.2667702778
0.2666449928
0.2666506686
0.2654188567
0.2649812162
0.2648364234
0.2648996735
0.2651718652
0.2644167592
0.2639490415
0.2642008767
0.2643185052
0.2638609907
0.2636727885
0.2635003654
0.2627126523
0.2608903677
0.2600697146
0.2589706946
0.258395585
0.2578001521
0.2575210861
0.2576085876
0.2572498431
0.2564637446
0.2563829509
0.2564252452
0.2563628773
0.2559542153
0.2560598595
0.2557680603
0.2556097021
0.2557550441
0.2557758833
0.2555683565
0.2555178064
0.2557428768
0.2556635312
0.2557750677
0.2561548179
0.2566307414
0.2570536014
0.2573981313
0.2578844744
0.2583897427
0.2591354777
0.2597771996
0.260585519
0.2610916527
0.2616265653
0.2620161858
0.2623202855
0.2626441425
0.2632083998
0.2638562303
0.264368273
0.2653114981
0.2663795089
0.2672805229
0.2679660705
0.2690498772
0.2701460842
0.2709501591
0.271541281
0.2721924738
0.2729480293
0.2737989259
0.2743473373
0.274845931
0.2751332362
0.2752756154
0.2758060505
0.276025262
0.2769033228
0.2767242918
0.2773285797
0.2779500617
0.2787475452
0.2792339883
0.2800250969
0.2796574475
0.2795375054
0.279556314
0.2799053212
0.2805506052
0.2811841046
0.2820258965
0.2823307286
0.2828289395
0.2834486904
0.284002528
0.2849779107
0.2854047822
0.2859441056
0.2857725647
0.2858638779
0.2855594453
0.2846337305
0.2840358508
0.2841586225
0.2841212384
0.2841521976
0.2839720681
0.2842399488
0.285635645
0.2872987558
0.2898936733
0.292664759
0.2959693092
0.2988233856
0.3023892585
0.3059895194
0.3090390053
0.3117290643
0.3133201699
0.3145266151
0.3160326327
0.3180146238
0.3201859656
0.3186991228
0.3199785719
0.3236346261
0.3276086616
0.3322256176
0.3365946665
0.3407940388
0.3451432804
0.3490587597
0.352511082
0.3554938557
0.3577445265
0.3593833026
0.3608403181
0.3624215367
0.3638798504
0.3653107003
0.3667095922
0.3682329204
0.3700400749
0.3724116864
0.3750514117
0.377884316
0.3809569048
0.3842880866
0.3873526194
0.3904632914
0.3930263842
0.3961175819
0.3991045168
0.4018311609
0.4036735691
0.405321167
0.406703048
0.4076227707
0.4084033765
0.4087722909
0.4095642817
0.4101610628
0.4102490803
0.4104833719
0.4109153699
0.411400498
0.4114393468
0.4110546865
0.4108165999
0.4110559848
0.4110589475
0.4108924667
0.4105732202
0.4102058372
0.4099207125
0.4099225434
0.4099200467
0.409826137
0.4098475421
0.4100115596
0.4099218443
0.4095749676
0.4092678386
0.4094586208
0.4094563571
0.4093786926
0.4091517913
0.4092784579
0.4095396474
0.4094789274
0.4090455312
0.4087108384
0.4085494508
0.408776219
0.4085057417
0.4080860275
0.4078853251
0.4079939154
0.4080194818
0.4076862538
0.4074578877
0.4074499648
0.4073983328
0.4075564247
0.407342473
0.4067233213
0.4065041431
0.4069198626
0.4066341054
0.4063777428
0.4061323991
0.4058406498
0.4061354951
0.4065332049
0.4066761833
0.4064532435
0.4061839979
0.4062295712
0.406131001
0.4059939148
0.4060371578
0.4058777344
0.405776168
0.4058977414
0.406055234
0.4061415537
0.4060379568
0.4058531334
0.4059649196
0.4055786281
0.4049143691
0.4046325734
0.4041286034
0.402179802
0.3997382492
0.3974935706
0.3951029175
0.392487427
0.3903854272
0.3889220535
0.3881226391
0.3876179701
0.3876897756
0.38866133
0.3901574606
0.3918917777
0.3928233182
0.3944185517
0.395306383
0.3954513921
0.3962508065
0.3967177252
0.397131647
0.3973825501
0.3974514594
0.3975886122
0.3973151388
0.3973945676
0.3977693409
0.3979707425
0.3981195466
0.3982465128
0.3985151925
0.3988103373
0.3990448952
0.3992294856
0.3994408407
0.3995672743
0.3995281591
0.3991823476
0.3994146419
0.3997032287
0.4000922832
0.401139538
0.4023369951
0.4030603097
0.4033129771
0.4039396854
0.4042812359
0.4050048833
0.4054064547
0.4066283463
0.4075965052
0.4083548404
0.4103067377
0.41123941
0.4123554077
0.4153777959
0.4175663484
0.4200084338
0.4217831644
0.4234708095
0.4243447924
0.4246070472
0.4248314518
0.4248183691
0.4253380516
0.4254493718
0.42585081
0.4259713181
0.4263246197
0.4269640114
0.4271510651
0.4273287979
0.427590753
0.4277275064
0.4279499802
0.4281938259
0.4285316478
0.4289302232
0.4292853557
0.4296787712
0.4298153248
0.4301444582
0.4302817774
0.4303924318
0.4306548863
0.4314818644
0.4320902303
0.4325054837
0.4328527266
0.4333097916
0.4336967489
0.4338896284
0.434376088
0.4345803525
0.4347534247
0.4349914447
0.435431532
0.435810167
0.4361118698
0.4363613747
0.4369437748
0.4376179207
0.4383238914
0.4390986716
0.4397639292
0.440464274
0.4412373564
0.4419377345
0.4426303228
0.4431975095
0.4437964545
0.4443473626
0.4449061937
0.445459998
0.4459638015
0.4464348481
0.446876833
0.4473340312
0.447780377
0.4482207973
0.4485892456
0.4489960435
0.4493864629
0.4497212888
0.4501963967
0.4508472067
0.4511664199
0.4511667195
0.4509994397
0.4508438112
0.4499131363
0.448236976
0.4456087689
0.4419558107
0.4370229705
0.431610029
0.425973615
0.4197732434
0.4129907713
0.4087036479
0.4067120361
0.4058637195
0.4068736567
0.4066416621
0.4067509849
0.4078227741
0.4098509044
0.4146285155
0.4172089522
0.4210828196
0.4215445118
0.4212143131
0.4202482848
0.4200194526
0.4196529684
0.419131821
0.4187009882
0.419083518
0.4189048531
0.4187914358
0.4186002208
0.4178558007
0.4175590913
0.4171383118
0.4174483038
0.417574704
0.4174480707
0.4163288107
0.4154626841
0.4153166763
0.4143754819
0.4139979455
0.413570375
0.4129849789
0.4123934243
0.4121308366
0.4116801299
0.4112805558
0.4109308495
0.4104368664
0.4100349621
0.4096017657
0.4090683012
0.4084773791
0.4076610536
0.4068448613
0.4062643588
0.4056571913
0.4050228264
0.4041558676
0.4034026257
0.4026691246
0.4019647851
0.4012703658
0.4006198554
0.3999314949
0.3992349118
0.3986597023
0.3980777017
0.3972787534
0.3965188537
0.3953016559
0.394052134
0.3926741479
0.3908624659
0.3892713271
0.3874490258
0.3854762559
0.3829210194
0.3806566001
0.3784003368
0.3759417398
0.3735443621
0.3716030842
0.369491264
0.3680177037
0.366436252
0.366239045
0.3656627369
0.3657260203
0.3654275132
0.3655241194
0.3656701937
0.3657359405
0.3653188895
0.3646047629
0.3642880797
0.3638635053
0.3642463347
0.3651285734
0.3665515003
0.3674372344
0.3680227304
0.3685168133
0.36876502
0.3696045815
0.3702043587
0.3702555246
0.3704769998
0.3708951494
0.3715577105
0.3718252584
0.3722113501
0.3726759053
0.3734746206
0.3739449349
0.3747201145
0.375473323
0.3765880557
0.3774026501
0.3782618857
0.3789158249
0.3799426399
0.3804557645
0.3806338301
0.3812002512
0.3819786599
0.3821703409
0.3828616642
0.3834509885
0.3835006897
0.3839630478
0.3848429562
0.3855530881
0.3858391116
0.3849932917
0.3852965924
0.3854191977
0.3854760229
0.385970006
0.3866160556
0.3872063785
0.3877544571
0.3880233365
0.3888373317
0.3890319089
0.3891480227
0.3896110798
0.3901093573
0.3905370942
0.3910326419
0.3916955027
0.3922105581
0.3919837899
0.3918048255
0.3917341519
0.3921491389
0.3920812616
0.3924610284
0.3921231065
0.3919298942
0.3917592854
0.3910046122
0.3909082057
0.3915033224
0.3915444349
0.3922285011
0.393598298
0.3958770984
0.397974138
0.4015524611
0.4052126099
0.4091561522
0.4132951706
0.4171950704
0.4208472963
0.4233359204
0.424707981
0.4259059375
0.4286162032
0.4335882584
0.4336193175
0.4347077182
0.4375878936
0.4416928901
0.4464500947
0.4514572038
0.4566199746
0.4610261413
0.4647065966
0.4675671978
0.4696248227
0.4711322051
0.4723642168
0.473520761
0.4746878248
0.4759597505
0.4773462921
0.4790945575
0.4809353011
0.4831223556
0.4856131103
0.4882317966
0.4908669612
0.4935884788
0.4971450306
0.4999399183
0.5023290068
0.5049144036
0.5075552607
0.5103097016
0.5120957173
0.5125007508
0.5134412462
0.5146073445
0.5159149899
0.5167518883
0.5173543286
0.5180673234
0.5180673234