3.430436134
3.443006754
3.458392143
3.47430253
3.488047838
3.490789652
3.499254227
3.512218714
3.52432394
3.546366215
3.583480835
3.592695475
3.553282499
3.475707293
3.377721786
3.281424284
3.161643505
3.038680553
2.923859596
2.806720257
2.690367937
2.564975977
2.445101261
2.339167118
2.250543118
2.179639339
2.116255045
2.035303831
1.964795709
1.930444598
1.921171546
1.932208657
1.952137113
1.954491615
1.978103995
2.036493301
2.087677956
2.145051479
2.191598177
2.233903885
2.297407866
2.354421854
2.418613911
2.47651577
2.551718712
2.633144617
2.708827734
2.768364429
2.824369192
2.877292633
2.948349476
2.991544247
3.050927401
3.097311974
3.139485836
3.194155216
3.254112959
3.314462662
3.370582342
3.39551568
3.421478987
3.432108879
3.421558619
3.386779308
3.296254158
3.205891609
3.060275316
2.917667627
2.758443356
2.623009205
2.47875762
2.338551521
2.20049262
2.101290941
2.000748873
1.933629274
1.87272644
1.82787323
1.79142499
1.761155367
1.733691216
1.72653389
1.721054316
1.715205193
1.710526109
1.708748579
1.693274379
1.692941904
1.691514254
1.701114416
1.729378462
1.751700044
1.78034997
1.787462473
1.808011055
1.815739274
1.810507178
1.812600374
1.81157279
1.79936707
1.815846443
1.819708109
1.831053853
1.84829092
1.857313395
1.870169759
1.88811183
1.90816462
1.918353915
1.953494906
1.969769716
1.998217583
2.022106409
2.048400402
2.068398952
2.097259521
2.120721102
2.144803047
2.148865461
2.147432327
2.15172267
2.163723707
2.181562185
2.195842505
2.184448957
2.174907923
2.173213959
2.172685146
2.179421902
2.1856637
2.180386543
2.161809206
2.16222477
2.162028074
2.161224842
2.159035206
2.155900717
2.156207085
2.157271624
2.183815241
2.232385874
2.284444571
2.329829454
2.369668007
2.403756142
2.432724953
2.437389135
2.417383194
2.387247324
2.356884003
2.324473143
2.288320065
2.245981932
2.204855919
2.166401148
2.11307621
2.06000042
2.008394957
1.959064245
1.920592904
1.883788824
1.845888734
1.80428195
1.772138119
1.750785708
1.732224226
1.713274121
1.696167946
1.689688683
1.673265338
1.67348814
1.665743709
1.648885965
1.63676393
1.628011346
1.621192813
1.61791563
1.616816282
1.621562839
1.622130752
1.61741221
1.612720609
1.616896391
1.620425224
1.604658365
1.611102343
1.615526438
1.615100622
1.614649653
1.614824176
1.615491152
1.619907975
1.618675709
1.621761203
1.625786185
1.631202936
1.634347439
1.635011196
1.640628099
1.637702703
1.637672901
1.646532893
1.653755903
1.665314794
1.669937491
1.679952621
1.691261768
1.691996455
1.682284951
1.695414424
1.71984148
1.740533829
1.748429537
1.753688216
1.755582333
1.747501731
1.753001451
1.776189089
1.792262912
1.78672719
1.784644485
1.783158541
1.775812864
1.766183853
1.746368766
1.740163207
1.738459349
1.733347654
1.72185421
1.7210356
1.712963939
1.709726214
1.692878246
1.680176497
1.680056214
1.66854918
1.653270483
1.645657897
1.636377573
1.645128608
1.648852229
1.653691053
1.657367826
1.659094095
1.654342294
1.654480696
1.657829046
1.665514469
1.665622115
1.668132782
1.660945177
1.675526381
1.688538432
1.687523961
1.691543818
1.697322369
1.694415689
1.701588035
1.706756949
1.712588906
1.722254992
1.726460814
1.730023384
1.740388036
1.7411443
1.754790902
1.761595607
1.771705389
1.78155601
1.790521502
1.802079201
1.828707695
1.844529152
1.865120888
1.881390572
1.900413036
1.918392658
1.930969834
1.943672895
1.956841111
1.985195279
2.002785921
2.025486708
2.041046143
2.053270102
2.064971924
2.091202021
2.111998558
2.127048731
2.147869587
2.155879974
2.176941156
2.195940495
2.212625504
2.238911152
2.270353079
2.306988955
2.362899065
2.397403717
2.446511745
2.484876633
2.522379637
2.56879425
2.641932249
2.717329264
2.803162813
2.881329536
2.968229294
3.03913784
3.085430145
3.10519743
3.081255674
3.025135279
2.943446875
2.833347321
2.695671797
2.526498795
2.374544859
2.336717606
2.342431784
2.504952192
2.643311501
2.737775803
2.826004505
2.853792906
2.862473965
2.865764618
2.837310553
2.797203064
2.767448425
2.735250473
2.692937136
2.649418592
2.611808538
2.572120667
2.546663284
2.516566753
2.494402885
2.479426384
2.482222319
2.488933802
2.495721579
2.503077745
2.503368855
2.506843328
2.524617672
2.544865608
2.56303072
2.586887836
2.599947691
2.625334263
2.646931648
2.66505456
2.684108496
2.704897404
2.744791508
2.780301809
2.803076029
2.824698925
2.833345175
2.848608494
2.868878365
2.885007381
2.896575451
2.906174421
2.929789782
2.936853409
2.953264713
2.97543478
2.991897821
3.006906033
3.011895895
3.022475004
3.043432236
3.074673891
3.099577665
3.110507727
3.121840715
3.131741762
3.140584469
3.143044949
3.142995834
3.144216537
3.142491102
3.156552315
3.156456947
3.17645669
3.18617487
3.188600302
3.190795183
3.192818165
3.197262526
3.192918062
3.196489811
3.196571112
3.200782061
3.206705809
3.211655617
3.229584694
3.239692211
3.246362209
3.266553164
3.27610445
3.276162624
3.27532196
3.283956051
3.287411928
3.307458639
3.328268051
3.336812496
3.353457928
3.362068176
3.365838528
3.363365412
3.371002913
3.373034954
3.374094248
3.393107176
3.394690514
3.397881508
3.418961525
3.437553644
3.454731464
3.462569952
3.463672876
3.471227169
3.48072052
3.482858658
3.504992247
3.533080816
3.551092386
3.541205406
3.495369434
3.428164482
3.349226713
3.270018816
3.169683456
3.054380417
2.938429356
2.820596457
2.715326309
2.614247084
2.515894175
2.434722185
2.357906818
2.287212849
2.219296932
2.158186913
2.106896639
2.063439131
2.042127609
2.044322252
2.065613508
2.082800865
2.09881711
2.121674776
2.162218332
2.195219994
2.239991188
2.294003963
2.359194279
2.43416357
2.504415512
2.579700232
2.6381042
2.706220388
2.772871971
2.834276676
2.885551214
2.932500362
2.99387908
3.057776928
3.109579802
3.17283988
3.231620312
3.295338631
3.325982094
3.379657745
3.397550106
3.437915325
3.459295511
3.456350565
3.431298494
3.372255087
3.304436684
3.210833073
3.102049351
2.963420391
2.814025879
2.65822196
2.515019894
2.41358161
2.321544409
2.220740318
2.127337456
2.028063297
1.956861973
1.909829378
1.865505576
1.832282066
1.81344378
1.785905123
1.77457428
1.771955609
1.781769156
1.801326394
1.811109304
1.823815703
1.823353529
1.827762485
1.838253498
1.844469666
1.832725763
1.834237814
1.840678215
1.866855025
1.878994584
1.876240492
1.883682728
1.856562257
1.821068406
1.824375272
1.822974801
1.818546891
1.826543689
1.839190245
1.85859406
1.892923474
1.927223206
1.946876407
1.964579344
1.96504128
1.981005549
2.003078461
2.036618471
2.054364443
2.086167097
2.103608847
2.121562243
2.138737679
2.157330275
2.164080143
2.169460773
2.172574759
2.184267759
2.196704865
2.204314947
2.20162344
2.197898149
2.193882942
2.175068378
2.176071167
2.174980164
2.170888662
2.161548615
2.151225328
2.152093649
2.180727243
2.202007771
2.211675406
2.243639708
2.273971796
2.324562311
2.369914293
2.398101807
2.413155794
2.421793699
2.421332598
2.379017115
2.330127954
2.28604722
2.242741823
2.19473362
2.162943125
2.127412796
2.087141275
2.047822952
1.99941206
1.965184212
1.929748416
1.896876454
1.861071944
1.833709359
1.812202692
1.792620897
1.773332477
1.747928023
1.732763886
1.710813165
1.691105247
1.680868745
1.666566849
1.657746077
1.653978348
1.63875103
1.633170247
1.62680006
1.631093025
1.624826074
1.630285859
1.640243769
1.636731029
1.629563332
1.621401548
1.61826086
1.612262845
1.611178398
1.606639862
1.596302867
1.589817047
1.589017391
1.597388029
1.606232285
1.619463086
1.615287662
1.621093154
1.628543139
1.635218859
1.633640647
1.631470203
1.633781552
1.63446939
1.633180857
1.644227624
1.660753489
1.658673406
1.659526706
1.662789583
1.673530698
1.678044319
1.67821157
1.680706739
1.698171735
1.710057259
1.720865726
1.730925798
1.743595481
1.755617976
1.751927137
1.757724762
1.762722373
1.763080001
1.766119719
1.769247532
1.777155995
1.768364787
1.750294685
1.743858576
1.739851952
1.737172127
1.730991602
1.730475307
1.721567154
1.71609354
1.712178469
1.702993274
1.689095974
1.677608013
1.674390197
1.660411119
1.655996919
1.656625032
1.653935313
1.659912229
1.659297585
1.664398909
1.668631196
1.675669909
1.678495765
1.685660005
1.685262918
1.691228271
1.693984628
1.687957644
1.693036795
1.700182557
1.705531359
1.704747319
1.714066505
1.721913099
1.728296399
1.73637712
1.74952209
1.75997901
1.763521552
1.774413586
1.788671613
1.787122607
1.795400739
1.813536167
1.821790338
1.833964825
1.850943685
1.874890447
1.892695308
1.905578494
1.924566865
1.94358182
1.963371396
1.977204561
1.99783349
2.017114401
2.044039488
2.066053152
2.081104517
2.101514339
2.114848375
2.13926816
2.152585268
2.167915583
2.194556713
2.221800089
2.233884096
2.243205547
2.257489443
2.277485132
2.308274984
2.335427284
2.378269434
2.425057411
2.475025892
2.505709171
2.557928562
2.612444162
2.695469856
2.780506611
2.852522373
2.927516699
2.990095139
3.048062563
3.084238768
3.108629942
3.095300198
3.048737288
2.970997095
2.86102891
2.743085146
2.599643946
2.416158915
2.178615808
2.027377129
2.303199768
2.534379959
2.62059474
2.703471422
2.794121027
2.81139493
2.811923742
2.809993029
2.7822752
2.743876457
2.70077014
2.653779984
2.601980448
2.561572552
2.534237623
2.506644726
2.483105183
2.456403732
2.429978371
2.414378166
2.417244911
2.433043718
2.44332695
2.462380409
2.497436762
2.522993326
2.538175583
2.548849106
2.567486286
2.581824064
2.601289749
2.628112555
2.647747755
2.670885801
2.685619593
2.700205803
2.719525337
2.732940435
2.751750231
2.780825138
2.801763535
2.815671444
2.828189373
2.850012064
2.88035059
2.906908989
2.915183067
2.929457903
2.946634293
2.969705105
2.9947927
3.017784357
3.032947063
3.043918848
3.056747437
3.065954208
3.073001385
3.082638979
3.099637747
3.11710906
3.12290287
3.127117872
3.1327672
3.14117074
3.140389442
3.135361195
3.141765118
3.16066432
3.174201012
3.180963278
3.17780757
3.187249184
3.196273088
3.2035501
3.207182884
3.212763548
3.225874662
3.238328218
3.242890596
3.246364594
3.246258497
3.253815889
3.269736767
3.278846741
3.271722317
3.285157442
3.297033787
3.310715437
3.325054646
3.325568199
3.321496725
3.324136019
3.335658073
3.349813461
3.352984428
3.363481998
3.373378038
3.379948616
3.394257784
3.403615952
3.407670975
3.414382458
3.41903162
3.426716328
3.438184023
3.440461159
3.456784248
3.486760378
3.505877495
3.519717693
3.543574333
3.556060791
3.545487165
3.523620844
3.475093126
3.412200212
3.329962969
3.241682291
3.131708384
3.008913279
2.886159182
2.773621321
2.661898375
2.561560869
2.471975088
2.357244492
2.26260972
2.18500042
2.141235113
2.110384703
2.094575882
2.077534437
2.074470043
2.056054592
2.07468915
2.124145508
2.16071701
2.202030182
2.240160465
2.283746243
2.339965582
2.408159256
2.476248741
2.526830673
2.584575415
2.658471107
2.735799789
2.806848049
2.871610641
2.95545435
3.019430161
3.064427376
3.109560251
3.15155673
3.184159279
3.227310658
3.284193277
3.347307682
3.387967348
3.419467926
3.442250252
3.429699659
3.436585665
3.415229559
3.326163769
3.234944105
3.111767292
2.987445593
2.841494322
2.589382887
2.468524933
2.353372812
2.263159752
2.153055429
2.063113451
1.980196476
1.932717681
1.881025314
1.826371908
1.791035056
1.777067184
1.761815786
1.755631089
1.74859786
1.751623273
1.740002871
1.740675449
1.733600736
1.739178658
1.74949491
1.762410402
1.774165273
1.78730011
1.791433692
1.791521549
1.790107965
1.793210506
1.786209822
1.776309609
1.784066916
1.787777066
1.799028516
1.810078502
1.816672325
1.831597328
1.839887142
1.842264891
1.842500925
1.861983299
1.883966088
1.922942638
1.965190411
2.013679028
2.035763025
2.045196533
2.053409338
2.06782198
2.09104085
2.087333918
2.093087912
2.096325636
2.11020422
2.122935057
2.136975765
2.143344879
2.135842562
2.129359484
2.123482466
2.120429516
2.118427992
2.109422922
2.108599663
2.114978552
2.110739946
2.100479364
2.099222422
2.121306419
2.14767313
2.168412447
2.196160793
2.234403133
2.283685923
2.336543322
2.380257607
2.403939724
2.415777206
2.414141893
2.388487816
2.353565931
2.319190741
2.283622265
2.257359028
2.220379114
2.178733826
2.123945236
2.084787846
2.02560997
1.98338306
1.92714417
1.885835409
1.847103
1.815161109
1.784442306
1.758285761
1.7410779
1.725236416
1.699404597
1.68088913
1.666363358
1.651942492
1.648835897
1.638193846
1.630623698
1.611614823
1.593017101
1.583527803
1.598339319
1.608974099
1.602405429
1.616120577
1.614838243
1.616648555
1.622897744
1.627245784
1.617578149
1.615775943
1.610847831
1.603163123
1.604430437
1.599457145
1.596709013
1.600533009
1.606027603
1.622840881
1.636212349
1.6364851
1.635896921
1.636545897
1.647596836
1.646433949
1.645787477
1.649414182
1.648098946
1.650882483
1.646051884
1.642775893
1.657557487
1.676844597
1.693110466
1.694726706
1.702645063
1.713702798
1.719324946
1.731440544
1.735584617
1.742272854
1.752101183
1.762093782
1.772510409
1.779148102
1.776129007
1.787977219
1.783941984
1.782305956
1.773345232
1.760885835
1.760223031
1.752055526
1.74925518
1.740135193
1.729703069
1.727561474
1.721446276
1.703298569
1.686097383
1.67599988
1.6657058
1.664614439
1.669191241
1.669835687
1.674396992
1.678728461
1.670948505
1.661015391
1.671474814
1.675977826
1.673078656
1.670783758
1.672486544
1.682733774
1.682218909
1.678473234
1.680947423
1.690498114
1.689363122
1.693593025
1.699659109
1.702261329
1.710924983
1.721179366
1.729292989
1.734653234
1.735542536
1.746327758
1.755088806
1.769439936
1.780459166
1.785785675
1.797362685
1.80505538
1.821453571
1.845767021
1.862314939
1.873213291
1.8902843
1.904871464
1.913715482
1.918637037
1.932062268
1.959882021
1.991261005
2.012101889
2.038042068
2.054331541
2.06560421
2.074325323
2.085677862
2.103561163
2.116548777
2.125672102
2.140610456
2.158659697
2.185408831
2.214506149
2.238902569
2.257269621
2.281857729
2.302555084
2.344177246
2.391214132
2.432043314
2.477712393
2.527816772
2.565110683
2.63914156
2.713527679
2.804588079
2.878308296
2.949536324
3.018083811
3.072128534
3.103096008
3.094222307
3.045094013
2.950754881
2.833520651
2.697209358
2.528494596
2.282447815
1.97797966
2.107781649
2.305443764
2.474496365
2.56626296
2.690395832
2.742810965
2.775470972
2.776144981
2.755447149
2.725283861
2.685533047
2.64316678
2.609352112
2.577955723
2.549313545
2.5250597
2.503486633
2.492124319
2.483334541
2.480946064
2.499593496
2.50190711
2.514722109
2.531434059
2.559238911
2.592519283
2.613478422
2.628248453
2.65149045
2.66249609
2.677387476
2.712565184
2.729149103
2.73946476
2.74287796
2.757148981
2.777920723
2.790655613
2.790655613