0.175993368
0.2013646066
0.2380649
0.2645767033
0.2788977027
0.2874593735
0.2857875526
0.3195179105
0.2813543081
0.1298591197
-0.1017707288
-0.4035317302
-0.706184268
-0.9815545082
-1.25362134
-1.510571718
-1.738658071
-1.964474678
-2.147695541
-2.307801723
-2.442530394
-2.553602934
-2.665752172
-2.756684065
-2.817495108
-2.872403383
-2.909397364
-2.956066132
-2.987128258
-2.999128342
-3.013491869
-3.019215822
-3.014849186
-2.993776798
-2.960744143
-2.912882566
-2.869651318
-2.815157652
-2.764734268
-2.729572773
-2.688225508
-2.631754637
-2.564589977
-2.495007515
-2.41340971
-2.325422764
-2.244352341
-2.166306257
-2.082190037
-2.017547369
-1.920774341
-1.835822463
-1.728868484
-1.620449543
-1.491113305
-1.362217307
-1.212511778
-1.033257127
-0.8780295849
-0.6992555857
-0.5233136415
-0.3852981031
-0.1934141815
0.004258528352
0.2701714039
0.501691699
0.7408368587
1.004162788
1.267489672
1.461300492
1.654457688
1.796301961
1.925761342
2.034510136
2.112105846
2.164686918
2.193645716
2.224514246
2.239822388
2.247191906
2.259056568
2.25534606
2.253318548
2.24159193
2.233362198
2.223214149
2.217050552
2.19691658
2.172657251
2.142499924
2.117521524
2.093869209
2.073650837
2.037947416
1.98704493
1.953358531
1.921607018
1.899617314
1.882697701
1.857815742
1.824741244
1.808303237
1.783567309
1.762558341
1.741194606
1.708095074
1.689707041
1.675783277
1.647994518
1.609374523
1.589891195
1.555408001
1.520543337
1.478153586
1.444959164
1.395658374
1.358729482
1.330307961
1.295757651
1.268914819
1.244556546
1.220205069
1.196925998
1.178584933
1.153851748
1.135086775
1.117931128
1.107115149
1.094200611
1.076615453
1.05759275
1.026897788
0.9999571443
0.9754501581
0.9695106149
0.9579538107
0.939910531
0.9322116971
0.9270541072
0.9096297622
0.8901238441
0.8336031437
0.7584263682
0.6484805346
0.5305835009
0.4026934803
0.2801111042
0.1759369969
0.09076464176
0.01945880428
-0.004980817437
0.01344934665
0.06027757376
0.141571492
0.2444902211
0.356022954
0.45749861
0.5468985438
0.6151635647
0.682051301
0.7401333451
0.7850046158
0.8162744045
0.8330572248
0.8418857455
0.855374217
0.8566280603
0.8593267202
0.856710434
0.846873641
0.8389192224
0.8220421672
0.8076895475
0.7958407998
0.7814731002
0.7645968199
0.7495112419
0.7358697057
0.7215881348
0.7017042041
0.6793325543
0.657959342
0.6403937936
0.6123536825
0.5670784116
0.534383893
0.5020013452
0.4843431413
0.4625181556
0.4409130514
0.4245978296
0.4126797915
0.3984188735
0.3812826276
0.3702142239
0.3577143848
0.3417974114
0.3222205937
0.3024975955
0.2771405876
0.250700742
0.2305146009
0.208773762
0.189412117
0.1538956463
0.1283545345
0.1130398139
0.09298364818
0.0686711967
0.04713126272
0.02828053944
0.006138149649
-0.01244754437
-0.04205177724
-0.07418727875
-0.1049843282
-0.1476821899
-0.1921899021
-0.2423344105
-0.2831242383
-0.3263052702
-0.3673643768
-0.4000996351
-0.4426975846
-0.470380038
-0.4949289858
-0.5203098655
-0.544267714
-0.5739831328
-0.6043199301
-0.6220250726
-0.6582799554
-0.6845301986
-0.7109864354
-0.7200237513
-0.725504756
-0.7513259053
-0.7620457411
-0.7645428777
-0.7798529863
-0.7804136872
-0.7805581689
-0.7880808115
-0.7975603342
-0.8060562611
-0.8111026287
-0.8279341459
-0.8416212201
-0.8452416658
-0.8585894108
-0.865226686
-0.8792005777
-0.8937988877
-0.9021707773
-0.9079449177
-0.9157062769
-0.9224178195
-0.9485481977
-0.9579976797
-0.9612511396
-0.9761316776
-0.9746369123
-0.9741131067
-0.9733527899
-0.9743270874
-0.9875306487
-0.9984462857
-1.007491112
-1.014445424
-1.018070221
-1.023043633
-1.028808594
-1.022686601
-1.019965172
-1.024301052
-1.034474611
-1.043695092
-1.052333593
-1.062162161
-1.052568674
-1.048416972
-1.046899319
-1.053774357
-1.062185168
-1.079219341
-1.085377216
-1.083007813
-1.075570226
-1.06738472
-1.050452709
-1.034959197
-1.026290298
-1.005809188
-1.002567768
-0.9892446995
-0.9742916822
-0.959407866
-0.9545835853
-0.9475277662
-0.9409944415
-0.9155707955
-0.8978454471
-0.8715602756
-0.8279876113
-0.7668264508
-0.6867847443
-0.5724284053
-0.42096892
-0.2230669856
0.01302707195
0.2871620953
0.5891224146
0.8775961995
1.180435896
1.472293615
1.771303535
2.054011345
2.164931774
2.172068357
2.110307217
1.909097314
1.555976391
1.193732381
0.8278365135
0.5113205314
0.2204934955
-0.05226361752
-0.2813159823
-0.4733045101
-0.6554965377
-0.8279256821
-0.9703005552
-1.077078581
-1.18109262
-1.267414331
-1.349901676
-1.408476114
-1.450154662
-1.481288671
-1.519472957
-1.542033434
-1.544317842
-1.539595127
-1.542240024
-1.538746595
-1.525496602
-1.505937457
-1.491812348
-1.459550261
-1.436478972
-1.4139359
-1.388995051
-1.364066362
-1.337378025
-1.30502975
-1.256113529
-1.223203182
-1.199528694
-1.190166116
-1.17497015
-1.159325838
-1.140897155
-1.11801517
-1.089913487
-1.060539722
-1.035212755
-1.001860738
-0.9558783174
-0.9339234829
-0.9186919332
-0.8968012929
-0.8809966445
-0.8694459796
-0.8613550663
-0.8531205058
-0.8308627009
-0.8166179657
-0.7953655124
-0.7913554907
-0.782793045
-0.7657446861
-0.7545334101
-0.741158247
-0.7308489084
-0.7121906281
-0.6964457631
-0.6804735661
-0.6401013732
-0.6229784489
-0.6165900826
-0.6296939254
-0.6317787766
-0.6200413108
-0.6231811643
-0.6136968136
-0.5782212615
-0.5558955669
-0.5285838842
-0.4894653559
-0.4608531594
-0.4201180041
-0.3779986799
-0.3383100033
-0.3103927672
-0.2946814001
-0.2778591812
-0.2454726249
-0.2105275691
-0.184493944
-0.160814181
-0.1301528215
-0.1048997045
-0.07160849124
-0.04379155859
-0.01223751251
0.02157428861
0.04922585189
0.07775744796
0.0957056582
0.118349582
0.1525185853
0.1727275401
0.1963059157
0.2330638915
0.2639023066
0.2936857045
0.3281785846
0.3536987901
0.2911196947
0.125548169
-0.1334967315
-0.4162957072
-0.7043890357
-0.9790464044
-1.249293447
-1.488555431
-1.705894947
-1.890560985
-2.066697121
-2.215733528
-2.341990232
-2.448076725
-2.53770566
-2.624821901
-2.702284575
-2.763269424
-2.812903881
-2.860067129
-2.897325754
-2.918471098
-2.918787956
-2.915184259
-2.90032649
-2.871464252
-2.843490839
-2.825327396
-2.797461271
-2.759366989
-2.702509642
-2.648449659
-2.587210417
-2.52223134
-2.449291229
-2.375616789
-2.299301147
-2.221170425
-2.154801607
-2.060569763
-1.964040041
-1.877931237
-1.782828689
-1.663399339
-1.546962976
-1.406786561
-1.276824474
-1.112895846
-0.95978266
-0.8215688467
-0.6733901501
-0.501968503
-0.3511709571
-0.1425272673
0.06900622696
0.2359327227
0.4333235025
0.6352359056
0.8403303623
1.047057033
1.251547098
1.430589676
1.592782497
1.747211099
1.872270703
1.963390708
2.040267467
2.110430956
2.165692091
2.207105398
2.240839481
2.243806362
2.244909763
2.249053001
2.232562065
2.231610298
2.204716206
2.176434278
2.151674747
2.12441802
2.114205837
2.096814871
2.078053236
2.048863173
2.024241209
2.002675533
1.985709786
1.967665553
1.955447078
1.929025173
1.888107896
1.873188019
1.866453886
1.845811248
1.822999477
1.814413667
1.799675584
1.790095925
1.773718596
1.752316952
1.71767807
1.681098342
1.65680027
1.640998721
1.601267576
1.556547523
1.506422997
1.463703752
1.429724336
1.400498748
1.366299033
1.322089672
1.286646843
1.244246602
1.208604574
1.183149695
1.150611877
1.123081326
1.092749715
1.082250953
1.051942706
1.0235461
1.001134753
0.9844875932
0.967756331
0.9479337335
0.9282620549
0.9122934341
0.8939372301
0.8778964877
0.8705632091
0.8553106785
0.811609447
0.7695675492
0.7003384829
0.591845572
0.4763191938
0.3455367088
0.1993529499
0.06759029627
-0.04498664662
-0.08623052388
-0.09085150063
-0.06618103385
0.003506787121
0.1002260372
0.1916461587
0.2721648812
0.3517203331
0.4169682264
0.4829608798
0.5231773853
0.5632735491
0.5966970921
0.62101686
0.6383926868
0.6502230167
0.6616564393
0.6729906201
0.6736606956
0.6756751537
0.678260386
0.6778829694
0.6787894964
0.6725797057
0.6756148338
0.6686125398
0.6574500799
0.6523595452
0.6463694572
0.6278326511
0.6112563014
0.5948754549
0.5789176226
0.5604967475
0.5357618332
0.5204585791
0.5068697929
0.4897313118
0.4751657844
0.4627518058
0.4539864659
0.4480024576
0.4368294775
0.4276752472
0.422709167
0.413077265
0.4016978443
0.3871587217
0.3650856316
0.3452003896
0.3223319948
0.2968012393
0.272410512
0.2522589564
0.2323875427
0.2107575685
0.1839306802
0.1633833051
0.1450948268
0.1239315197
0.109532468
0.08419759572
0.06030171737
0.03580731899
0.01326376293
-0.01779881492
-0.04480065033
-0.07466735691
-0.1147262156
-0.1632102728
-0.2053214312
-0.2558561862
-0.2930638194
-0.3363106549
-0.3732619882
-0.409794122
-0.4322749376
-0.4557715356
-0.4746957123
-0.4942498505
-0.5183942914
-0.5522468686
-0.5752391219
-0.6008835435
-0.6271570325
-0.6435266733
-0.6550198197
-0.6695426106
-0.6814407706
-0.6946182847
-0.7047101855
-0.7207219601
-0.7340359688
-0.7360938191
-0.7567580342
-0.770644784
-0.7870067954
-0.8016376495
-0.810595572
-0.819296658
-0.8259735703
-0.835891068
-0.8531212807
-0.8712059259
-0.8844777942
-0.9070591331
-0.9263605475
-0.9391410351
-0.9529765248
-0.9604308009
-0.9647341967
-0.9717238545
-0.9835858345
-0.9884394407
-0.9905270934
-0.9969009757
-1.006562114
-1.015818715
-1.020454526
-1.023174763
-1.029847026
-1.037516952
-1.047332764
-1.059029102
-1.062317371
-1.071040988
-1.068107605
-1.082184792
-1.081638575
-1.079078913
-1.073885322
-1.071110606
-1.061180353
-1.070726871
-1.077924013
-1.084838748
-1.082375169
-1.074982524
-1.061513782
-1.046940207
-1.042725801
-1.026469827
-1.005041003
-0.9929921031
-0.9698025584
-0.9557514191
-0.9330599904
-0.9215831161
-0.904953897
-0.8873179555
-0.8874147534
-0.877397716
-0.8620571494
-0.835183382
-0.8027901649
-0.7543711662
-0.6888908744
-0.5914617777
-0.4719114006
-0.3144717813
-0.1292696595
0.08909279108
0.3101800978
0.5733121634
0.8608323336
1.132677078
1.390120983
1.650635839
1.912947774
2.169845104
2.423253298
2.448617458
2.114724159
1.748241663
1.405951381
1.044895887
0.6721783876
0.3670208156
0.09403540194
-0.1704697311
-0.4062063992
-0.6171565056
-0.8092170954
-0.964001894
-1.093375325
-1.1933887
-1.275777102
-1.358148336
-1.434034228
-1.474589467
-1.506848335
-1.525170922
-1.529896379
-1.535070062
-1.525599957
-1.506842136
-1.477944136
-1.45857811
-1.432092547
-1.422582626
-1.387624145
-1.368648648
-1.328613877
-1.300704837
-1.277004957
-1.249687791
-1.240695
-1.232309341
-1.230149269
-1.213318825
-1.188958287
-1.166137815
-1.146861196
-1.12539196
-1.095734119
-1.066383004
-1.041328788
-1.009851813
-1.001324654
-0.9890018106
-0.9829882979
-0.96554178
-0.9414502382
-0.9122503996
-0.8789566159
-0.8651806712
-0.8504768014
-0.8356814384
-0.8073058724
-0.7994302511
-0.7856940031
-0.764005661
-0.7274144888
-0.72448349
-0.7233099341
-0.7261725068
-0.7240440845
-0.7209681273
-0.7002099752
-0.6667761207
-0.6453701854
-0.6322016716
-0.6129279137
-0.5952533484
-0.597910583
-0.5836570859
-0.5437614322
-0.5037953854
-0.4723422825
-0.4317874908
-0.4008400142
-0.3807339072
-0.3514014781
-0.3303343952
-0.3073563576
-0.286327064
-0.2616791725
-0.2310102284
-0.2053394616
-0.1734705418
-0.1467941105
-0.1096693501
-0.07683327049
-0.04334721714
-0.01652001217
0.0142418826
0.03417723626
0.08765503019
0.1143483445
0.1449960023
0.1782667339
0.1984573007
0.2266604751
0.2711545527
0.2984555364
0.3124884069
0.3302110732
0.3490090668
0.3579049706
0.3817619085
0.4073780179
0.3763272166
0.1874219924
-0.08342684805
-0.3512923121
-0.6227978468
-0.9326510429
-1.205552936
-1.434921861
-1.640538931
-1.810383201
-1.982544541
-2.150405169
-2.291169882
-2.421305418
-2.512116671
-2.610818624
-2.715612411
-2.782967091
-2.854379654
-2.892301798
-2.919492722
-2.930400848
-2.936241627
-2.932698488
-2.924151897
-2.898627996
-2.861682653
-2.825746775
-2.781286955
-2.73614645
-2.697578907
-2.651283264
-2.585205078
-2.520294189
-2.455691338
-2.388174057
-2.308749437
-2.231189728
-2.138154507
-2.047558308
-1.93081069
-1.814491272
-1.708164334
-1.604408741
-1.511980891
-1.414094687
-1.303353786
-1.146452546
-0.9795947075
-0.7974513173
-0.6227844954
-0.4588731229
-0.2628818154
-0.05086778104
0.1267015487
0.3500717878
0.5554941297
0.7662703395
0.9678052664
1.179842234
1.501160741
1.659968257
1.796346903
1.899490952
1.991826892
2.079962015
2.138785362
2.17407608
2.20153141
2.213436127
2.233547688
2.235434771
2.234658241
2.234037876
2.229478836
2.215045691
2.206485748
2.183538675
2.168116093
2.139988899
2.122324944
2.092082024
2.073046207
2.054640293
2.034102201
1.985130548
1.948159218
1.919031739
1.90002811
1.874161482
1.845235944
1.829345584
1.795811534
1.777543902
1.764221787
1.744871616
1.718566418
1.698095083
1.682564259
1.665276051
1.631406188
1.591480732
1.552847385
1.514235258
1.484055042
1.448472023
1.405470967
1.371490717
1.342466116
1.309365749
1.277259827
1.248713613
1.225749254
1.201728463
1.183478236
1.165482521
1.144604802
1.130181313
1.113712549
1.093773365
1.068769574
1.045700312
1.026200414
1.00685811
0.9961329103
0.9943534136
0.9732370973
0.9518167973
0.9301396608
0.911585927
0.8698785901
0.8172971606
0.7494627833
0.6609371901
0.5436959267
0.4195495546
0.2948184907
0.1643477976
0.03727375716
-0.04222281277
-0.07731194049
-0.0729418993
0.004157803953
0.07923001051
0.1897284836
0.2918611765
0.4147169292
0.4972754717
0.5739427209
0.6310014129
0.6891636848
0.7456710339
0.7909292579
0.8175345659
0.8388895392
0.8455561399
0.8513744473
0.8531134725
0.8565886021
0.8498184085
0.8475311995
0.8442652225
0.8415795565
0.838180244
0.819978714
0.8089196682
0.7905878425
0.7830556631
0.7684144378
0.7407843471
0.7262865305
0.6977081895
0.6619737744
0.6335468292
0.6086986661
0.5809623003
0.5622186065
0.5438838005
0.5286788344
0.5136987567
0.5023559928
0.4904986322
0.4829205871
0.4707394838
0.4620645642
0.4456333816
0.4308546484
0.4122133553
0.3937737942
0.375615567
0.3396246433
0.3086194694
0.2850013971
0.2552107573
0.2333658189
0.1996536106
0.1597385705
0.1357616335
0.1212950945
0.1003954411
0.08206743002
0.06285719573
0.04345531017
0.01925094984
-0.01168576535
-0.04004204273
-0.07080798596
-0.1024720967
-0.1447080374
-0.1833821386
-0.2237280756
-0.2668007314
-0.3174078166
-0.3572927117
-0.4047672749
-0.4410501122
-0.4756436646
-0.5069178343
-0.5356817245
-0.5626112223
-0.5846139193
-0.5954666138
-0.6193397045
-0.6388593912
-0.6478818655
-0.6684426069
-0.6900962591
-0.7166017294
-0.7361108661
-0.7497597933
-0.7823996544
-0.794547677
-0.8125086427
-0.8134629726
-0.8188970685
-0.8325526714
-0.8436761498
-0.8623485565
-0.8771461844
-0.8901659846
-0.9057804346
-0.920969069
-0.9303255677
-0.9425747395
-0.9529569149
-0.9623849988
-0.9680433273
-0.9752019048
-0.9720814228
-0.977941215
-0.9819390178
-0.9887894392
-0.9872171879
-0.9933411479
-1.007025242
-1.013013244
-1.015410304
-1.026906133
-1.028931499
-1.032200098
-1.044076443
-1.048151374
-1.044054031
-1.041653991
-1.046319723
-1.06970799
-1.074319005
-1.082705379
-1.093309879
-1.093016148
-1.086661696
-1.078927398
-1.073507667
-1.071187496
-1.05914855
-1.060792804
-1.064982176
-1.059862494
-1.050365806
-1.043487906
-1.03596437
-1.020345926
-1.005322933
-1.003801584
-0.9999962449
-0.9963747859
-0.9831313491
-0.978877902
-0.9642936587
-0.9565521479
-0.9419038296
-0.9315659404
-0.9370292425
-0.9218380451
-0.8939825296
-0.8583510518
-0.8012020588
-0.7056213617
-0.5839368105
-0.4548588097
-0.2518288195
-0.02099373937
0.2492501587
0.5424474478
0.8510868549
1.156317592
1.441898346
1.737921596
2.01999712
2.26444006
2.367081881
2.072713137
1.733582616
1.375852942
1.03755641
0.6751275659
0.3486448824
0.03186839819
-0.2360017598
-0.4738133848
-0.6791608334
-0.8576242328
-1.013310909
-1.127120018
-1.233170629
-1.303337693
-1.36693728
-1.411298156
-1.438695431
-1.467536092
-1.473502755
-1.482938886
-1.473775506
-1.46800077
-1.458724499
-1.412584066
-1.392159224
-1.381305695
-1.359831333
-1.326788306
-1.290045738
-1.274474263
-1.283156991
-1.284260631
-1.278975248
-1.270476222
-1.262704372
-1.250472665
-1.240723491
-1.240723491