-0.027898
-0.027864
-0.02788
-0.0282
-0.028204
-0.027672
-0.027588
-0.027824
-0.022781
-0.010879
0.003052
0.016742
0.028756
0.043474
0.057303
0.069931
0.082892
0.095251
0.108583
0.122711
0.136573
0.150675
0.16451
0.178091
0.191501
0.204618
0.217885
0.231154
0.243966
0.256901
0.269591
0.282343
0.295458
0.308655
0.321526
0.334896
0.348385
0.361846
0.374503
0.386974
0.39959
0.412301
0.424838
0.437159
0.450191
0.462967
0.475515
0.488182
0.500933
0.51254
0.523662
0.53595
0.547034
0.558512
0.570275
0.580849
0.59149
0.602458
0.612587
0.623268
0.634269
0.643623
0.653617
0.662549
0.67134
0.680599
0.689356
0.698161
0.706267
0.713742
0.722303
0.729633
0.737369
0.744384
0.750918
0.757687
0.763031
0.768879
0.774091
0.778994
0.784278
0.78901
0.792992
0.797389
0.800724
0.803474
0.806874
0.809032
0.811533
0.814181
0.815076
0.816545
0.818035
0.819845
0.820714
0.821575
0.821998
0.821379
0.820833
0.820531
0.819834
0.818247
0.816716
0.815352
0.813628
0.81192
0.809469
0.807038
0.804858
0.802019
0.798756
0.794864
0.790756
0.787043
0.783102
0.778341
0.773441
0.768268
0.762461
0.756809
0.751492
0.746149
0.740221
0.733931
0.727625
0.721078
0.714469
0.707335
0.699293
0.691228
0.683228
0.675008
0.666882
0.658549
0.649493
0.640175
0.63113
0.621158
0.611737
0.601669
0.590966
0.580717
0.570004
0.558719
0.547585
0.536451
0.524347
0.507165
0.49566
0.481704
0.472553
0.460565
0.447336
0.43302
0.419268
0.405852
0.391419
0.377626
0.363612
0.348115
0.333128
0.317483
0.301941
0.286821
0.270848
0.255371
0.239092
0.222806
0.207147
0.191383
0.17486
0.158151
0.141654
0.125028
0.10871
0.091913
0.075416
0.057668
0.04235
0.026446
0.010144
-0.005726
-0.020851
-0.037212
-0.053049
-0.068303
-0.083356
-0.098922
-0.114351
-0.130046
-0.145568
-0.160418
-0.175077
-0.190399
-0.205598
-0.220173
-0.234695
-0.249061
-0.262594
-0.275845
-0.289343
-0.303271
-0.316522
-0.329294
-0.341496
-0.354271
-0.36678
-0.380694
-0.393484
-0.405748
-0.417865
-0.42969
-0.441022
-0.452595
-0.463791
-0.474755
-0.4854
-0.496053
-0.506549
-0.517167
-0.527241
-0.53752
-0.5477
-0.55751
-0.567114
-0.576247
-0.585429
-0.594234
-0.603521
-0.612405
-0.621018
-0.629358
-0.637751
-0.646117
-0.654673
-0.662793
-0.669992
-0.67731
-0.684619
-0.691914
-0.698288
-0.704438
-0.711155
-0.717557
-0.722956
-0.728413
-0.734325
-0.740433
-0.745138
-0.749933
-0.754868
-0.75882
-0.762822
-0.767288
-0.770894
-0.774152
-0.777458
-0.779485
-0.781633
-0.784096
-0.785373
-0.787643
-0.788816
-0.789259
-0.790679
-0.790705
-0.789745
-0.789488
-0.788231
-0.788151
-0.786992
-0.785045
-0.783665
-0.780654
-0.778608
-0.775782
-0.772714
-0.76951
-0.765285
-0.761512
-0.75713
-0.752425
-0.748404
-0.743895
-0.738584
-0.733132
-0.726982
-0.720754
-0.714932
-0.708147
-0.701365
-0.694972
-0.68788
-0.680844
-0.673819
-0.666686
-0.658503
-0.650558
-0.642891
-0.634673
-0.625919
-0.617343
-0.608744
-0.599713
-0.590499
-0.581378
-0.571891
-0.562179
-0.552696
-0.542951
-0.532623
-0.522298
-0.512349
-0.501574
-0.490837
-0.479375
-0.468101
-0.457595
-0.446806
-0.435803
-0.424899
-0.413629
-0.402022
-0.389337
-0.377267
-0.365931
-0.354064
-0.341398
-0.329153
-0.316812
-0.304863
-0.292082
-0.279187
-0.266166
-0.253515
-0.2403
-0.226198
-0.212424
-0.198558
-0.184451
-0.170212
-0.155451
-0.140768
-0.126497
-0.112241
-0.097831
-0.082928
-0.067381
-0.050568
-0.03438
-0.01938
-0.003395
0.012175
0.027088
0.043363
0.058647
0.073361
0.089831
0.104545
0.120358
0.137514
0.154239
0.170139
0.185721
0.201527
0.217953
0.233967
0.249457
0.264781
0.280165
0.295459
0.310697
0.326435
0.342163
0.357181
0.372014
0.38694
0.401505
0.416463
0.431014
0.443823
0.45792
0.471435
0.485125
0.49938
0.512259
0.525085
0.537771
0.549302
0.561096
0.573242
0.58429
0.594211
0.605188
0.615908
0.626308
0.636987
0.646602
0.655584
0.664331
0.67354
0.682259
0.690183
0.698575
0.706328
0.713975
0.721561
0.7288
0.735978
0.743116
0.749805
0.755884
0.761764
0.767537
0.773225
0.77891
0.783889
0.788014
0.791731
0.79582
0.799925
0.804062
0.807849
0.811602
0.814042
0.816609
0.818977
0.821459
0.82361
0.82517
0.826271
0.827112
0.828513
0.830062
0.830841
0.830943
0.831011
0.831104
0.830879
0.82945
0.828151
0.827088
0.825489
0.822846
0.820579
0.818257
0.815818
0.812511
0.809272
0.806409
0.802238
0.797483
0.792517
0.787274
0.781803
0.776649
0.77019
0.76391
0.757034
0.749915
0.742707
0.735686
0.7274
0.720243
0.71226
0.70366
0.695322
0.684901
0.675476
0.665974
0.655997
0.646337
0.636058
0.625215
0.614317
0.603112
0.592414
0.581875
0.569894
0.558721
0.546434
0.534163
0.522555
0.509677
0.4977
0.484733
0.465936
0.454084
0.44147
0.428715
0.419788
0.40687
0.393485
0.38106
0.368214
0.35415
0.340203
0.326802
0.313142
0.299441
0.285846
0.272173
0.258895
0.244831
0.230683
0.217364
0.204252
0.190543
0.176454
0.162817
0.149084
0.135533
0.1214
0.107565
0.093932
0.080665
0.067012
0.051624
0.039169
0.026112
0.012533
-0.001317
-0.014842
-0.025887
-0.040406
-0.053846
-0.066745
-0.079771
-0.093066
-0.106684
-0.120366
-0.133839
-0.147392
-0.160716
-0.174261
-0.18898
-0.202875
-0.216628
-0.230256
-0.243587
-0.256938
-0.270193
-0.283187
-0.296919
-0.310426
-0.323066
-0.335998
-0.350119
-0.363784
-0.377411
-0.391401
-0.4045
-0.417418
-0.430717
-0.443942
-0.456337
-0.4687
-0.480568
-0.492281
-0.504222
-0.516368
-0.528583
-0.540957
-0.551555
-0.562588
-0.573918
-0.584388
-0.595465
-0.605358
-0.615751
-0.625908
-0.635619
-0.645685
-0.65467
-0.663663
-0.672712
-0.680401
-0.688535
-0.69592
-0.702936
-0.710516
-0.717162
-0.724057
-0.731637
-0.737391
-0.743236
-0.748735
-0.753397
-0.758615
-0.763673
-0.767972
-0.7727
-0.776433
-0.779351
-0.782243
-0.785502
-0.787909
-0.789966
-0.791966
-0.793679
-0.795502
-0.796427
-0.79768
-0.798202
-0.798299
-0.798168
-0.797828
-0.797877
-0.797862
-0.797181
-0.79579
-0.794077
-0.792419
-0.790598
-0.788867
-0.786213
-0.783448
-0.780503
-0.777565
-0.774242
-0.770851
-0.767326
-0.763323
-0.759252
-0.755064
-0.750311
-0.744886
-0.739496
-0.733711
-0.727909
-0.722081
-0.715933
-0.709434
-0.702769
-0.695827
-0.688784
-0.681495
-0.673937
-0.665548
-0.657222
-0.648936
-0.640241
-0.630977
-0.621223
-0.611819
-0.601861
-0.591232
-0.580686
-0.570176
-0.558878
-0.547416
-0.536781
-0.524683
-0.511878
-0.499405
-0.485886
-0.472252
-0.45904
-0.445429
-0.431555
-0.419196
-0.405068
-0.389816
-0.375788
-0.361138
-0.347104
-0.332318
-0.317645
-0.30295
-0.287299
-0.272558
-0.256766
-0.241263
-0.226184
-0.210609
-0.195026
-0.178927
-0.162826
-0.146659
-0.130688
-0.114951
-0.099857
-0.084015
-0.067947
-0.050703
-0.033882
-0.018312
-0.002174
0.013432
0.027735
0.044083
0.059085
0.072544
0.088251
0.10218
0.117546
0.133356
0.149354
0.16375
0.178377
0.192634
0.207262
0.2213
0.234694
0.247793
0.261947
0.275433
0.288764
0.301745
0.314874
0.328032
0.341341
0.354045
0.366679
0.378727
0.391947
0.40502
0.417281
0.429381
0.439572
0.451416
0.463112
0.474876
0.487078
0.498205
0.508807
0.519075
0.529718
0.540952
0.551408
0.561196
0.571166
0.581238
0.591328
0.60127
0.61116
0.620403
0.629303
0.638729
0.647584
0.656465
0.665083
0.673904
0.681889
0.68953
0.697266
0.704812
0.712375
0.719483
0.72706
0.734218
0.740387
0.746903
0.753262
0.758953
0.765357
0.770971
0.775305
0.780178
0.784624
0.78872
0.793263
0.797114
0.800594
0.803924
0.805798
0.808615
0.810404
0.811877
0.814009
0.814942
0.81702
0.817875
0.818074
0.81882
0.818347
0.817915
0.817619
0.815887
0.814932
0.812515
0.810313
0.808831
0.80613
0.804255
0.802117
0.798242
0.794744
0.790859
0.786252
0.781512
0.777389
0.77221
0.767109
0.762154
0.756739
0.750221
0.743961
0.738442
0.732035
0.725605
0.719274
0.712592
0.705063
0.697195
0.689736
0.682078
0.674499
0.666292
0.657746
0.649534
0.641195
0.632835
0.623979
0.615127
0.606071
0.597148
0.588127
0.578762
0.569084
0.559238
0.548805
0.538333
0.527684
0.517434
0.501168
0.489911
0.478487
0.466994
0.460323
0.449109
0.436814
0.425231
0.413642
0.401661
0.388999
0.376166
0.36268
0.349066
0.335763
0.32227
0.308216
0.294215
0.280199
0.26551
0.250968
0.236163
0.22128
0.206438
0.191196
0.175727
0.160346
0.144356
0.128488
0.112263
0.096489
0.080387
0.064151
0.047562
0.031366
0.015251
-0.000601
-0.016395
-0.031569
-0.047282
-0.063449
-0.079674
-0.096275
-0.112862
-0.128084
-0.144269
-0.16048
-0.177242
-0.193428
-0.209244
-0.225209
-0.239949
-0.254676
-0.269897
-0.285035
-0.300354
-0.314625
-0.328931
-0.343897
-0.358269
-0.372922
-0.387823
-0.401351
-0.414959
-0.428857
-0.442006
-0.454365
-0.466764
-0.478824
-0.490703
-0.502553
-0.514657
-0.52608
-0.536686
-0.547766
-0.558425
-0.568643
-0.578914
-0.589328
-0.599065
-0.607813
-0.617081
-0.625918
-0.63526
-0.644483
-0.653119
-0.660948
-0.668447
-0.676305
-0.683846
-0.690886
-0.697423
-0.703853
-0.709902
-0.715896
-0.721845
-0.728005
-0.734172
-0.740051
-0.745436
-0.750321
-0.755266
-0.759983
-0.763927
-0.767681
-0.771481
-0.775441
-0.778689
-0.78179
-0.784042
-0.786411
-0.788819
-0.791172
-0.793067
-0.794165
-0.795728
-0.79688
-0.797402
-0.7976
-0.798539
-0.797533
-0.79697
-0.796054
-0.795523
-0.794761
-0.793151
-0.791177
-0.789165
-0.78602
-0.783185
-0.780412
-0.776523
-0.772916
-0.76875
-0.763929
-0.759409
-0.754602
-0.749302
-0.744258
-0.738027
-0.731807
-0.725385
-0.718297
-0.711545
-0.7039
-0.696561
-0.689637
-0.681087
-0.67306
-0.664415
-0.655185
-0.646523
-0.637134
-0.627889
-0.61827
-0.608187
-0.598303
-0.587675
-0.577399
-0.567127
-0.555627
-0.544778
-0.534196
-0.522313
-0.510454
-0.498627
-0.486212
-0.47414
-0.462416
-0.450135
-0.437268
-0.425186
-0.412943
-0.401317
-0.389398
-0.377019
-0.364111
-0.351547
-0.338951
-0.32617
-0.31402
-0.301789
-0.289091
-0.27638
-0.263473
-0.250651
-0.238001
-0.225326
-0.212561
-0.19979
-0.186601
-0.173227
-0.159669
-0.145867
-0.132493
-0.119633
-0.106637
-0.093897
-0.080624
-0.067039
-0.051678
-0.038266
-0.024708
-0.01055
0.003624
0.017758
0.03017
0.044625
0.058148
0.071651
0.085713
0.099869
0.113649
0.128408
0.142959
0.157519
0.172149
0.186044
0.20065
0.215555
0.229495
0.243423
0.257754
0.271168
0.285836
0.300803
0.314959
0.329502
0.344102
0.35899
0.373379
0.387454
0.401511
0.413882
0.427949
0.441893
0.455924
0.470632
0.484026
0.49743
0.509883
0.522087
0.534868
0.547619
0.560205
0.570821
0.582372
0.594546
0.60571
0.617706
0.628298
0.638403
0.648688
0.65792
0.668161
0.677371
0.6863
0.695342
0.704041
0.712467
0.7213
0.728812
0.735998
0.743435
0.749921
0.756811
0.763862
0.769915
0.775226
0.780715
0.785932
0.790754
0.795441
0.800028
0.80409
0.807457
0.810728
0.813717
0.816791
0.819047
0.821072
0.823006
0.824993
0.82707
0.828125
0.829412
0.830314
0.831415
0.831738
0.831512
0.831405
0.830368
0.830174
0.829343
0.828219
0.826567
0.824956
0.822899
0.821192
0.819039
0.816686
0.813668
0.810271
0.806468
0.802475
0.798633
0.794554
0.789724
0.784795
0.779806
0.774072
0.768196
0.76223
0.755881
0.749712
0.743522
0.73636
0.728802
0.721366
0.713906
0.705094
0.696063
0.687141
0.678401
0.668678
0.659041
0.649279
0.639127
0.629096
0.618438
0.607837
0.596643
0.584698
0.57267
0.561404
0.549546
0.536522
0.524086
0.510835
0.492457
0.478865
0.464394
0.451207
0.44214
0.428287
0.414201
0.400019
0.385563
0.37082
0.355717
0.34091
0.325161
0.309955
0.294376
0.278943
0.263759
0.248361
0.233217
0.218234
0.20284
0.186862
0.170875
0.155383
0.139978
0.124328
0.108633
0.093017
0.077575
0.061923
0.046859
0.031953
0.016958
0.002215
-0.011875
-0.024518