1.817815
1.817829
1.817789
1.817936
1.817935
1.818008
1.817894
1.817886
1.81786
1.818086
1.817865
1.817837
1.817828
1.817844
1.817839
1.817815
1.817813
1.817788
1.817827
1.817784
1.817776
1.817806
1.817745
1.817807
1.817769
1.817805
1.817775
1.817744
1.817728
1.817782
1.817738
1.817758
1.817762
1.817724
1.817762
1.817771
1.81776
1.817761
1.817737
1.817763
1.817778
1.817761
1.817776
1.817771
1.817749
1.817726
1.817744
1.817743
1.817742
1.817736
1.817753
1.817742
1.817743
1.817749
1.817717
1.817717
1.817718
1.817752
1.81776
1.817719
1.817747
1.817729
1.817738
1.817734
1.817755
1.817723
1.81776
1.817724
1.817703
1.81775
1.817733
1.817732
1.817771
1.817747
1.817703
1.817687
1.817691
1.81771
1.817765
1.817713
1.817714
1.817704
1.817703
1.817735
1.817731
1.817717
1.817787
1.817731
1.817743
1.817752
1.817729
1.817756
1.817724
1.817726
1.817751
1.817736
1.817719
1.817739
1.817736
1.817761
1.817752
1.817775
1.817787
1.817741
1.817758
1.817729
1.817727
1.817703
1.817717
1.817734
1.817746
1.817762
1.817718
1.817779
1.817728
1.817714
1.817726
1.817741
1.817717
1.817741
1.817714
1.817707
1.81772
1.817763
1.817766
1.817737
1.817743
1.817747
1.817712
1.817717
1.817729
1.817718
1.817765
1.817737
1.817758
1.817739
1.817745
1.817779
1.817746
1.817761
1.817738
1.817742
1.817738
1.817737
1.817729
1.817749
1.817717
1.817716
1.817752
1.817756
1.817762
1.817735
1.817731
1.817744
1.817731
1.817725
1.817754
1.817729
1.817716
1.81775
1.817738
1.817736
1.817726
1.817738
1.817747
1.817721
1.817708
1.817733
1.817785
1.817761
1.817717
1.817951
1.817726
1.817734
1.817751
1.817736
1.817755
1.817747
1.817735
1.817752
1.817745
1.817713
1.81775
1.817729
1.817727
1.817763
1.817732
1.817752
1.817742
1.817731
1.81775
1.817703
1.817737
1.817737
1.8177
1.817734
1.817744
1.817755
1.81773
1.817754
1.817725
1.817728
1.817725
1.817744
1.817731
1.817729
1.81771
1.817742
1.81773
1.817738
1.817735
1.817736
1.817743
1.817719
1.81777
1.817749
1.817777
1.817729
1.817745
1.817733
1.817733
1.817734
1.817748
1.817746
1.817712
1.817755
1.817722
1.817723
1.81772
1.817741
1.817968
1.81774
1.817742
1.8177
1.81774
1.817737
1.817739
1.817787
1.817714
1.817717
1.817725
1.817711
1.81773
1.817717
1.817737
1.817714
1.817726
1.817689
1.817705
1.817707
1.817723
1.817718
1.817718
1.817704
1.817711
1.817729
1.81773
1.817748
1.817716
1.817694
1.817715
1.817726
1.817697
1.817699
1.817715
1.817719
1.817708
1.817703
1.817712
1.817722
1.817675
1.817708
1.817716
1.817722
1.817722
1.817678
1.817729
1.817726
1.817698
1.817698
1.817752
1.817713
1.817713
1.817709
1.817711
1.817718
1.817699
1.817744
1.817701
1.817717
1.817722
1.81768
1.817726
1.817654
1.817737
1.817688
1.817668
1.817717
1.817733
1.817694
1.817701
1.817676
1.817699
1.81767
1.817677
1.817669
1.817728
1.817702
1.817922
1.817717
1.817697
1.817717
1.81771
1.817705
1.817664
1.817723
1.817684
1.817723
1.817731
1.817696
1.817722
1.817723
1.817745
1.817697
1.817692
1.817714
1.817735
1.817716
1.817726
1.817727
1.817728
1.817733
1.817738
1.817708
1.817704
1.817696
1.817706
1.81771
1.817697
1.817729
1.81768
1.81774
1.817695
1.817737
1.817665
1.817667
1.817694
1.817694
1.817674
1.817679
1.817709
1.817739
1.817715
1.817683
1.817735
1.81768
1.817657
1.817719
1.817663
1.81774
1.817713
1.8177
1.817691
1.817722
1.8177
1.817708
1.817681
1.817674
1.817697
1.817689
1.817695
1.817691
1.817715
1.817701
1.817723
1.817711
1.817698
1.817714
1.817703
1.81773
1.817688
1.817722
1.817686
1.817681
1.817683
1.817686
1.817684
1.817715
1.817726
1.817689
1.817686
1.817717
1.81768
1.81769
1.817684
1.817682
1.817701
1.817734
1.817688
1.817678
1.817686
1.817677
1.817703
1.817701
1.817671
1.817662
1.817708
1.817682
1.817688
1.817705
1.817742
1.817695
1.817668
1.817669
1.817692
1.817699
1.817723
1.81768
1.817678
1.817661
1.817705
1.817693
1.81771
1.817714
1.817739
1.817693
1.817681
1.817675
1.817737
1.817651
1.817722
1.817683
1.817692
1.817707
1.817686
1.81771
1.81769
1.817691
1.817713
1.817713
1.817669
1.817699
1.817683
1.817682
1.81769
1.817684
1.817692
1.817704
1.817736
1.817673
1.817697
1.81772
1.817687
1.817662
1.817682
1.817731
1.817681
1.817695
1.81767
1.817723
1.817706
1.817668
1.817708
1.817678
1.817717
1.817646
1.817715
1.817703
1.817718
1.817701
1.817692
1.817683
1.817704
1.817726
1.81771
1.817687
1.817719
1.817674
1.817692
1.817693
1.817696
1.817718
1.817696
1.817723
1.817664
1.817706
1.81768
1.817679
1.817674
1.817701
1.817681
1.817673
1.81768
1.81771
1.817684
1.817693
1.817661
1.817673
1.817727
1.817698
1.817693
1.817644
1.817667
1.817698
1.817657
1.81771
1.817693
1.817689
1.817695
1.817683
1.817683
1.817708
1.81769
1.817693
1.817679
1.817706
1.817707
1.81772
1.817691
1.817691
1.817678
1.817687
1.817707
1.817667
1.817687
1.817707
1.817689
1.817698
1.817699
1.817901
1.817684
1.817696
1.817716
1.817717
1.817694
1.81768
1.817705
1.817684
1.817674
1.817707
1.81768
1.817692
1.817712
1.81769
1.817691
1.81771
1.817698
1.81767
1.817681
1.817679
1.817697
1.817687
1.817687
1.817724
1.817685
1.81769
1.817692
1.81767
1.817662
1.817712
1.817657
1.817664
1.817693
1.817704
1.8177
1.817681
1.817708
1.817677
1.817723
1.817719
1.817693
1.817711
1.817695
1.817731
1.817698
1.817673
1.817709
1.817676
1.81767
1.817689
1.817658
1.817706
1.817698
1.817714
1.817705
1.81769
1.817672
1.817666
1.817661
1.81772
1.817654
1.817666
1.817723
1.817693
1.817682
1.81768
1.817698
1.817715
1.817666
1.81768
1.817701
1.817689
1.81772
1.817692
1.817684
1.817685
1.817702
1.81767
1.817691
1.817687
1.817693
1.817719
1.817664
1.817684
1.81765
1.817676
1.817645
1.817661
1.817692
1.817653
1.817693
1.817693
1.817701
1.817692
1.817678
1.817694
1.817706
1.817714
1.817667
1.817693
1.817694
1.817672
1.817671
1.817692
1.81771
1.817696
1.817671
1.817702
1.817683
1.817676
1.817707
1.817698
1.817651
1.817658
1.817683
1.817691
1.817675
1.817669
1.817641
1.817672
1.817894
1.817673
1.817684
1.817666
1.817679
1.817675
1.817708
1.81766
1.817681
1.817639
1.817711
1.817677
1.817673
1.817669
1.817648
1.817675
1.81769
1.817711
1.817666
1.817691
1.817677
1.817684
1.817684
1.817678
1.817699
1.81768
1.817678
1.817704
1.817686
1.817685
1.817702
1.817661
1.817702
1.817696
1.817696
1.81769
1.817677
1.817722
1.817673
1.817688
1.817678
1.817696
1.817687
1.817684
1.817679
1.817683
1.817666
1.817685
1.817684
1.817712
1.817703
1.817685
1.817649
1.81768
1.817691
1.817668
1.817664
1.817692
1.817726
1.817712
1.817674
1.817699
1.817663
1.817684
1.817664
1.817715
1.817683
1.817668
1.817654
1.817677
1.817689
1.817656
1.817692
1.817645
1.817669
1.817699
1.817663
1.817714
1.817649
1.817691
1.817698
1.817691
1.817683
1.817707
1.817665
1.817698
1.817687
1.817683
1.81766
1.817697
1.8177
1.81766
1.817703
1.817695
1.817664
1.817635
1.817661
1.81763
1.817706
1.817639
1.817678
1.817699
1.817692
1.817662
1.817711
1.817686
1.817692
1.817682
1.817686
1.817693
1.817633
1.817675
1.817661
1.817679
1.817649
1.817706
1.817679
1.817673
1.817655
1.817679
1.817683
1.817697
1.817653
1.817664
1.817685
1.817675
1.817694
1.817672
1.817678
1.817667
1.817691
1.817678
1.817697
1.817683
1.817676
1.817672
1.817715
1.817675
1.817681
1.817693
1.817689
1.817679
1.817674
1.817662
1.81769
1.817688
1.817676
1.817691
1.817687
1.817656
1.817698
1.817658
1.817673
1.817671
1.817695
1.817679
1.817662
1.817692
1.817661
1.817703
1.817687
1.817695
1.817677
1.817654
1.817659
1.817689
1.817674
1.81767
1.817671
1.817673
1.817711
1.817674
1.81761
1.817635
1.817704
1.817676
1.817667
1.817675
1.817709
1.817705
1.817687
1.817698
1.817675
1.81766
1.817685
1.817674
1.817648
1.817658
1.81768
1.817678
1.817682
1.817691
1.817675
1.817627
1.817684
1.817661
1.817668
1.817668
1.817662
1.817675
1.817638
1.81768
1.817664
1.817654
1.817666
1.817681
1.817705
1.817689
1.817672
1.817641
1.817678
1.817684
1.817685
1.817661
1.817675
1.817653
1.817633
1.81764
1.817673
1.817715
1.817661
1.817686
1.817724
1.817685
1.817689
1.817682
1.817644
1.817681
1.817658
1.817658
1.817669
1.817675
1.81767
1.817664
1.817649
1.817656
1.81767
1.81768
1.817652
1.817653
1.817661
1.817652
1.817692
1.817663
1.817652
1.817654
1.81766
1.817682
1.81767
1.817698
1.817682
1.817661
1.81768
1.817713
1.81767
1.817651
1.817666
1.817671
1.817672
1.817687
1.817674
1.817678
1.817676
1.81768
1.817685
1.817677
1.817687
1.817669
1.817637
1.817676
1.817656
1.817666
1.817652
1.817664
1.817642
1.817671
1.817677
1.817689
1.817665
1.817642
1.81768
1.817675
1.81768
1.817643
1.817658
1.817692
1.81764
1.817691
1.817673
1.817673
1.817667
1.817648
1.817678
1.817679
1.817682
1.817651
1.817648
1.817663
1.817666
1.81766
1.817648
1.817682
1.817671
1.817695
1.817633
1.817676
1.81762
1.817657
1.817667
1.817678
1.817666
1.817652
1.817637
1.817645
1.817695
1.817679
1.817666
1.817678
1.81768
1.817614
1.817651
1.817672
1.817671
1.817618
1.81768
1.817665
1.817645
1.817679
1.817637
1.817644
1.817641
1.817699
1.817677
1.817664
1.81765
1.817643
1.817674
1.817653
1.817655
1.817663
1.817652
1.817655
1.817668
1.817661
1.817668
1.81768
1.817679
1.817647
1.817666
1.81766
1.817647
1.817635
1.817688
1.81771
1.817658
1.817668
1.817663
1.817628
1.817653
1.817625
1.817691
1.817689
1.817641
1.817664
1.817658
1.817655
1.817649
1.817658
1.817687
1.817659
1.81765
1.817661
1.817666
1.817639
1.817641
1.817688
1.81766
1.817649
1.817671
1.817673
1.817653
1.817653
1.817674
1.817656
1.817694
1.817623
1.817689
1.817667
1.817655
1.817656
1.817673
1.817668
1.817667
1.817647
1.817622
1.817665
1.817678
1.817667
1.817664
1.817646
1.817712
1.817649
1.817635
1.817668
1.817639
1.817712
1.817678
1.817664
1.817664
1.817695
1.817639
1.817648
1.817657
1.817667
1.817676
1.817676
1.817702
1.817658
1.817648
1.817663
1.817657
1.817636
1.817649
1.817672
1.817669
1.817665
1.81765
1.817651
1.817658
1.817677
1.817671
1.817705
1.817682
1.817665
1.817674
1.817645
1.817652
1.817665
1.817643
1.81764
1.817695
1.817637
1.817658
1.817652
1.817651
1.817672
1.817678
1.817682
1.817654
1.817673
1.8177
1.817676
1.817651
1.81766
1.817688
1.817655
1.817653
1.81767
1.817684
1.817651
1.817671
1.817661
1.817676
1.817672
1.817655
1.817657
1.817629
1.817644
1.817638
1.817685
1.817658
1.81763
1.817676
1.817655
1.817682
1.81766
1.817668
1.817673
1.817669
1.817652
1.817657
1.817644
1.81766
1.817632
1.817686
1.817681
1.81766
1.817677
1.817676
1.817671
1.817627
1.817652
1.817668
1.817634
1.817648
1.817676
1.817686
1.81767
1.817709
1.817658
1.817665
1.817658
1.817679
1.817673
1.817699
1.817633
1.817656
1.817666
1.817677
1.817691
1.817654
1.817673
1.817633
1.817657
1.817669
1.817673
1.817623
1.817626
1.817676
1.817664
1.817671
1.817644
1.817645
1.817633
1.81765
1.81767
1.817678
1.817639
1.817661
1.817684
1.817648
1.817674
1.817683
1.817682
1.817666
1.817668
1.817693
1.817682
1.817622
1.817678
1.817641
1.817658
1.817664
1.817666
1.817686
1.817651
1.817697
1.817663
1.817672
1.817687