1.863879
1.86379
1.863792
1.863701
1.86371
1.864238
1.863568
1.863554
1.863519
1.863411
1.863485
1.863551
1.863553
1.863472
1.863529
1.863458
1.863451
1.8635
1.863494
1.863485
1.863538
1.863542
1.863474
1.863492
1.863541
1.863488
1.863497
1.863518
1.863499
1.863564
1.863494
1.863544
1.863512
1.863507
1.86351
1.863534
1.863551
1.863536
1.863481
1.863564
1.863545
1.86351
1.863492
1.86352
1.863517
1.863533
1.863526
1.863502
1.863546
1.863487
1.863514
1.863511
1.863474
1.863553
1.863482
1.863559
1.863501
1.86356
1.863502
1.863479
1.86349
1.86347
1.863492
1.863509
1.863499
1.863461
1.863499
1.863473
1.863461
1.863508
1.863473
1.863438
1.863478
1.863451
1.863468
1.863427
1.863425
1.863457
1.863486
1.863391
1.86342
1.863441
1.863459
1.863517
1.863479
1.863449
1.863536
1.86348
1.863478
1.863473
1.863466
1.863459
1.863405
1.863398
1.863435
1.863459
1.863431
1.863442
1.86346
1.863444
1.863422
1.863487
1.863507
1.863466
1.863483
1.863453
1.863413
1.863481
1.863465
1.863456
1.863459
1.86347
1.863453
1.863498
1.863466
1.863442
1.863463
1.863477
1.863421
1.863476
1.86345
1.863414
1.863432
1.863485
1.863445
1.863458
1.863424
1.863437
1.863418
1.863426
1.863478
1.863452
1.863493
1.863464
1.863463
1.863412
1.863407
1.863472
1.863435
1.863424
1.863403
1.863386
1.863491
1.863495
1.863426
1.86345
1.863441
1.863379
1.863446
1.863467
1.863446
1.863406
1.86343
1.863438
1.863457
1.863434
1.863511
1.863438
1.863438
1.863414
1.863413
1.863445
1.863417
1.863401
1.86345
1.863431
1.86337
1.863395
1.863472
1.863421
1.863444
1.863285
1.863441
1.86338
1.863437
1.863428
1.863445
1.863405
1.863433
1.863369
1.863442
1.863376
1.863429
1.863395
1.863434
1.863376
1.863453
1.863389
1.863406
1.863342
1.863328
1.863331
1.863378
1.863393
1.863383
1.863396
1.863397
1.863383
1.863391
1.86339
1.863356
1.863342
1.863411
1.86336
1.863363
1.863361
1.863371
1.863377
1.863395
1.863384
1.863393
1.86343
1.863381
1.863375
1.863398
1.863366
1.863391
1.863312
1.863443
1.86335
1.863345
1.863387
1.863342
1.863397
1.863358
1.863404
1.86335
1.863331
1.863368
1.863365
1.863315
1.863344
1.863379
1.86328
1.863431
1.863373
1.863356
1.863404
1.863336
1.863361
1.863305
1.86335
1.863336
1.863359
1.863375
1.863388
1.86338
1.863345
1.863356
1.863305
1.863317
1.863314
1.863353
1.863334
1.863299
1.863388
1.863335
1.863383
1.86333
1.863313
1.863302
1.863326
1.863327
1.863332
1.863288
1.86333
1.863312
1.86331
1.863347
1.863367
1.863364
1.86332
1.86331
1.863346
1.863347
1.863289
1.863367
1.863385
1.863324
1.863342
1.863379
1.863342
1.863354
1.863331
1.863309
1.863389
1.863306
1.863361
1.863369
1.86335
1.863314
1.863313
1.863339
1.863319
1.863309
1.8633
1.863339
1.863375
1.863381
1.863319
1.863357
1.863312
1.863364
1.86334
1.863363
1.8633
1.863367
1.863363
1.863301
1.863337
1.863343
1.863341
1.863356
1.863284
1.863316
1.863395
1.863294
1.863341
1.863364
1.863326
1.863388
1.863353
1.863364
1.863363
1.863314
1.863326
1.863359
1.863358
1.863359
1.863328
1.863355
1.863395
1.863411
1.863381
1.863328
1.863342
1.863337
1.863368
1.863366
1.863359
1.863346
1.863408
1.863357
1.863382
1.863339
1.863296
1.863329
1.863389
1.863294
1.863323
1.86334
1.863397
1.863319
1.863392
1.863333
1.863316
1.863355
1.863404
1.863358
1.863389
1.863357
1.863329
1.863385
1.863383
1.863325
1.863312
1.86336
1.863309
1.863375
1.863361
1.863357
1.863338
1.863354
1.863375
1.863385
1.863362
1.863357
1.863349
1.863376
1.863369
1.863323
1.86338
1.863333
1.863339
1.863331
1.863362
1.863343
1.863392
1.863335
1.863325
1.863368
1.86335
1.863296
1.863362
1.863334
1.863361
1.863331
1.86339
1.863364
1.863367
1.863367
1.863321
1.863375
1.863319
1.863287
1.863302
1.863352
1.863342
1.863373
1.863375
1.863344
1.863397
1.863322
1.863378
1.863359
1.863395
1.863358
1.863356
1.86338
1.863343
1.863347
1.86334
1.863386
1.863389
1.863412
1.863352
1.863368
1.863347
1.863382
1.863348
1.86336
1.863339
1.863337
1.863364
1.863322
1.863347
1.863349
1.863306
1.863338
1.863375
1.86333
1.863364
1.863369
1.863317
1.863384
1.863314
1.863331
1.863333
1.863334
1.863315
1.863306
1.863369
1.863381
1.863342
1.863365
1.863362
1.86331
1.863303
1.863358
1.863338
1.863352
1.863347
1.863357
1.863353
1.863365
1.86332
1.863322
1.863355
1.863396
1.863319
1.863368
1.863336
1.863372
1.863383
1.863409
1.863352
1.863373
1.863329
1.863302
1.863355
1.863288
1.863349
1.863375
1.863368
1.863319
1.863376
1.863307
1.863331
1.863345
1.863371
1.86333
1.863341
1.863331
1.863411
1.863352
1.863298
1.863319
1.863352
1.863331
1.863338
1.863357
1.863325
1.863313
1.863345
1.863335
1.863315
1.863323
1.863333
1.863353
1.863312
1.863345
1.863377
1.863316
1.863335
1.863341
1.86339
1.863376
1.86338
1.863322
1.863333
1.863328
1.863313
1.863295
1.863284
1.863318
1.86338
1.863255
1.863343
1.863299
1.863258
1.863378
1.863298
1.863365
1.863362
1.863342
1.863331
1.863293
1.863333
1.86331
1.863321
1.863314
1.86327
1.863355
1.863324
1.863303
1.863359
1.863321
1.863284
1.863314
1.863332
1.863295
1.863256
1.863365
1.863287
1.863297
1.863307
1.863258
1.86331
1.863267
1.863329
1.863289
1.863261
1.863321
1.863337
1.863315
1.863335
1.863348
1.863309
1.863291
1.863303
1.863254
1.863322
1.863277
1.86338
1.863322
1.863285
1.863303
1.863299
1.863326
1.863308
1.863268
1.863349
1.863293
1.863298
1.863252
1.863325
1.863328
1.863286
1.863243
1.863326
1.863322
1.863293
1.863294
1.863299
1.863317
1.863285
1.863312
1.863265
1.863286
1.863288
1.863326
1.86334
1.863316
1.863294
1.863283
1.8633
1.863338
1.863297
1.863295
1.863287
1.863308
1.863345
1.863306
1.863285
1.863276
1.863286
1.863278
1.86324
1.863283
1.863237
1.863309
1.863317
1.86325
1.863354
1.863263
1.863363
1.863274
1.863306
1.863293
1.863286
1.863282
1.863222
1.863289
1.863276
1.863313
1.863309
1.863271
1.863312
1.863321
1.86328
1.863294
1.863277
1.863304
1.863301
1.863291
1.86332
1.863307
1.863288
1.863277
1.863338
1.863211
1.863267
1.863325
1.863262
1.863319
1.863305
1.863311
1.863291
1.863291
1.863292
1.863306
1.863318
1.863275
1.863273
1.863331
1.863308
1.863337
1.863287
1.863304
1.863303
1.863239
1.863295
1.8633
1.863327
1.863328
1.863296
1.863303
1.863318
1.863307
1.863351
1.863363
1.863323
1.863341
1.863314
1.863282
1.86327
1.863345
1.863321
1.863297
1.863271
1.863301
1.863263
1.86327
1.863332
1.863235
1.863285
1.86328
1.863268
1.863315
1.863323
1.86332
1.863298
1.863275
1.863311
1.863306
1.863247
1.863302
1.863265
1.863317
1.863364
1.863303
1.863255
1.863273
1.86329
1.863298
1.863347
1.863339
1.863297
1.863266
1.863308
1.86332
1.863299
1.863276
1.863273
1.863316
1.863311
1.863319
1.863364
1.863255
1.863301
1.863311
1.863325
1.863327
1.863323
1.863363
1.863289
1.863298
1.863318
1.863306
1.863351
1.863294
1.863295
1.863294
1.863325
1.863268
1.863268
1.863334
1.863303
1.863305
1.863283
1.863333
1.863335
1.863299
1.863318
1.863292
1.863289
1.863307
1.863336
1.863298
1.863302
1.863307
1.863303
1.863286
1.863312
1.863283
1.863275
1.863301
1.86332
1.863309
1.86333
1.86327
1.863282
1.863263
1.863287
1.863317
1.863315
1.863349
1.863301
1.863326
1.863279
1.863298
1.863234
1.863326
1.863369
1.863335
1.863347
1.863323
1.863256
1.863296
1.863299
1.863305
1.863287
1.863309
1.863269
1.863325
1.863307
1.863321
1.863342
1.863334
1.863291
1.86332
1.863305
1.863312
1.863296
1.863307
1.863337
1.863292
1.863331
1.863265
1.863292
1.863266
1.863305
1.863333
1.863303
1.863273
1.863346
1.863249
1.863307
1.863311
1.863262
1.863336
1.863306
1.863223
1.863298
1.863319
1.863239
1.863316
1.863264
1.86334
1.863336
1.86329
1.863315
1.863267
1.863301
1.863329
1.86329
1.863303
1.863282
1.86328
1.863309
1.863304
1.863237
1.863283
1.863246
1.863295
1.863303
1.863323
1.86331
1.863289
1.863382
1.863279
1.863318
1.863306
1.86332
1.863298
1.863283
1.863309
1.863253
1.863279
1.863233
1.863241
1.863264
1.863292
1.863247
1.863249
1.863283
1.863293
1.863256
1.863253
1.863281
1.863316
1.863264
1.863299
1.863312
1.863305
1.863282
1.863245
1.863255
1.863261
1.8633
1.863289
1.863221
1.863273
1.863226
1.863213
1.86326
1.86331
1.863279
1.863285
1.863242
1.863248
1.863293
1.86328
1.863329
1.863264
1.863322
1.863288
1.863268
1.863292
1.863314
1.863254
1.863272
1.863282
1.86332
1.863312
1.863233
1.863269
1.863259
1.863271
1.863345
1.86325
1.863316
1.863262
1.863256
1.863321
1.863292
1.863269
1.863268
1.863286
1.86326
1.863249
1.863283
1.863221
1.863253
1.863249
1.863253
1.863304
1.863246
1.863282
1.863271
1.863345
1.863296
1.863285
1.863268
1.86332
1.863265
1.863241
1.863321
1.863308
1.863272
1.863311
1.863316
1.863267
1.863305
1.863302
1.86326
1.863262
1.863265
1.863281
1.863238
1.863276
1.863227
1.863304
1.863277
1.863285
1.863276
1.863214
1.863262
1.863215
1.8633
1.863289
1.863279
1.863198
1.86329
1.863304
1.863262
1.863255
1.863267
1.863268
1.863235
1.863246
1.863209
1.86325
1.863233
1.863259
1.863312
1.863256
1.863272
1.863263
1.863209
1.863247
1.863268
1.863319
1.863257
1.86323
1.863261
1.863268
1.863247
1.863294
1.863286
1.863241
1.863269
1.86327
1.863272
1.863274
1.863224
1.863266
1.863249
1.863267
1.863215
1.863257
1.863209
1.863346
1.863357
1.863254
1.863214
1.863335
1.863232
1.863327
1.863247
1.863276
1.86327
1.863301
1.863285
1.863216
1.863303
1.863227
1.863269
1.863302
1.863246
1.863246
1.863225
1.863274
1.863238
1.863276
1.863254
1.863251
1.863284
1.863237
1.863279
1.863269
1.863276
1.863311
1.863302
1.86325
1.863289
1.86328
1.863285
1.863282
1.863243
1.863315
1.863221
1.863245
1.863306
1.863278
1.863218
1.863302
1.863261
1.863281
1.86327
1.863287
1.863263
1.863219
1.863289
1.863321
1.863278
1.86329
1.863284
1.863286
1.863269
1.863286
1.863246
1.863278
1.863269
1.863349
1.863255
1.863262
1.863299
1.863255
1.863255
1.863234
1.863258
1.86325
1.863298
1.863223
1.863256
1.863211
1.863284
1.86322
1.863288
1.86327
1.863285
1.863307
1.863267
1.863246
1.863279
1.863262
1.863289
1.863317
1.863277
1.863273
1.863245
1.863281
1.863268
1.863296
1.863329
1.863292
1.863247
1.863296
1.86328
1.863306
1.863271
1.863246
1.863235
1.863354
1.863245
1.863284
1.863316
1.863261
1.863204
1.863306
1.863264
1.863318
1.863288
1.86324
1.863213
1.863237
1.863256
1.86324
1.863312
1.863261
1.863265
1.863293
1.863237
1.863316
1.863266
1.863223
1.863275
1.863273
1.863289
1.863314
1.863307
1.863308
1.86326
1.863291
1.8633
1.863242
1.863283
1.863313
1.863263
1.863235
1.863255
1.863301
1.863284
1.863292
1.863273
1.863272
1.863254
1.863265
1.863277
1.863284
1.863283
1.863281
1.863266
1.863307
1.863282
1.863294
1.863237
1.863286
1.863257
1.86325
1.863285
1.863238
1.863281
1.86331
1.863302
1.863236
1.863214
1.863252
1.863247
1.863246
1.863262
1.863259
1.863233
1.863204
1.86325
1.863301
1.863255
1.863286
1.863292
1.863264
1.863249
1.863299
1.863284
1.863227
1.863258
1.863295
1.863289
1.863309
1.86327
1.863236
1.863252
1.863226
1.86324
1.863232
1.863225
1.863292
1.863266
1.863248
1.863265