0.806277
0.806248
0.80626
0.80652
0.806498
0.806316
0.806426
0.806173
0.806319
0.807118
0.807505
0.80782
0.808536
0.807921
0.807389
0.806549
0.805704
0.804889
0.804064
0.802965
0.801187
0.798877
0.796205
0.793428
0.790647
0.787307
0.783728
0.779883
0.776089
0.771942
0.767838
0.762987
0.75831
0.752784
0.74752
0.742388
0.736565
0.730345
0.723442
0.716886
0.710028
0.701524
0.693395
0.685735
0.677886
0.668892
0.659661
0.650618
0.641057
0.630482
0.620587
0.610387
0.599511
0.589031
0.577751
0.56575
0.554154
0.542455
0.530091
0.517429
0.504536
0.491436
0.479391
0.465941
0.452804
0.439096
0.425454
0.412198
0.398096
0.383597
0.368819
0.353336
0.338719
0.323675
0.308131
0.292853
0.277407
0.261757
0.246128
0.230778
0.215339
0.199829
0.183795
0.168233
0.152228
0.136712
0.12122
0.105561
0.090266
0.074635
0.059548
0.047583
0.03293
0.018143
0.003965
-0.01049
-0.025484
-0.042848
-0.05744
-0.071927
-0.086392
-0.100845
-0.114982
-0.128898
-0.142754
-0.157004
-0.171155
-0.185337
-0.199437
-0.21316
-0.226987
-0.240407
-0.253773
-0.267073
-0.280225
-0.293441
-0.305934
-0.318573
-0.330361
-0.342147
-0.354701
-0.367312
-0.379555
-0.391335
-0.403055
-0.414839
-0.426941
-0.439002
-0.450506
-0.461967
-0.473062
-0.484161
-0.495359
-0.506826
-0.517709
-0.528352
-0.539169
-0.549796
-0.559836
-0.570536
-0.579859
-0.590027
-0.600761
-0.610005
-0.61855
-0.628895
-0.638794
-0.643228
-0.652883
-0.661657
-0.673095
-0.681246
-0.689058
-0.697367
-0.704245
-0.711496
-0.718623
-0.725398
-0.733243
-0.739665
-0.746176
-0.753004
-0.758021
-0.763986
-0.76902
-0.774248
-0.779177
-0.78266
-0.786835
-0.790573
-0.794029
-0.798536
-0.801089
-0.804132
-0.806073
-0.807516
-0.809516
-0.810186
-0.811511
-0.811877
-0.811168
-0.811346
-0.811201
-0.810676
-0.810552
-0.809246
-0.808077
-0.806504
-0.804106
-0.801681
-0.79918
-0.796047
-0.792881
-0.789904
-0.786792
-0.782679
-0.778921
-0.775235
-0.770722
-0.765953
-0.761274
-0.756313
-0.750711
-0.745091
-0.739637
-0.734092
-0.728293
-0.721615
-0.714882
-0.708278
-0.70174
-0.694701
-0.687517
-0.679796
-0.672322
-0.664617
-0.656973
-0.64886
-0.640449
-0.631613
-0.62234
-0.613214
-0.604071
-0.594946
-0.585179
-0.575446
-0.565387
-0.5556
-0.545138
-0.534744
-0.524074
-0.512802
-0.501492
-0.490073
-0.478632
-0.466971
-0.454979
-0.442656
-0.430406
-0.417934
-0.405094
-0.392027
-0.37903
-0.36557
-0.351751
-0.338053
-0.323898
-0.309285
-0.294835
-0.280376
-0.265695
-0.25057
-0.235545
-0.220168
-0.204088
-0.188414
-0.172876
-0.157743
-0.141896
-0.126014
-0.110147
-0.093508
-0.076883
-0.061016
-0.042961
-0.027701
-0.010331
0.006664
0.022129
0.035199
0.053239
0.068676
0.085291
0.101491
0.118081
0.134567
0.150204
0.166687
0.182605
0.198493
0.214921
0.230997
0.246909
0.262286
0.277153
0.29224
0.306702
0.321338
0.335738
0.349848
0.36376
0.377692
0.391361
0.404533
0.417834
0.431223
0.444049
0.455803
0.467734
0.479949
0.491152
0.502486
0.514206
0.525221
0.535722
0.54588
0.556637
0.567522
0.5781
0.588137
0.597644
0.607177
0.61651
0.626049
0.635012
0.643896
0.65215
0.659972
0.667576
0.675621
0.683255
0.690958
0.698251
0.70571
0.71264
0.718946
0.725092
0.731164
0.736196
0.74173
0.746688
0.7519
0.756657
0.761318
0.765982
0.770705
0.775256
0.779117
0.782187
0.785617
0.789195
0.792273
0.794575
0.796856
0.798783
0.800313
0.801463
0.802848
0.804502
0.805201
0.805178
0.805622
0.804968
0.804297
0.803791
0.802059
0.800283
0.798774
0.796968
0.794549
0.792577
0.788873
0.785592
0.781658
0.776793
0.772979
0.768026
0.763511
0.758506
0.752304
0.746916
0.740993
0.734666
0.728874
0.721431
0.714346
0.70688
0.698742
0.691257
0.682575
0.67406
0.665699
0.65643
0.647729
0.638357
0.628801
0.619695
0.60953
0.59906
0.589137
0.578574
0.567718
0.55706
0.546679
0.535283
0.524183
0.512946
0.501546
0.490233
0.479256
0.468394
0.457072
0.44539
0.434106
0.422858
0.411032
0.399162
0.387341
0.374932
0.362694
0.350229
0.337954
0.324963
0.312375
0.299963
0.287307
0.274093
0.261118
0.248226
0.235611
0.222754
0.209592
0.196142
0.182589
0.169559
0.156162
0.143027
0.129466
0.115644
0.101749
0.088035
0.074682
0.061851
0.050375
0.036638
0.022961
0.009164
-0.004507
-0.01883
-0.034309
-0.049063
-0.064231
-0.079172
-0.093938
-0.108383
-0.123003
-0.13785
-0.152957
-0.167835
-0.183149
-0.198102
-0.21286
-0.227997
-0.243119
-0.258102
-0.273203
-0.288075
-0.302275
-0.316634
-0.331442
-0.345903
-0.360675
-0.374778
-0.389162
-0.403478
-0.417245
-0.431491
-0.444925
-0.458229
-0.471832
-0.485172
-0.499074
-0.511534
-0.523915
-0.53663
-0.548621
-0.560777
-0.572112
-0.583594
-0.594963
-0.604999
-0.615689
-0.627612
-0.63756
-0.648132
-0.658639
-0.662552
-0.671804
-0.68043
-0.688881
-0.700746
-0.708545
-0.716406
-0.723227
-0.730921
-0.737715
-0.744642
-0.751686
-0.757986
-0.763294
-0.769288
-0.774872
-0.779943
-0.78413
-0.788379
-0.792398
-0.796562
-0.800834
-0.804181
-0.807372
-0.810204
-0.813034
-0.815464
-0.817522
-0.818928
-0.820323
-0.821386
-0.822599
-0.823061
-0.823106
-0.822652
-0.822744
-0.822554
-0.822645
-0.821909
-0.820757
-0.819083
-0.817603
-0.816018
-0.814294
-0.812184
-0.809132
-0.805849
-0.802863
-0.800043
-0.796587
-0.792607
-0.787963
-0.783613
-0.779195
-0.774174
-0.768786
-0.763411
-0.757726
-0.751053
-0.744175
-0.73763
-0.730916
-0.723434
-0.71544
-0.707596
-0.699063
-0.6902
-0.681771
-0.672464
-0.663017
-0.65365
-0.643782
-0.633216
-0.622735
-0.611504
-0.60038
-0.589184
-0.577357
-0.565693
-0.552838
-0.54026
-0.527954
-0.514793
-0.502068
-0.48928
-0.475686
-0.462194
-0.448595
-0.434808
-0.42126
-0.406906
-0.393023
-0.378395
-0.364022
-0.34953
-0.334847
-0.320266
-0.305468
-0.290467
-0.276199
-0.261232
-0.245844
-0.230933
-0.215937
-0.200537
-0.185716
-0.170919
-0.156354
-0.141911
-0.127518
-0.113033
-0.097645
-0.083088
-0.06916
-0.054472
-0.039423
-0.024139
-0.009632
0.004667
0.018193
0.031578
0.045485
0.057572
0.072776
0.086911
0.100478
0.113835
0.127514
0.141292
0.154671
0.168016
0.181107
0.194476
0.207576
0.221106
0.234829
0.248283
0.261357
0.274085
0.286873
0.29985
0.312476
0.325277
0.337435
0.349671
0.361859
0.374224
0.386023
0.398212
0.410489
0.422892
0.434964
0.446576
0.457866
0.469265
0.480739
0.49176
0.502837
0.5141
0.525178
0.535668
0.546695
0.558275
0.569227
0.579624
0.590154
0.600398
0.610356
0.620636
0.630595
0.639874
0.649358
0.658614
0.667319
0.676488
0.684797
0.693294
0.701672
0.708461
0.716118
0.723413
0.729667
0.736066
0.741344
0.747273
0.753862
0.759194
0.765261
0.769458
0.77373
0.778511
0.782283
0.786831
0.790083
0.792724
0.79535
0.797191
0.799381
0.802115
0.80311
0.804654
0.805859
0.806092
0.80679
0.806824
0.805987
0.805872
0.805045
0.804238
0.802724
0.801503
0.799931
0.797044
0.794155
0.791508
0.788479
0.784959
0.781777
0.77854
0.77476
0.77067
0.766702
0.762301
0.757989
0.753308
0.74816
0.742686
0.737079
0.731246
0.726199
0.719762
0.712694
0.705778
0.69834
0.691209
0.684078
0.676924
0.669789
0.66197
0.654054
0.64528
0.636931
0.628401
0.618611
0.60873
0.598958
0.589428
0.57955
0.569043
0.55824
0.547392
0.536651
0.525453
0.514011
0.502282
0.490813
0.479263
0.467126
0.454764
0.442417
0.430199
0.416983
0.403812
0.390297
0.375718
0.361179
0.346816
0.333032
0.317693
0.30258
0.287501
0.272125
0.257327
0.24147
0.225156
0.209206
0.192687
0.176757
0.160773
0.144457
0.128435
0.112068
0.095716
0.079405
0.063523
0.049297
0.033859
0.018104
0.002148
-0.014095
-0.030323
-0.047996
-0.06487
-0.081131
-0.096782
-0.112719
-0.128964
-0.144921
-0.160673
-0.176744
-0.192029
-0.207105
-0.222693
-0.238032
-0.253121
-0.268046
-0.282447
-0.29648
-0.310762
-0.32565
-0.339162
-0.352443
-0.366022
-0.379057
-0.391769
-0.404545
-0.417546
-0.430298
-0.442744
-0.454545
-0.465889
-0.47754
-0.489669
-0.501129
-0.511849
-0.522507
-0.533314
-0.543615
-0.55392
-0.563708
-0.573561
-0.583297
-0.592545
-0.601623
-0.611431
-0.620825
-0.62915
-0.638673
-0.647059
-0.650798
-0.659172
-0.666591
-0.673561
-0.684755
-0.69228
-0.699915
-0.705812
-0.712219
-0.718466
-0.725422
-0.731817
-0.738025
-0.743909
-0.74952
-0.755551
-0.760413
-0.764867
-0.769731
-0.774236
-0.777826
-0.781209
-0.785094
-0.789022
-0.792211
-0.795455
-0.79818
-0.799988
-0.802462
-0.804518
-0.80515
-0.806178
-0.8067
-0.805876
-0.805815
-0.805786
-0.805514
-0.805538
-0.804305
-0.802747
-0.801192
-0.798437
-0.796756
-0.79367
-0.790534
-0.787564
-0.783535
-0.779816
-0.775872
-0.771443
-0.767503
-0.762228
-0.757392
-0.751929
-0.745773
-0.740025
-0.733399
-0.727056
-0.720876
-0.713717
-0.705996
-0.698644
-0.690718
-0.683061
-0.675335
-0.666807
-0.658824
-0.650846
-0.641777
-0.632437
-0.623454
-0.614178
-0.604515
-0.594925
-0.585239
-0.575173
-0.564891
-0.554335
-0.54424
-0.533706
-0.523395
-0.512873
-0.502463
-0.491797
-0.48087
-0.469459
-0.458244
-0.447174
-0.43552
-0.42423
-0.412611
-0.400669
-0.388782
-0.377296
-0.36563
-0.353792
-0.34158
-0.329167
-0.316605
-0.303895
-0.291367
-0.278521
-0.26529
-0.25199
-0.238631
-0.224776
-0.211192
-0.197969
-0.184326
-0.170551
-0.156784
-0.142924
-0.129136
-0.114919
-0.100496
-0.086438
-0.072285
-0.057273
-0.041717
-0.025436
-0.010002
0.004578
0.019275
0.033654
0.049005
0.062448
0.078589
0.094335
0.109606
0.12534
0.141157
0.156328
0.171897
0.188073
0.20391
0.22026
0.23621
0.251961
0.26734
0.28233
0.297768
0.313129
0.32756
0.34262
0.357045
0.371431
0.386029
0.400667
0.415355
0.429314
0.442727
0.456403
0.469183
0.482757
0.495439
0.507454
0.519797
0.53178
0.543747
0.556427
0.568347
0.57982
0.591316
0.601993
0.612819
0.623657
0.633814
0.643634
0.6533
0.662743
0.671712
0.680606
0.689836
0.698106
0.70591
0.713589
0.721125
0.728119
0.734561
0.741158
0.747284
0.752569
0.758171
0.763312
0.768817
0.77428
0.779692
0.78414
0.788193
0.791954
0.796203
0.800018
0.803702
0.806693
0.80896
0.810832
0.812932
0.815028
0.817325
0.819017
0.819908
0.820537
0.821306
0.822001
0.82235
0.822485
0.821989
0.821289
0.820606
0.81972
0.818431
0.816622
0.814539
0.812814
0.810496
0.807194
0.803365
0.800136
0.796499
0.792145
0.787645
0.783344
0.778696
0.773215
0.767812
0.762463
0.75596
0.749531
0.743126
0.736234
0.728929
0.721616
0.713245
0.70447
0.695766
0.686186
0.677627
0.669048
0.659344
0.649841
0.639112
0.628094
0.616838
0.605762
0.594905
0.582922
0.571282
0.559313
0.546651
0.534586
0.52222
0.509831
0.497472
0.484584
0.472009
0.458695
0.44534
0.432725
0.419647
0.405779
0.392419
0.378059
0.364018
0.350164
0.336494
0.32214
0.307751
0.293491
0.279151
0.265481
0.251183
0.236264
0.222252
0.208
0.193286
0.178551
0.164786
0.150844
0.136702
0.122574
0.108854
0.095563
0.081933
0.06863
0.05426
0.043805
0.030035
0.016706
0.003796
-0.009393
-0.021709
-0.038669
-0.051871
-0.065406
-0.078487
-0.091754
-0.10551
-0.119316
-0.132566
-0.146268
-0.160251
-0.173646
-0.186943
-0.200109
-0.213258
-0.226772
-0.240147
-0.253364
-0.266259
-0.278927
-0.291491
-0.304511
-0.318173
-0.331227
-0.344027
-0.356758
-0.369519
-0.382198
-0.394746
-0.407652
-0.420199
-0.432169
-0.4447
-0.457361
-0.469985
-0.482493
-0.495253
-0.506603
-0.518228
-0.529814
-0.540409
-0.552064
-0.563166
-0.573337
-0.584328
-0.595464
-0.605543
-0.616354
-0.626411
-0.63123
-0.640978
-0.649547
-0.658962
-0.671656
-0.679265
-0.688056
-0.694859
-0.702298
-0.710795
-0.717747
-0.725348
-0.731346
-0.737166
-0.744513
-0.749693
-0.755532
-0.760432
-0.764506
-0.769577
-0.77413
-0.777865
-0.782389
-0.785588
-0.788741
-0.792063
-0.794731
-0.796256
-0.798385
-0.799254
-0.800054
-0.800777
-0.801997
-0.802131
-0.802368
-0.802659