222.754
222.887
223.113
223.441
223.679
223.839
223.908
223.966
223.996
224.007
224.008
224.01
224.023
224.04
224.053
224.044
224.035
224.031
224.037
224.036
224.032
224.028
224.03
224.033
224.038
224.042
224.047
224.05
224.049
224.045
224.04
224.039
224.037
224.034
224.026
224.021
224.023
224.03
224.032
224.032
224.03
224.031
224.029
224.021
224.018
224.021
224.028
224.035
224.037
224.038
224.039
224.046
224.051
224.049
224.044
224.041
224.042
224.041
224.031
224.024
224.021
224.029
224.037
224.043
224.043
224.037
224.035
224.036
224.044
224.049
224.048
224.038
224.029
224.029
224.036
224.043
224.044
224.04
224.037
224.036
224.04
224.035
224.024
224.009
224.005
224.008
224.012
224.01
224.007
224.007
224.018
224.025
224.028
224.015
224.01
224.006
224.009
224.007
224.005
224.009
224.016
224.019
224.016
224.007
224
223.99
223.985
223.979
223.984
223.99
223.997
224.003
224.006
224.01
224.01
224.007
224
223.993
223.991
223.99
223.988
223.988
223.989
223.995
223.993
223.992
223.988
223.991
223.99
223.988
223.985
223.986
223.989
223.988
223.983
223.98
223.98
223.981
223.974
223.973
223.972
223.979
223.976
223.975
223.968
223.967
223.969
223.972
223.979
223.976
223.974
223.968
223.974
223.978
223.979
223.973
223.971
223.968
223.965
223.959
223.96
223.965
223.971
223.972
223.97
223.97
223.97
223.971
223.977
223.985
223.99
223.987
223.982
223.973
223.973
223.97
223.978
223.982
223.987
223.983
223.974
223.965
223.96
223.96
223.964
223.964
223.963
223.959
223.959
223.956
223.955
223.955
223.957
223.961
223.965
223.976
223.986
223.989
223.984
223.974
223.965
223.955
223.948
223.946
223.949
223.956
223.961
223.963
223.967
223.971
223.97
223.964
223.958
223.956
223.955
223.957
223.961
223.967
223.967
223.968
223.969
223.971
223.968
223.966
223.966
223.967
223.959
223.957
223.956
223.96
223.957
223.953
223.952
223.955
223.954
223.953
223.95
223.954
223.952
223.952
223.948
223.954
223.959
223.965
223.964
223.961
223.958
223.952
223.952
223.948
223.948
223.941
223.94
223.942
223.952
223.959
223.962
223.963
223.966
223.968
223.964
223.955
223.947
223.946
223.949
223.953
223.958
223.967
223.973
223.976
223.971
223.966
223.957
223.957
223.959
223.964
223.96
223.957
223.96
223.968
223.973
223.971
223.968
223.966
223.962
223.958
223.953
223.954
223.95
223.948
223.944
223.951
223.959
223.967
223.969
223.966
223.96
223.951
223.948
223.951
223.957
223.965
223.968
223.97
223.967
223.963
223.959
223.958
223.961
223.972
223.974
223.976
223.968
223.97
223.965
223.964
223.955
223.949
223.942
223.94
223.94
223.939
223.939
223.943
223.95
223.955
223.958
223.96
223.964
223.961
223.958
223.951
223.95
223.952
223.953
223.952
223.954
223.96
223.967
223.968
223.966
223.966
223.972
223.979
223.978
223.973
223.967
223.962
223.96
223.958
223.957
223.952
223.949
223.95
223.957
223.962
223.964
223.966
223.969
223.97
223.967
223.967
223.965
223.964
223.957
223.951
223.95
223.954
223.964
223.97
223.976
223.976
223.976
223.97
223.967
223.967
223.962
223.959
223.956
223.964
223.972
223.975
223.971
223.966
223.966
223.97
223.975
223.977
223.977
223.972
223.962
223.95
223.947
223.955
223.966
223.974
223.975
223.972
223.966
223.955
223.953
223.952
223.959
223.962
223.966
223.965
223.96
223.953
223.949
223.952
223.958
223.959
223.958
223.957
223.963
223.964
223.97
223.969
223.968
223.958
223.955
223.959
223.965
223.969
223.964
223.965
223.961
223.959
223.955
223.958
223.966
223.978
223.986
223.989
223.985
223.985
223.984
223.981
223.976
223.971
223.974
223.968
223.967
223.96
223.964
223.968
223.978
223.985
223.983
223.979
223.971
223.961
223.95
223.941
223.949
223.962
223.981
223.984
223.982
223.972
223.968
223.962
223.959
223.954
223.95
223.952
223.959
223.973
223.977
223.974
223.969
223.965
223.965
223.959
223.96
223.959
223.964
223.965
223.967
223.961
223.952
223.941
223.941
223.944
223.951
223.949
223.944
223.941
223.946
223.95
223.954
223.959
223.968
223.969
223.965
223.957
223.954
223.957
223.962
223.966
223.96
223.957
223.955
223.959
223.955
223.957
223.957
223.962
223.956
223.952
223.947
223.949
223.949
223.95
223.95
223.953
223.952
223.954
223.949
223.949
223.947
223.951
223.951
223.95
223.948
223.947
223.945
223.947
223.949
223.953
223.958
223.96
223.962
223.959
223.957
223.954
223.954
223.953
223.956
223.961
223.968
223.967
223.967
223.96
223.959
223.956
223.953
223.949
223.945
223.948
223.948
223.949
223.951
223.952
223.947
223.938
223.931
223.929
223.93
223.935
223.947
223.961
223.966
223.964
223.955
223.947
223.941
223.94
223.948
223.962
223.976
223.976
223.967
223.957
223.95
223.941
223.931
223.927
223.932
223.938
223.947
223.949
223.951
223.945
223.943
223.943
223.949
223.955
223.955
223.949
223.945
223.948
223.953
223.952
223.948
223.944
223.944
223.941
223.937
223.934
223.943
223.95
223.957
223.953
223.951
223.942
223.937
223.934
223.941
223.952
223.964
223.969
223.97
223.966
223.964
223.957
223.953
223.948
223.948
223.948
223.945
223.94
223.937
223.933
223.934
223.935
223.936
223.936
223.933
223.934
223.936
223.935
223.937
223.938
223.943
223.94
223.944
223.943
223.95
223.946
223.948
223.945
223.947
223.947
223.953
223.961
223.966
223.96
223.948
223.937
223.935
223.938
223.942
223.946
223.951
223.958
223.962
223.965
223.96
223.951
223.944
223.945
223.951
223.953
223.95
223.944
223.942
223.939
223.942
223.941
223.945
223.947
223.946
223.941
223.935
223.934
223.936
223.935
223.939
223.941
223.945
223.938
223.939
223.942
223.964
223.976
223.983
223.966
223.952
223.944
223.949
223.955
223.963
223.967
223.964
223.96
223.959
223.959
223.959
223.958
223.959
223.955
223.946
223.947
223.95
223.958
223.96
223.96
223.955
223.952
223.948
223.95
223.951
223.953
223.952
223.944
223.94
223.937
223.947
223.949
223.954
223.947
223.945
223.942
223.941
223.944
223.943
223.946
223.945
223.948
223.942
223.94
223.936
223.939
223.946
223.949
223.949
223.941
223.945
223.953
223.965
223.966
223.964
223.964
223.959
223.95
223.937
223.938
223.945
223.949
223.946
223.943
223.947
223.949
223.946
223.941
223.945
223.95
223.955
223.951
223.942
223.933
223.935
223.944
223.952
223.953
223.95
223.946
223.943
223.947
223.953
223.956
223.953
223.949
223.947
223.946
223.945
223.949
223.954
223.96
223.956
223.952
223.946
223.947
223.945
223.945
223.945
223.948
223.948
223.947
223.944
223.945
223.949
223.956
223.962
223.964
223.956
223.95
223.939
223.938
223.937
223.944
223.951
223.958
223.956
223.951
223.942
223.941
223.943
223.943
223.945
223.944
223.948
223.945
223.942
223.938
223.935
223.936
223.935
223.94
223.939
223.945
223.949
223.953
223.947
223.943
223.947
223.952
223.951
223.943
223.939
223.941
223.946
223.948
223.948
223.95
223.951
223.956
223.957
223.958
223.952
223.949
223.946
223.946
223.942
223.941
223.943
223.943
223.936
223.925
223.922
223.925
223.929
223.93
223.935
223.94
223.947
223.948
223.949
223.943
223.942
223.936
223.935
223.927
223.927
223.929
223.938
223.943
223.946
223.941
223.937
223.934
223.941
223.943
223.947
223.948
223.954
223.953
223.951
223.943
223.938
223.936
223.941
223.947
223.951
223.953
223.955
223.951
223.95
223.947
223.947
223.941
223.935
223.932
223.938
223.941
223.945
223.944
223.945
223.946
223.947
223.942
223.937
223.937
223.946
223.955
223.956
223.95
223.944
223.946
223.946
223.94
223.933
223.934
223.939
223.94
223.933
223.932
223.932
223.938
223.938
223.94
223.934
223.932
223.928
223.933
223.938
223.944
223.943
223.941
223.941
223.946
223.949
223.952
223.95
223.947
223.94
223.938
223.933
223.929
223.925
223.934
223.944
223.954
223.948
223.938
223.923
223.919
223.925
223.937
223.944
223.94
223.931
223.927
223.928
223.935
223.938
223.938
223.933
223.932
223.937
223.946
223.95
223.949
223.942
223.94
223.936
223.931
223.924
223.922
223.927
223.932
223.941
223.939
223.939
223.933
223.936
223.935
223.931
223.924
223.925
223.931
223.934
223.935
223.937
223.943
223.943
223.944
223.944
223.946
223.948
223.946
223.941
223.933
223.924
223.922
223.925
223.934
223.941
223.945
223.942
223.935
223.93
223.927
223.922
223.92
223.919
223.928
223.932
223.938
223.941
223.942
223.94
223.936
223.938
223.938
223.936
223.931
223.928
223.932
223.933
223.932
223.927
223.929
223.935
223.936
223.935
223.931
223.932
223.927
223.925
223.925
223.936
223.942
223.948
223.96
223.976
223.988
223.973
223.958
223.942
223.949
223.956
223.963
223.96
223.952
223.951
223.955
223.96
223.959
223.952
223.945
223.937
223.935
223.931
223.934
223.934
223.931
223.925
223.923
223.927
223.935
223.942
223.945
223.939
223.934
223.927
223.923
223.92
223.916
223.921
223.921
223.922
223.921
223.924
223.927
223.925
223.922
223.928
223.938
223.945
223.94
223.935
223.935
223.941
223.938
223.933
223.927
223.932
223.935
223.94
223.942
223.949
223.955
223.955
223.949
223.944
223.941
223.944
223.942
223.943
223.943
223.946
223.947
223.949
223.952
223.956
223.959
223.958
223.954
223.956
223.954
223.952
223.94
223.932
223.928
223.924
223.925
223.925
223.936
223.941
223.943
223.938
223.937
223.937
223.937
223.937
223.936
223.938
223.938
223.939
223.939
223.94
223.941
223.944
223.945
223.944
223.94
223.939
223.937
223.94
223.943
223.95
223.955
223.957
223.955
223.942
223.934
223.931
223.944
223.949
223.947
223.938
223.935
223.935
223.933
223.929
223.928
223.929
223.93
223.932
223.936
223.94
223.936
223.932
223.933
223.94
223.943
223.936
223.929
223.923
223.929
223.929
223.933
223.933
223.94
223.94
223.937
223.923
223.915
223.917
223.921
223.925
223.918
223.915
223.915
223.921
223.926
223.93
223.936
223.938
223.937
223.927
223.923
223.924
223.935
223.942
223.945
223.941
223.933