2.372111893
2.372111893
2.371745374
2.362704568
2.362268236
2.355286919
2.353244884
2.35354159
2.345949407
2.330817403
2.314114602
2.296382057
2.275822078
2.257373948
2.238227686
2.221699418
2.206165988
2.190876903
2.171573562
2.150961223
2.128708275
2.111883301
2.096943283
2.080223029
2.062769736
2.045927309
2.026501794
2.00686684
1.985032771
1.968801209
1.952674367
1.940352343
1.92300377
1.905288678
1.887137254
1.868200431
1.846191829
1.823554909
1.808387998
1.788979937
1.763044344
1.740163077
1.722674878
1.707263621
1.69199199
1.671135305
1.653524933
1.633261661
1.613504534
1.596592293
1.576346474
1.558369583
1.527791414
1.506149331
1.489254544
1.471626719
1.455622049
1.437627705
1.417888031
1.396787
1.3771695
1.363067239
1.342524714
1.32278504
1.304406723
1.282467934
1.262047582
1.242028656
1.231120348
1.214016121
1.192269319
1.172023499
1.153435743
1.135668291
1.118180092
1.097009248
1.077287028
1.060217707
1.044073412
1.028731968
1.009620612
0.9892700733
0.9729337915
0.9542238619
0.9358804515
0.9166818297
0.8989318312
0.8792968772
0.858405286
0.8350876872
0.8201302155
0.8087506688
0.7909657637
0.7705105049
0.7517656687
0.7327066733
0.7130891725
0.6960023991
0.6829996962
0.6639232475
0.642298618
0.6193824449
0.6031159763
0.5863957221
0.5703910528
0.5547354495
0.5351703085
0.517175964
0.4978726224
0.4799829976
0.4610636285
0.445041506
0.4285830511
0.407813633
0.387288561
0.3668507555
0.3497988887
0.3341956452
0.3181560693
0.2970375854
0.2778738702
0.2574884245
0.2383770692
0.221360109
0.2065422637
0.1878672407
0.1688431518
0.1496270768
0.1311963999
0.1160120354
0.103759824
0.08922123136
0.07616616856
0.06225589442
0.0452563875
0.03495894492
0.03883357586
0.05328490206
0.06979571679
0.08733627577
0.1128529894
0.1298874029
0.1410400569
0.1575683249
0.1798212728
0.1914102591
0.2117084383
0.2312212193
0.2510307063
0.268850518
0.286216544
0.3001093649
0.322432126
0.3444058213
0.3650007065
0.3811973619
0.3933623068
0.413538313
0.4374493237
0.4590739532
0.4763876193
0.4946786699
0.5098281278
0.5278050191
0.5482428246
0.5691518691
0.5898340207
0.6039188278
0.6203772826
0.6369579105
0.6544635629
0.6767339642
0.6979920745
0.7139443838
0.7302981189
0.745814096
0.7668976733
0.7856076029
0.804649145
0.8225911298
0.8383514529
0.8580736735
0.879227064
0.8972039553
0.9154950058
0.9344492815
0.9534035572
0.9701063581
0.9884323153
1.007473857
1.022989834
1.040792193
1.058210579
1.079468689
1.099505069
1.120222127
1.138059392
1.152859784
1.169946557
1.186876251
1.206912631
1.229235392
1.251872313
1.266131653
1.280670245
1.297268326
1.317583959
1.33290795
1.352420731
1.373364682
1.392406224
1.411535033
1.427853861
1.450386062
1.471679079
1.489621063
1.506428584
1.525941365
1.545297066
1.564356062
1.580221105
1.609106304
1.631132359
1.649283783
1.665707332
1.683823849
1.707036728
1.725816471
1.745276892
1.763986822
1.780026398
1.796380133
1.813833425
1.83161833
1.852841534
1.874117097
1.891744923
1.907295807
1.922619797
1.938921173
1.957666009
1.975625447
1.995260401
2.014685915
2.029643387
2.045368804
2.065632076
2.087745398
2.1068393
2.123053409
2.141972778
2.160106749
2.176984083
2.195973265
2.218243666
2.234562495
2.248542582
2.266920899
2.286974732
2.308459735
2.327605997
2.345233822
2.364065925
2.3806291
2.399304123
2.421347631
2.440598613
2.456498562
2.470181944
2.48452855
2.50870136
2.523030513
2.543503226
2.560572546
2.576489948
2.594554106
2.615306071
2.635848596
2.653301889
2.67281467
2.691786399
2.707284923
2.726815157
2.747148243
2.764880788
2.782613333
2.800066626
2.817345385
2.837818097
2.859128567
2.874749264
2.892621436
2.908277039
2.92916863
2.951316859
2.969730082
2.987706973
3.000011545
3.017778996
3.034743597
3.055146496
3.074694183
3.096423533
3.113510306
3.126966794
3.139149193
3.122603471
3.102706718
3.082321272
3.061866013
3.04175982
3.025249006
3.009785388
2.990569313
2.969625362
2.948227626
2.925171826
2.902657079
2.887001476
2.867628321
2.851763278
2.832250497
2.805250253
2.785370953
2.767778034
2.747846374
2.727914714
2.70817504
2.685904639
2.667281976
2.651608919
2.637576472
2.622514281
2.603298206
2.583977411
2.563888671
2.544498063
2.529435872
2.513466109
2.496606229
2.476709475
2.457528307
2.437474473
2.418712184
2.402899501
2.387819856
2.37055855
2.352529299
2.330171631
2.310589037
2.293764063
2.276328224
2.260899513
2.241316919
2.218871985
2.200738014
2.186688113
2.168990475
2.152008421
2.130087086
2.115705573
2.095721553
2.080432468
2.060919687
2.044548499
2.023744174
2.003463448
1.98402048
1.970110206
1.956095212
1.939060799
1.920158883
1.903159376
1.884746153
1.870940598
1.852091042
1.824863906
1.802960024
1.781021235
1.761927333
1.741384808
1.722360719
1.7050296
1.688379159
1.66909327
1.649458316
1.63203993
1.614237572
1.595178576
1.573047802
1.548613192
1.531247166
1.512537236
1.494455625
1.473319688
1.455534783
1.43404978
1.417329526
1.400940884
1.384081003
1.362020042
1.342489807
1.320934991
1.304110017
1.287546842
1.272571918
1.255083718
1.231993012
1.210857075
1.190000391
1.173786282
1.155303245
1.139490562
1.12023958
1.100011214
1.080707873
1.060374787
1.043061121
1.028016383
1.011592834
0.9937381162
0.9750805465
0.9569640289
0.9368752892
0.9194045434
0.9001884683
0.8842361589
0.8646361114
0.8434652676
0.8205490945
0.8040906397
0.7899185662
0.7720987545
0.7558671925
0.7330731924
0.713298612
0.6966307176
0.6797184772
0.6650751648
0.647604419
0.6276727589
0.6058910498
0.5872509334
0.5685060973
0.553513719
0.53597316
0.5178217358
0.4988849134
0.4808905688
0.4591786729
0.4416555672
0.4274485871
0.4109377724
0.3888419041
0.3687880709
0.3496243558
0.3308795196
0.3154682623
0.2961649208
0.2770361122
0.2584134491
0.2385516022
0.2222327737
0.2040813494
0.1849176342
0.167778501
0.1493478241
0.1329242758
0.1214749159
0.1088561854
0.091943945
0.07189011189
0.05689773362
0.04820599394
0.0356919832
0.03879866927
0.0534245284
0.07342600163
0.09452703229
0.1142317995
0.1276882881
0.1403419252
0.153815867
0.1714087858
0.1936617338
0.2131396083
0.2290919176
0.2482032729
0.2679604001
0.2908591198
0.3076142807
0.3236538565
0.3429048381
0.3606897432
0.3794345794
0.3980223359
0.416644999
0.4380950955
0.4554785749
0.4726002549
0.4915196239
0.5128126408
0.5340707511
0.5523094418
0.5659928231
0.582154572
0.5993635184
0.6194871647
0.6407103684
0.6603627758
0.676245272
0.692057955
0.7090400086
0.7274183256
0.7466344007
0.7670198464
0.7857472292
0.8046840516
0.8200254958
0.8361348848
0.856555237
0.8764170839
0.8968025296
0.9143081819
0.930539744
0.9495289263
0.9680294163
0.9855350687
1.004436985
1.02216953
1.04327056
1.059606842
1.075140273
1.092366672
1.114253101
1.134045135
1.149421485
1.166543165
1.185619614
1.202828561
1.224714989
1.243931064
1.265381161
1.284387797
1.29871695
1.314721619
1.327776682
1.346818224
1.367395656
1.390137296
1.412320431
1.427452435
1.442601893
1.465797319
1.487561575
1.506847463
1.525347953
1.545768305
1.562732906
1.576171941
1.606313777
1.628584178
1.649859742
1.666859249
1.68504558
1.70789194
1.72771888
1.746446263
1.761630627
1.776762632
1.794058845
1.816695765
1.837081211
1.853504759
1.870085387
1.88589807
1.902094725
1.921083908
1.942464191
1.959934937
1.975503274
1.990670185
2.008542356
2.029451401
2.050098646
2.068319883
2.088077011
2.101620765
2.121133547
2.13965149
2.159024645
2.178485066
2.194280295
2.211820854
2.231438355
2.249450153
2.268683681
2.28659076
2.305213423
2.321881317
2.341778071
2.361796997
2.380855993
2.398640898
2.414540847
2.429480865
2.445782241
2.465731354
2.486291333
2.504163504
2.523100327
2.538581397
2.55572053
2.573924314
2.59308803
2.613525835
2.633963641
2.650614082
2.669428731
2.690320322
2.703951344
2.721579169
2.743430691
2.762367514
2.781880295
2.797884964
2.813418394
2.829545237
2.851780731
2.871380779
2.892656342
2.909219517
2.923793016
2.94194444
2.962050633
2.982296453
3.000692223
3.017237944
3.034080372
3.0503992
3.067643053
3.088953523
3.10897245
3.12757766
3.137840196
3.123161977
3.109007356
3.08877899
3.068061932
3.047275061
3.026749989
3.008144779
2.991389618
2.975000976
2.952713122
2.926149211
2.902255653
2.884802361
2.86947837
2.851257133
2.829265984
2.8081475
2.789193224
2.767743128
2.748369973
2.729834576
2.708367027
2.688714619
2.671994365
2.657473226
2.640211919
2.620315166
2.602774607
2.58296512
2.566873184
2.552055339
2.533834101
2.513326483
2.492557065
2.473882042
2.459936861
2.445834601
2.429812478
2.408083129
2.385184409
2.367766023
2.351394835
2.331899507
2.314201868
2.293135744
2.272872472
2.259625423
2.24079332
2.224771198
2.207719331
2.188852322
2.169095194
2.150542344
2.131500802
2.11516452
2.09978817
2.080292842
2.06140838
2.039085618
2.023412562
2.00972918
1.993323085
1.972920186
1.95586832
1.937245657
1.92167732
1.906056623
1.890209033
1.874012378
1.855040649
1.825143159
1.802401519
1.782609485
1.763428316
1.744474041
1.725676845
1.710125961
1.690909886
1.671815984
1.650522967
1.632511169
1.61921176
1.602439146
1.581285756
1.558404489
1.53243399
1.516097708
1.497701938
1.478381143
1.461940141
1.440856564
1.420523478
1.400295112
1.38258002
1.369123532
1.347673435
1.327305443
1.306832731
1.286307659
1.267423196
1.249969904
1.23717664
1.219950241
1.197452947
1.176700982
1.158444838
1.141218438
1.122665588
1.10454907
1.084687224
1.065244256
1.04480645
1.029744259
1.013565057
0.9971764148
0.9767735159
0.9574527211
0.9387253382
0.9193696368
0.8999964821
0.8841314392
0.8627511558
0.8409519935
0.8237255938
0.809361534
0.7905294314
0.7734252047
0.7552737805
0.7376110485
0.7166321909
0.7001039229
0.6866474343
0.6649355384
0.6446199059
0.6224193178
0.60583869
0.592713814
0.5768662244
0.5571963637
0.5359208001
0.5166349119
0.5002986301
0.4865977955
0.4694412089
0.4477991262
0.4297873283
0.4068711552
0.3874281874
0.3732561138
0.3550348764
0.333829126
0.3160965808
0.2959031214
0.2785021887
0.2586403419
0.2440493893
0.2256885256
0.2041686159
0.1852667001
0.1688256985
0.1538333203
0.1414589359
0.1239532835
0.1061160185
0.08677777041
0.07311184237
0.06051056517
0.04607669225
0.03595378259
0.0403694656
0.05396558047
0.07227408433
0.09883799554
0.112172311
0.1265363708
0.1335525944
0.1499935959
0.1759117353
0.1918989513
0.2114466389
0.2305405409
0.2482730861
0.2658136451
0.2837905364
0.3025353725
0.3239331092
0.3429222914
0.3592760265
0.3765198795
0.3933099469
0.4123514891
0.4301014876
0.4533318199
0.4723908153
0.4900186408
0.5081875183
0.5250648522
0.5455899242
0.5664291554
0.5859942964
0.6017720728
0.6169913439
0.633170546
0.6530323929
0.673679638
0.693611298
0.7092145415
0.7251493976
0.7423408908
0.7625867101
0.7834259413
0.8034274146
0.8208283472
0.8373217086
0.8538325234
0.8744274085
0.8937132968
0.9143256352
0.9309935296
0.948795888
0.9648354638
0.9832486874
1.000248194
1.020982706
1.038750158
1.055418052
1.07496574
1.095368639
1.114375274
1.13332955
1.150992282
1.165426155
1.182687461
1.203212533
1.224191391
1.244367397
1.257387553
1.274072901
1.294842319
1.313744235
1.330255049
1.349750377
1.366139019
1.383121072
1.405094768
1.429267578
1.449269051
1.467036503
1.481435469
1.498208083
1.514963244
1.538717175
1.562348933
1.576521007
1.597080985
1.624116135
1.644553941
1.665899318
1.685499365
1.708014113
1.723442823
1.739622025
1.756115387
1.773952652
1.792470595
1.814775903
1.831688143
1.847919705
1.864517787
1.880731895
1.900925355
1.919792364
1.938781546
1.956653718
1.972082428
1.987598405
2.003725248
2.023674361
2.046241468
2.064392893
2.083224995
2.101882565
2.117311275
2.134101343
2.152776366
2.173144358
2.196392144
2.209272674
2.225434423
2.243201874
2.263081175
2.282890662
2.301548231
2.320048721
2.33917753
2.359283723
2.376161057
2.394103042
2.414436127
2.433931455
2.447003971
2.462310509
2.478995856
2.500725206
2.519347869
2.539419155
2.556977167
2.574517726
2.589876624
2.608691273
2.630856955
2.650963148
2.667927748
2.68702165
2.702956506
2.719851293
2.740673071
2.763152912
2.78111235
2.794830638
2.811620705
2.8309415
2.850087762
2.870019422
2.888816618
2.9051529
2.922780725
2.944283182
2.960828903
2.981022362
2.995491142
3.013921819
3.031322751
3.050102494
3.070505393
3.090332333
3.106371909
3.120072744
3.137211877
3.124732773
3.10478366
3.088534644
3.070138874
3.052720488
3.037448857
3.011460905
2.990639127
2.971545225
2.953166908
2.938296702
2.908992624
2.889706736
2.869146757
2.851134959
2.831918884
2.810678227
2.794481572
2.775003698
2.749661517
2.730131282
2.713271402
2.697999771
2.675694463
2.658258624
2.640805331
2.621100564
2.60146561
2.585268955
2.569683164
2.55291055
2.533205783
2.514059521
2.494215127
2.476779288
2.462013803
2.448487501
2.430964395
2.412376639
2.390123691
2.368708501
2.350941049
2.335948671
2.318233579
2.298057573
2.280098135
2.261161312
2.243271688
2.225486783
2.207143372
2.191924101
2.176041605
2.157000063
2.137242936
2.116787677
2.10116698
2.084446726
2.068284977
2.049295795
2.028159857
2.005557843
1.991996635
1.975503274
1.959393885
1.943546295
1.924714193
1.908604804
1.891448217
1.874832682
1.857344483
1.830274427
1.809173396
1.785402012
1.762538198
1.746481169
1.728643904
1.711452411
1.693615146
1.673404234
1.652966428
1.636665053
1.621951927
1.605790178
1.581948981
1.557182759
1.536326074
1.518261916
1.500913344
1.481540189
1.461678342
1.440402778
1.42265278
1.4055311
1.387903274
1.369367878
1.347655982
1.326764391
1.312644677
1.293009723
1.276411642
1.254752106
1.23452374
1.214103388
1.196667548
1.178324138
1.159317502
1.13910659
1.118616424
1.098527684
1.084303251
1.069904285
1.053829802
1.032432066
1.012884378
0.9922196798
0.9757786782
0.9570163887
0.9424079829
0.9223716031
0.9013229323
0.8792096107
0.862820969
0.8466941267
0.8284205295
0.8111417699
0.7884001297
0.7744898556
0.7568271235
0.7365638509
0.7174699489
0.702023785
0.6847101188
0.6651798845
0.6402740361
0.6221226119
0.6057339702
0.5913175506
0.5747020161
0.5570916439
0.5378755689
0.5158146071
0.4964065459
0.4817108736
0.4648684463
0.4486543375
0.4324227755
0.4096811353
0.3876376269
0.3680550327
0.3497988887
0.3337942194
0.3201457447
0.2979626099
0.276966299
0.2566332132
0.2370157124
0.2203129115
0.2036275638
0.1854761396
0.1691573111
0.1490162115
0.1315105591
0.1221032345
0.1060287521
0.09159487914
0.07269296335
0.05658357435
0.0405963584
0.03190461873
0.04159119608
0.05335471523
0.07239625737
0.09063494806
0.1172686724
0.1314931058
0.1380206372
0.1533271748
0.1800481656
0.1961051948
0.2141693525
0.2334552407
0.2496518962
0.2690774108
0.2884680188
0.3115761781
0.3285582317
0.3451737662
0.361335515
0.3779510495
0.3962421001
0.418669581
0.4418475534
0.4583234616
0.4740663314
0.4944866837
0.5153084617
0.5341405643
0.5508084586
0.566882941
0.5830272366
0.6030112566
0.6215990131
0.6402391295
0.65715137
0.6730513194
0.6919008754
0.7123561342
0.7308566243
0.7512944298
0.7681194038
0.7836353809
0.7978249077
0.8181230869
0.8438143335
0.8627686091
0.8793143304