1.2428361177444458	 0.28780892491340637
1.2431284189224243	 0.29588592052459717
1.2449411153793335	 0.30909815430641174
1.2402414083480835	 0.31425875425338745
1.247856855392456	 0.3158882260322571
1.2438236474990845	 0.31513869762420654
1.2479829788208008	 0.313525915145874
1.252365231513977	 0.3151859939098358
1.257383108139038	 0.32123178243637085
1.2517478466033936	 0.32443493604660034
1.2449146509170532	 0.323080450296402
1.244606614112854	 0.3162333369255066
1.2541401386260986	 0.3123207986354828
1.255752682685852	 0.3081537187099457
1.2565152645111084	 0.30316007137298584
1.2604091167449951	 0.29438894987106323
1.2621033191680908	 0.28703054785728455
1.2614303827285767	 0.2900722026824951
1.2652758359909058	 0.28771957755088806
1.270472764968872	 0.2908741533756256
1.2768518924713135	 0.29008394479751587
1.2791410684585571	 0.28433558344841003
1.2829087972640991	 0.2807924449443817
1.281101107597351	 0.2821540832519531
1.285792589187622	 0.27893924713134766
1.2873512506484985	 0.27860188484191895
1.2890101671218872	 0.2827852964401245
1.287123203277588	 0.28661733865737915
1.282731294631958	 0.29260900616645813
1.2812882661819458	 0.29648250341415405
1.2812223434448242	 0.29556503891944885
1.2773528099060059	 0.3004446029663086
1.2752436399459839	 0.31066545844078064
1.2753008604049683	 0.31895968317985535
1.2824338674545288	 0.319830060005188
1.28524649143219	 0.3169028162956238
1.286523699760437	 0.3148081302642822
1.289247751235962	 0.31286951899528503
1.290030598640442	 0.3102891445159912
1.2921698093414307	 0.30694663524627686
1.2970807552337646	 0.3021423816680908
1.2924792766571045	 0.30822181701660156
1.2929476499557495	 0.31218549609184265
1.288177490234375	 0.3147662281990051
1.2904613018035889	 0.320689857006073
1.2832446098327637	 0.3259197473526001
1.2823121547698975	 0.33381983637809753
1.2822728157043457	 0.33526426553726196
1.2894697189331055	 0.32836300134658813
1.2970019578933716	 0.3284950256347656
1.2994089126586914	 0.31605955958366394
1.2987420558929443	 0.30640271306037903
1.2965387105941772	 0.30226096510887146
1.3070942163467407	 0.30289575457572937
1.3053947687149048	 0.30495119094848633
1.295035719871521	 0.3075472414493561
1.2957719564437866	 0.30530300736427307
1.3045070171356201	 0.30510470271110535
1.3014450073242188	 0.3184654116630554
1.3075393438339233	 0.3287881910800934
1.311594009399414	 0.33057135343551636
1.3116952180862427	 0.32881155610084534
1.3171964883804321	 0.3300532102584839
1.3175145387649536	 0.32403039932250977
1.3192275762557983	 0.3259555697441101
1.3270268440246582	 0.31608909368515015
1.334739089012146	 0.31435513496398926
1.3330481052398682	 0.30759522318840027
1.3307000398635864	 0.3064099848270416
1.3316655158996582	 0.30343472957611084
1.3258382081985474	 0.30611222982406616
1.3243383169174194	 0.3008332848548889
1.3298591375350952	 0.29510560631752014
1.3364771604537964	 0.29629725217819214
1.3404879570007324	 0.3051048815250397
1.340071678161621	 0.3138701617717743
1.3388118743896484	 0.3099178373813629
1.3357599973678589	 0.3107895851135254
1.3398551940917969	 0.3053596615791321
1.3411328792572021	 0.29837289452552795
1.3409016132354736	 0.292667418718338
1.3462846279144287	 0.289461225271225
1.346400499343872	 0.29103466868400574
1.354719638824463	 0.28659701347351074
1.3537406921386719	 0.29104718565940857
1.3560436964035034	 0.29308369755744934
1.3508812189102173	 0.2939790189266205
1.3466488122940063	 0.30185750126838684
1.3541772365570068	 0.3079358637332916
1.3575170040130615	 0.30785730481147766
1.3608063459396362	 0.3075132966041565
1.356693983078003	 0.3105590045452118
1.3617385625839233	 0.3203635811805725
1.36014723777771	 0.3303157091140747
1.359086036682129	 0.3299858868122101
1.355576515197754	 0.3315638601779938
1.3444260358810425	 0.33418840169906616
1.3423525094985962	 0.3315765857696533
1.3465543985366821	 0.3318163752555847
1.3407723903656006	 0.3404032588005066
1.3426636457443237	 0.3376696705818176
1.3507053852081299	 0.3365013599395752
1.3453317880630493	 0.33244433999061584
1.3483318090438843	 0.33187806606292725
1.3516875505447388	 0.33616092801094055
1.3405392169952393	 0.3879603445529938
1.3294614553451538	 0.40300726890563965
1.3229074478149414	 0.4068264067173004
1.3312900066375732	 0.40134096145629883
1.3368476629257202	 0.3846844732761383
1.3506234884262085	 0.3695339262485504
1.3527116775512695	 0.3619515597820282
1.353150486946106	 0.357461154460907
1.3518586158752441	 0.3662679195404053
1.3474016189575195	 0.36941057443618774
1.3494032621383667	 0.3641933500766754
1.3535938262939453	 0.36674216389656067
1.3495851755142212	 0.36369600892066956
1.3591456413269043	 0.3658624589443207
1.3576644659042358	 0.3734229505062103
1.3614039421081543	 0.3725704848766327
1.3654236793518066	 0.36744260787963867
1.3592770099639893	 0.35905492305755615
1.3588510751724243	 0.35084646940231323
1.36404287815094	 0.350017249584198
1.3640660047531128	 0.34947532415390015
1.3667736053466797	 0.3517363667488098
1.3648386001586914	 0.3538055717945099
1.3626502752304077	 0.3497634530067444
1.362308382987976	 0.3515213131904602
1.3684855699539185	 0.35039928555488586
1.3803881406784058	 0.3438408076763153
1.385319709777832	 0.34678566455841064
1.3902264833450317	 0.3417688310146332
1.389257550239563	 0.33524686098098755
1.3939852714538574	 0.3276630938053131
1.389817476272583	 0.3275722563266754
1.3883012533187866	 0.3214987814426422
1.3941572904586792	 0.3167468011379242
1.3945027589797974	 0.3173787295818329
1.3958436250686646	 0.32994797825813293
1.3933255672454834	 0.3389725685119629
1.3951600790023804	 0.3441965579986572
1.3915952444076538	 0.34171590209007263
1.3923711776733398	 0.34000030159950256
1.3945772647857666	 0.34231555461883545
1.3964589834213257	 0.3360438048839569
1.4021295309066772	 0.32651519775390625
1.4073702096939087	 0.32346442341804504
1.4111385345458984	 0.32308563590049744
1.403751015663147	 0.3268451988697052
1.3973606824874878	 0.3263939321041107
1.3984614610671997	 0.31641945242881775
1.4048908948898315	 0.3091040253639221
1.4090768098831177	 0.31345945596694946
1.4137673377990723	 0.3128242790699005
1.4182584285736084	 0.30916628241539
1.4210072755813599	 0.30272966623306274
1.426982045173645	 0.2985548973083496
1.4286609888076782	 0.293186753988266
1.4295145273208618	 0.28659889101982117
1.431904911994934	 0.283332496881485
1.442689061164856	 0.2681632339954376
1.4340907335281372	 0.25922897458076477
1.4345028400421143	 0.2570231556892395
1.4411143064498901	 0.2642804682254791
1.4372915029525757	 0.2694252133369446
1.4354554414749146	 0.2805711328983307
1.432173490524292	 0.2873679995536804
1.4249823093414307	 0.2931448519229889
1.420610785484314	 0.3097980320453644
1.4140547513961792	 0.3290836215019226
1.4112811088562012	 0.3481210470199585
1.4070478677749634	 0.3591657280921936
1.4039945602416992	 0.36597079038619995
1.4036011695861816	 0.3705287575721741
1.4112454652786255	 0.3704114556312561
1.411351203918457	 0.3631487786769867
1.4092490673065186	 0.360675573348999
1.4138646125793457	 0.36191195249557495
1.4109158515930176	 0.36508145928382874
1.4160658121109009	 0.3624964654445648
1.4147192239761353	 0.3613084852695465
1.420088291168213	 0.36117058992385864
1.4266914129257202	 0.36141088604927063
1.4261560440063477	 0.3549148738384247
1.424978494644165	 0.34535282850265503
1.4273340702056885	 0.34075427055358887
1.4282039403915405	 0.3304581046104431
1.431784749031067	 0.33227846026420593
1.429185390472412	 0.33588680624961853
1.4233506917953491	 0.3410591185092926
1.4254729747772217	 0.3441655933856964
1.422285556793213	 0.34821388125419617
1.4289973974227905	 0.3497850000858307
1.428544044494629	 0.34354168176651
1.425907015800476	 0.34304341673851013
1.4326438903808594	 0.3380722105503082
1.4393056631088257	 0.3383747935295105
1.4359756708145142	 0.3409074544906616
1.4315739870071411	 0.3410075306892395
1.4315990209579468	 0.3450784683227539
1.432679295539856	 0.34483322501182556
1.4372341632843018	 0.3495984971523285
1.4378327131271362	 0.35332217812538147
1.433719277381897	 0.35335686802864075
1.4327154159545898	 0.35371237993240356
1.4488351345062256	 0.3513886630535126
1.4481852054595947	 0.3509940207004547
1.4525789022445679	 0.3395254909992218
1.460210919380188	 0.32608914375305176
1.4624147415161133	 0.32939979434013367
1.4588851928710938	 0.3384447395801544
1.4548988342285156	 0.3415602445602417
1.453845500946045	 0.3434705138206482
1.4504345655441284	 0.3455883264541626
1.4547988176345825	 0.34759336709976196
1.4593260288238525	 0.3501989543437958
1.4576644897460938	 0.34851667284965515
1.4645191431045532	 0.3497660160064697
1.462154746055603	 0.3571602702140808
1.462318778038025	 0.3580520749092102
1.4671684503555298	 0.3604263365268707
1.4623018503189087	 0.3614443242549896
1.461366891860962	 0.35519516468048096
1.4591978788375854	 0.3380378782749176
1.4570932388305664	 0.32772040367126465
1.4564437866210938	 0.33174431324005127
1.4487618207931519	 0.34011563658714294
1.4584928750991821	 0.3427160382270813
1.4589756727218628	 0.3491125702857971
1.4578367471694946	 0.35427066683769226
1.4686931371688843	 0.3531903922557831
1.4807950258255005	 0.3553842008113861
1.4815655946731567	 0.3555188477039337
1.4691520929336548	 0.35014608502388
1.45192551612854	 0.3504334092140198
1.4536917209625244	 0.35174819827079773
1.4583005905151367	 0.3468305766582489
1.4625487327575684	 0.3398783206939697
1.4583814144134521	 0.33923372626304626
1.4569956064224243	 0.3352087736129761
1.463983178138733	 0.335527241230011
1.4670629501342773	 0.3337881565093994
1.4693663120269775	 0.33098796010017395
1.4718091487884521	 0.3347644805908203
1.4703123569488525	 0.3383314311504364
1.4744620323181152	 0.33906683325767517
1.472141981124878	 0.3359791040420532
1.484237790107727	 0.33580851554870605
1.488485336303711	 0.32528480887413025
1.485551118850708	 0.3267171084880829
1.4822155237197876	 0.3190562129020691
1.4821292161941528	 0.3197037875652313
1.4850729703903198	 0.3277572691440582
1.4796513319015503	 0.336555540561676
1.475403070449829	 0.33750900626182556
1.4696210622787476	 0.34460052847862244
1.4737979173660278	 0.35103851556777954
1.4785962104797363	 0.35380586981773376
1.483687400817871	 0.35211971402168274
1.4880176782608032	 0.34682202339172363
1.4801443815231323	 0.34854745864868164
1.4765726327896118	 0.3487319350242615
1.4754985570907593	 0.3417934775352478
1.4742300510406494	 0.33989712595939636
1.4779284000396729	 0.3381991386413574
1.4753330945968628	 0.33179372549057007
1.4724675416946411	 0.32582318782806396
1.4765533208847046	 0.3208453357219696
1.4860408306121826	 0.3159543573856354
1.494331955909729	 0.31675082445144653
1.491815447807312	 0.31898435950279236
1.4869537353515625	 0.31634795665740967
1.4861767292022705	 0.32925236225128174
1.4902524948120117	 0.32873430848121643
1.493357539176941	 0.3212815225124359
1.4965366125106812	 0.31190577149391174
1.4933607578277588	 0.3101342022418976
1.4988354444503784	 0.3089044690132141
1.4909669160842896	 0.3121057152748108
1.4884240627288818	 0.3142692744731903
1.4902243614196777	 0.3143964111804962
1.5011612176895142	 0.31900620460510254
1.5060491561889648	 0.3108842968940735
1.5009735822677612	 0.3091994822025299
1.4920339584350586	 0.31719204783439636
1.494532823562622	 0.32653099298477173
1.494365930557251	 0.3319786489009857
1.48702073097229	 0.3370121717453003
1.4875352382659912	 0.33871546387672424
1.4908087253570557	 0.33145833015441895
1.4875221252441406	 0.3311290144920349
1.4890806674957275	 0.3392694592475891
1.4883323907852173	 0.3423513174057007
1.4936684370040894	 0.3478018641471863
1.4849637746810913	 0.35335639119148254
1.4872575998306274	 0.3567982614040375
1.4776098728179932	 0.3576783239841461
1.4723511934280396	 0.3590753674507141
1.473466157913208	 0.35213643312454224
1.4803050756454468	 0.34746626019477844
1.4781639575958252	 0.3288869857788086
1.4788168668746948	 0.32036614418029785
1.4868043661117554	 0.32076016068458557
1.503804326057434	 0.31424155831336975
1.5171910524368286	 0.30639591813087463
1.5160598754882812	 0.2947263717651367
1.5128153562545776	 0.2907847464084625
1.5207688808441162	 0.2821558713912964
1.5200042724609375	 0.27779537439346313
1.5211230516433716	 0.27550241351127625
1.5222618579864502	 0.27429911494255066
1.5236984491348267	 0.2680182456970215
1.5238951444625854	 0.271476686000824
1.5255825519561768	 0.2709737718105316
1.5242725610733032	 0.2668398320674896
1.5250457525253296	 0.2692849338054657
1.5247801542282104	 0.27349650859832764
1.523201584815979	 0.27593016624450684
1.5159423351287842	 0.28862306475639343
1.5244501829147339	 0.29216471314430237
1.5150452852249146	 0.29432567954063416
1.5086569786071777	 0.29598307609558105
1.5021475553512573	 0.3007376492023468
1.5034053325653076	 0.30690285563468933
1.5082297325134277	 0.32036906480789185
1.5080698728561401	 0.3220154345035553
1.5001543760299683	 0.32858598232269287
1.4996187686920166	 0.32245829701423645
1.498712420463562	 0.3171677887439728
1.4999418258666992	 0.31383392214775085
1.5082274675369263	 0.30651113390922546
1.509401798248291	 0.3068210780620575
1.509141445159912	 0.31050583720207214
1.5083566904067993	 0.30872610211372375
1.4976444244384766	 0.310832679271698
1.495297908782959	 0.309568852186203
1.5011281967163086	 0.3116544187068939
1.5047669410705566	 0.3152487277984619
1.5026521682739258	 0.3176485300064087
1.5037156343460083	 0.319049209356308
1.5081250667572021	 0.32247111201286316
1.5083765983581543	 0.3242621421813965
1.5007514953613281	 0.33337894082069397
1.5011214017868042	 0.33671513199806213
1.5013620853424072	 0.34047049283981323
1.5025689601898193	 0.3368251323699951
1.5013792514801025	 0.3308700621128082
1.5075902938842773	 0.33420825004577637
1.5026719570159912	 0.33555957674980164
1.50692617893219	 0.34119856357574463
1.5105291604995728	 0.34028324484825134
1.5049163103103638	 0.3475199341773987
1.4974613189697266	 0.34731096029281616
1.4969046115875244	 0.3429863452911377
1.4933569431304932	 0.3414476215839386
1.4888874292373657	 0.337110310792923
1.4921008348464966	 0.33710378408432007
1.486319661140442	 0.33601588010787964
1.4895365238189697	 0.3380064368247986
1.489888310432434	 0.33982449769973755
1.5010513067245483	 0.34141770005226135
1.5003467798233032	 0.34354808926582336
1.5076258182525635	 0.3401181995868683
1.5087050199508667	 0.33143046498298645
1.5091439485549927	 0.32771438360214233
1.5140776634216309	 0.322350412607193
1.5076485872268677	 0.31895357370376587
1.5107207298278809	 0.3163975477218628
1.5119878053665161	 0.31170862913131714
1.5141443014144897	 0.3146498501300812
1.5069876909255981	 0.3227088749408722
1.5056151151657104	 0.3381752371788025
1.5021722316741943	 0.35084304213523865
1.5037472248077393	 0.3540804088115692
1.5090866088867188	 0.35193851590156555
1.5016984939575195	 0.3545682728290558
1.507613182067871	 0.35497725009918213
1.5070236921310425	 0.341654896736145
1.5042163133621216	 0.3329252302646637
1.5088528394699097	 0.3273727595806122
1.5133590698242188	 0.324629008769989
1.511959195137024	 0.32898762822151184
1.5122957229614258	 0.33587968349456787
1.5038282871246338	 0.34155333042144775
1.5010733604431152	 0.34144240617752075
1.5091140270233154	 0.34211862087249756
1.507481575012207	 0.3426901400089264
1.5003284215927124	 0.34258121252059937
1.4983848333358765	 0.3419896364212036
1.4985469579696655	 0.3436771035194397
1.4995025396347046	 0.3462720513343811
1.498116135597229	 0.34916794300079346
1.501697063446045	 0.35254332423210144
1.5004537105560303	 0.3536553978919983
1.5007258653640747	 0.35083144903182983
1.500015139579773	 0.3503902554512024
1.4980055093765259	 0.3462580144405365
1.5098611116409302	 0.34435898065567017
1.5095185041427612	 0.34757810831069946
1.5092637538909912	 0.3463689386844635
1.50797700881958	 0.34527042508125305
1.5055869817733765	 0.3503601849079132
1.502640962600708	 0.3495534658432007
1.5023390054702759	 0.34563884139060974
1.502930998802185	 0.34684479236602783
1.4989440441131592	 0.348429411649704
1.4994127750396729	 0.3548501431941986
1.496471881866455	 0.3592958450317383
1.4935446977615356	 0.3714710474014282
1.493475317955017	 0.3687499761581421
1.4987868070602417	 0.3648766577243805
1.5018479824066162	 0.35622259974479675
1.5083550214767456	 0.35245370864868164
1.5105341672897339	 0.3521880507469177
1.5089679956436157	 0.3451448678970337
1.5158805847167969	 0.33535343408584595
1.519607663154602	 0.33534902334213257
1.515307903289795	 0.3373742699623108
1.5119333267211914	 0.34616658091545105
1.510026216506958	 0.34615540504455566
1.5034147500991821	 0.3428981602191925
1.5015217065811157	 0.34184712171554565
1.5094923973083496	 0.3380306363105774
1.5109673738479614	 0.32860487699508667
1.5094772577285767	 0.315850168466568
1.5158082246780396	 0.31230685114860535
1.5139918327331543	 0.31566527485847473
1.5130078792572021	 0.32174938917160034
1.5123969316482544	 0.32516008615493774
1.5096662044525146	 0.3289439082145691
1.5033835172653198	 0.3364482820034027
1.5035556554794312	 0.3425236642360687
1.5058051347732544	 0.3527717888355255
1.5069303512573242	 0.36105403304100037
1.5020813941955566	 0.3695370554924011
1.5027457475662231	 0.367616206407547
1.5045136213302612	 0.36881276965141296
1.5064620971679688	 0.3639397621154785
1.503262996673584	 0.3562524914741516
1.498430848121643	 0.35160037875175476
1.497070550918579	 0.35633373260498047
1.5060272216796875	 0.3658127188682556
1.5075815916061401	 0.3603718876838684
1.5067055225372314	 0.36446988582611084
1.5025078058242798	 0.37387633323669434
1.4998446702957153	 0.37069106101989746
1.5012344121932983	 0.3677554726600647
1.498194932937622	 0.36764732003211975
1.4951099157333374	 0.3700968325138092
1.49461829662323	 0.37369075417518616
1.4971253871917725	 0.380306601524353
1.5005567073822021	 0.37548452615737915
1.500898003578186	 0.369400292634964
1.510143518447876	 0.3649068772792816
1.507928729057312	 0.3648512661457062
1.509130597114563	 0.36455482244491577
1.5057096481323242	 0.3724093437194824
1.5082200765609741	 0.3759481906890869
1.500619888305664	 0.3769272565841675
1.5029224157333374	 0.3777269423007965
1.4982683658599854	 0.37082841992378235
1.4898508787155151	 0.36817124485969543
1.4882808923721313	 0.3604854643344879
1.484939455986023	 0.35791727900505066
1.494722843170166	 0.36629122495651245
1.5008505582809448	 0.3622455596923828
1.4979920387268066	 0.3602510690689087
1.4984480142593384	 0.3557441234588623
1.5000770092010498	 0.35060709714889526
1.5031291246414185	 0.34954848885536194
1.5076088905334473	 0.34913069009780884
1.5055793523788452	 0.34504032135009766
1.5017061233520508	 0.34256917238235474
1.5028492212295532	 0.3447585701942444
1.5078561305999756	 0.3488546311855316
1.5075634717941284	 0.35433346033096313
1.505426049232483	 0.3593958020210266
1.5054558515548706	 0.35475286841392517
1.5061410665512085	 0.3557581901550293
1.5036903619766235	 0.3592737317085266
1.5016942024230957	 0.35378170013427734
1.5003352165222168	 0.3542487621307373
1.503406047821045	 0.3503791093826294
1.5013428926467896	 0.3514566123485565
1.5033499002456665	 0.3541482090950012
1.4983022212982178	 0.3487991690635681
1.5042963027954102	 0.3468461334705353
1.5064663887023926	 0.34660956263542175
1.5073813199996948	 0.3520232141017914
1.5023137331008911	 0.3487638831138611
1.503492832183838	 0.35131198167800903
1.501739263534546	 0.35325098037719727
1.496810793876648	 0.35525965690612793
1.4948514699935913	 0.3620951771736145
1.4933030605316162	 0.3596031069755554
1.4945846796035767	 0.3591797947883606
1.4979000091552734	 0.3639121651649475
1.4942615032196045	 0.36123350262641907
1.4988486766815186	 0.3573853671550751
1.5007965564727783	 0.3550114929676056
1.496793508529663	 0.3459937274456024
1.4996848106384277	 0.34044578671455383
1.4969686269760132	 0.3405919671058655
1.4949041604995728	 0.34539595246315
1.4921092987060547	 0.35622695088386536
1.4911736249923706	 0.3652830123901367
1.4908534288406372	 0.37116044759750366
1.484390139579773	 0.37208667397499084
1.4822144508361816	 0.3712858259677887
1.485371708869934	 0.36561405658721924
1.486309289932251	 0.36723142862319946
1.485298991203308	 0.36259230971336365
1.4873303174972534	 0.3534925878047943
1.4914604425430298	 0.35247570276260376
1.4991185665130615	 0.3544178605079651
1.5002115964889526	 0.35735389590263367
1.4979254007339478	 0.35010942816734314
1.4922311305999756	 0.3538876473903656
1.4889427423477173	 0.35440972447395325
1.481531023979187	 0.3556322753429413
1.479856014251709	 0.3653510808944702
1.4803470373153687	 0.380784273147583
1.484204888343811	 0.37951481342315674
1.4824433326721191	 0.37867674231529236
1.4724576473236084	 0.38101038336753845
1.468954086303711	 0.391220360994339
1.4697492122650146	 0.38935530185699463
1.4828299283981323	 0.38310760259628296
1.4865180253982544	 0.37519705295562744
1.4883614778518677	 0.3674921989440918
1.484260082244873	 0.3595402240753174
1.4760571718215942	 0.35364678502082825
1.482092261314392	 0.34622448682785034
1.48900306224823	 0.34050777554512024
1.4971141815185547	 0.33738619089126587
1.498108983039856	 0.3427780270576477
1.492525577545166	 0.3508918285369873
1.4808824062347412	 0.36949920654296875
1.4753268957138062	 0.3858222961425781
1.4708300828933716	 0.3823268413543701
1.479454755783081	 0.37445488572120667
1.475996732711792	 0.3743530213832855
1.4793130159378052	 0.37707048654556274
1.47684645652771	 0.3744492828845978
1.4758315086364746	 0.37108951807022095
1.4744560718536377	 0.373828649520874
1.4749600887298584	 0.378795325756073
1.469374418258667	 0.393120676279068
1.4666714668273926	 0.4029344320297241
1.4627236127853394	 0.41231733560562134
1.4543585777282715	 0.42354297637939453
1.458508849143982	 0.4253292679786682
1.4584314823150635	 0.42016392946243286
1.4573590755462646	 0.41472622752189636
1.456836223602295	 0.41061151027679443
1.461484670639038	 0.41557028889656067
1.4626901149749756	 0.417110413312912
1.455302119255066	 0.41464751958847046
1.453097939491272	 0.4115352928638458
1.4576882123947144	 0.4124879539012909
1.4583076238632202	 0.4169321060180664
1.456005573272705	 0.42292070388793945
1.4573745727539062	 0.4219752848148346
1.4560695886611938	 0.4209628105163574
1.453798770904541	 0.4221198558807373
1.4524306058883667	 0.4196467995643616
1.4530624151229858	 0.42642247676849365
1.450621485710144	 0.4336674213409424
1.4508721828460693	 0.4323261082172394
1.4488677978515625	 0.42524269223213196
1.448928952217102	 0.4196344316005707
1.4483873844146729	 0.42409640550613403
1.4468308687210083	 0.4305635094642639
1.4492257833480835	 0.4319610893726349
1.4556732177734375	 0.4296624958515167
1.461545467376709	 0.4262324869632721
1.4594837427139282	 0.4187646210193634
1.454216718673706	 0.4269161522388458
1.44718599319458	 0.43112635612487793
1.4416581392288208	 0.43323346972465515
1.4416896104812622	 0.4336894750595093
1.4416521787643433	 0.44086405634880066
1.4413888454437256	 0.4466877281665802
1.4448258876800537	 0.45051702857017517
1.4479222297668457	 0.45053914189338684
1.4531364440917969	 0.44177353382110596
1.4491461515426636	 0.43791139125823975
1.4483933448791504	 0.43832969665527344
1.4465343952178955	 0.44152238965034485
1.4482985734939575	 0.4434746503829956
1.4476375579833984	 0.4374599754810333
1.4546890258789062	 0.4331744909286499
1.457094430923462	 0.4301089644432068
1.4527873992919922	 0.42837661504745483
1.4542338848114014	 0.4240049421787262
1.4524295330047607	 0.4258779287338257
1.4435009956359863	 0.4249519407749176
1.4437414407730103	 0.4283336400985718
1.445082426071167	 0.42767444252967834
1.4428436756134033	 0.43698039650917053
1.4432108402252197	 0.4454038739204407
1.437639832496643	 0.44957292079925537
1.4333977699279785	 0.4536343216896057
1.4307504892349243	 0.4541280269622803
1.4287029504776	 0.44904038310050964
1.4249119758605957	 0.452470600605011
1.428951621055603	 0.4643753468990326
1.4236259460449219	 0.475491464138031
1.4194397926330566	 0.47987863421440125
1.4167371988296509	 0.4868609309196472
1.4177793264389038	 0.4933837354183197
1.4182807207107544	 0.5014644861221313
1.4232685565948486	 0.5102584958076477
1.4160181283950806	 0.5065181851387024
1.421305775642395	 0.5055147409439087
1.4216545820236206	 0.5020137429237366
1.4225194454193115	 0.49849733710289
1.4197700023651123	 0.494134783744812
1.4132286310195923	 0.49449917674064636
1.4056113958358765	 0.5055792927742004
1.4067152738571167	 0.504108190536499
1.4076842069625854	 0.5039554834365845
1.4006747007369995	 0.5054948925971985
1.4065884351730347	 0.5088586211204529
1.4070404767990112	 0.5113832354545593
1.4076101779937744	 0.5131512880325317
1.4112629890441895	 0.5061745047569275
1.4117302894592285	 0.5021470189094543
1.4149839878082275	 0.49567750096321106
1.412601113319397	 0.49766677618026733
1.4213993549346924	 0.49603158235549927
1.4181759357452393	 0.49070537090301514
1.4235913753509521	 0.4811158776283264
1.4282344579696655	 0.47767436504364014
1.4280451536178589	 0.4760802388191223
1.4234625101089478	 0.4768294394016266
1.4171068668365479	 0.480895072221756
1.4192126989364624	 0.4831289052963257
1.4314193725585938	 0.48854154348373413
1.4298453330993652	 0.4909113347530365
1.4286799430847168	 0.49344906210899353
1.4340840578079224	 0.49721837043762207
1.429595947265625	 0.49379822611808777
1.4277251958847046	 0.49091386795043945
1.424765706062317	 0.4923917353153229
1.4209723472595215	 0.49878716468811035
1.4259909391403198	 0.5041699409484863
1.4203108549118042	 0.5083764791488647
1.4197719097137451	 0.5130684971809387
1.4175513982772827	 0.5127500295639038
1.418906569480896	 0.5160374641418457
1.4165313243865967	 0.519591212272644
1.4217169284820557	 0.5192227363586426
1.4168323278427124	 0.5171495079994202
1.4043861627578735	 0.5152497291564941
1.4084173440933228	 0.5130527019500732
1.4074275493621826	 0.5116471648216248
1.4045634269714355	 0.5199750065803528
1.4064959287643433	 0.5242248177528381
1.420764446258545	 0.5226526260375977
1.427420973777771	 0.5214049816131592
1.4205330610275269	 0.5192627906799316
1.4169557094573975	 0.5212522149085999
1.4119482040405273	 0.5207162499427795
1.4080803394317627	 0.5202393531799316
1.4025993347167969	 0.5273128151893616
1.4080932140350342	 0.5372791290283203
1.4064157009124756	 0.5400519371032715
1.406184434890747	 0.5418106913566589
1.4030531644821167	 0.5486338138580322
1.4071881771087646	 0.5462856888771057
1.407106876373291	 0.540675938129425
1.405013918876648	 0.5402319431304932
1.4143601655960083	 0.5369387269020081
1.415952205657959	 0.5298136472702026
1.41586434841156	 0.5306905508041382
1.412063479423523	 0.5281714797019958
1.4135924577713013	 0.5321873426437378
1.4121887683868408	 0.535362720489502
1.4086629152297974	 0.5408772826194763
1.4149595499038696	 0.5409250855445862
1.4202144145965576	 0.5406595468521118
1.4139432907104492	 0.5423358678817749
1.4135243892669678	 0.5413671731948853
1.4129843711853027	 0.5346719026565552
1.415218472480774	 0.5328930616378784
1.421519160270691	 0.5304819941520691
1.4225407838821411	 0.5257705450057983
1.4224199056625366	 0.519655168056488
1.4241024255752563	 0.5086354613304138
1.4257187843322754	 0.5053699016571045
1.422744631767273	 0.5046243071556091
1.4184695482254028	 0.5075438618659973
1.4169031381607056	 0.5143823027610779
1.4200469255447388	 0.5218401551246643
1.4215645790100098	 0.5294472575187683
1.4127148389816284	 0.5392388701438904
1.4133156538009644	 0.5413067936897278
1.4183430671691895	 0.5439563393592834
1.4145629405975342	 0.5545075535774231
1.4051464796066284	 0.5556930303573608
1.4133902788162231	 0.5612652897834778
1.4155569076538086	 0.5587582588195801
1.4117199182510376	 0.5501556992530823
1.408347487449646	 0.5499128699302673
1.414474606513977	 0.550317108631134
1.4176714420318604	 0.5520389080047607
1.4142546653747559	 0.5482637286186218
1.4134447574615479	 0.547420859336853
1.4077811241149902	 0.5574809908866882
1.4105168581008911	 0.5663267970085144
1.4147764444351196	 0.5737453103065491
1.4209840297698975	 0.5771687626838684
1.4220558404922485	 0.5712186694145203
1.417566180229187	 0.5584250688552856
1.4238712787628174	 0.5487568378448486
1.42094886302948	 0.5460605025291443
1.4227627515792847	 0.5482090711593628
1.4151569604873657	 0.5360357761383057
1.4058903455734253	 0.5406338572502136
1.4087886810302734	 0.5402459502220154
1.416502594947815	 0.5517891049385071
1.4200247526168823	 0.556382417678833
1.4161298274993896	 0.5520622134208679
1.4147741794586182	 0.5608183741569519
1.419192910194397	 0.5744452476501465
1.418014407157898	 0.5814284682273865
1.413691759109497	 0.5849523544311523
1.4169656038284302	 0.5809794664382935
1.4164502620697021	 0.5803085565567017
1.4113192558288574	 0.5836061835289001
1.4135174751281738	 0.589980959892273
1.4141767024993896	 0.5928063988685608
1.4217724800109863	 0.5929077863693237
1.4180775880813599	 0.590255856513977
1.410619854927063	 0.5886337757110596
1.4177439212799072	 0.5841100215911865
1.4269437789916992	 0.5783343315124512
1.4281115531921387	 0.5817654728889465
1.4306178092956543	 0.5796396136283875
1.425417423248291	 0.5802484154701233
1.4207971096038818	 0.5818088054656982
1.4149885177612305	 0.5838156938552856
1.4187098741531372	 0.5872492790222168
1.416799545288086	 0.5795302987098694
1.4216208457946777	 0.585135281085968
1.4150326251983643	 0.582213282585144
1.4160248041152954	 0.5879114866256714
1.4150820970535278	 0.5916037559509277
1.422528862953186	 0.5926414728164673
1.4186995029449463	 0.6007392406463623
1.4089912176132202	 0.601715624332428
1.3990535736083984	 0.6085425019264221
1.3994203805923462	 0.619360089302063
1.3958641290664673	 0.630427360534668
1.4191370010375977	 0.5882306694984436
1.4185038805007935	 0.5777756571769714
1.4266847372055054	 0.5799334645271301
1.421089768409729	 0.578349232673645
1.4218688011169434	 0.5878217220306396
1.4216290712356567	 0.5892637968063354
1.4182106256484985	 0.5928388833999634
1.423575758934021	 0.5915021896362305
1.4221378564834595	 0.5943723320960999
1.4199413061141968	 0.5977474451065063
1.4194139242172241	 0.6016179919242859
1.4159499406814575	 0.6076908707618713
1.4133431911468506	 0.6126753687858582
1.4078407287597656	 0.621777355670929
1.4178701639175415	 0.6294813752174377
1.4213749170303345	 0.6299034357070923
1.4251792430877686	 0.6274884939193726
1.4266300201416016	 0.6201077699661255
1.4316295385360718	 0.6149253845214844
1.4491393566131592	 0.6106674075126648
1.448698878288269	 0.6024003624916077
1.4473459720611572	 0.5985106825828552
1.4421659708023071	 0.6032547950744629
1.4361070394515991	 0.6030687689781189
1.4284394979476929	 0.6041232943534851
1.426843285560608	 0.6164173483848572
1.425150990486145	 0.6284242272377014
1.4178866147994995	 0.6350857615470886
1.4112600088119507	 0.6446136236190796
1.4223458766937256	 0.6539618968963623
1.4166463613510132	 0.6543111205101013
1.4101969003677368	 0.6652805805206299
1.4065167903900146	 0.6749260425567627
1.399828314781189	 0.6715316772460938
1.3950752019882202	 0.6658393144607544
1.3994367122650146	 0.668664813041687
1.4120405912399292	 0.6691879034042358
1.409269094467163	 0.6657169461250305
1.406367540359497	 0.6652213931083679
1.407659649848938	 0.6690031886100769
1.4086357355117798	 0.6799979209899902
1.4001559019088745	 0.6846656799316406
1.3980021476745605	 0.6915194988250732
1.4020038843154907	 0.6988701224327087
1.3955512046813965	 0.6973450183868408
1.3954784870147705	 0.6948025822639465
1.4074440002441406	 0.7000504732131958
1.4146088361740112	 0.7070173621177673
1.4171977043151855	 0.7009067535400391
1.415488839149475	 0.7091457843780518
1.4143160581588745	 0.7118051052093506
1.4049254655838013	 0.7050461769104004
1.39397132396698	 0.7130540609359741
1.4014612436294556	 0.7211706042289734
1.4061856269836426	 0.7219989895820618
1.409014105796814	 0.7202687859535217
1.4138935804367065	 0.7205207347869873
1.4189436435699463	 0.7185125946998596
1.4121061563491821	 0.7208229899406433
1.411636471748352	 0.7188372611999512
1.416428804397583	 0.7195701599121094
1.4203946590423584	 0.715549647808075
1.4126553535461426	 0.7007830739021301
1.4097613096237183	 0.7021478414535522
1.4173016548156738	 0.7055191993713379
1.4141322374343872	 0.7045371532440186
1.4073079824447632	 0.7039138674736023
1.413332462310791	 0.7080179452896118
1.413262963294983	 0.7130101323127747
1.4220993518829346	 0.7201998829841614
1.418969750404358	 0.7142155766487122
1.4103705883026123	 0.7065033316612244
1.4123033285140991	 0.7061030268669128
1.4201760292053223	 0.7074978947639465
1.4257107973098755	 0.7145540714263916
1.4248956441879272	 0.7143732309341431
1.4230434894561768	 0.7173742055892944
1.4207810163497925	 0.7232084274291992
1.4103474617004395	 0.7298375368118286
1.408239483833313	 0.7356956601142883
1.4230982065200806	 0.74263995885849
1.424870252609253	 0.7386910319328308
1.4274318218231201	 0.7362393736839294
1.4206823110580444	 0.7347361445426941
1.4216567277908325	 0.7342947125434875
1.4282032251358032	 0.7332147359848022
1.4336670637130737	 0.7283684015274048
1.4327049255371094	 0.7252752780914307
1.4273322820663452	 0.7224942445755005
1.4268914461135864	 0.7196406126022339
1.4279530048370361	 0.7204869985580444
1.4288640022277832	 0.7227053642272949
1.4338736534118652	 0.7266648411750793
1.4343827962875366	 0.7312573790550232
1.438453197479248	 0.7396436333656311
1.4376322031021118	 0.7345430850982666
1.4370489120483398	 0.7273694276809692
1.439088225364685	 0.7329806089401245
1.4391911029815674	 0.7311656475067139
1.4384069442749023	 0.7299127578735352
1.4346985816955566	 0.7333968877792358
1.4308539628982544	 0.7295219302177429
1.4243069887161255	 0.7367085218429565
1.4251500368118286	 0.744147539138794
1.429779052734375	 0.7469923496246338
1.4324699640274048	 0.7532641291618347
1.4270824193954468	 0.7553673386573792
1.431626319885254	 0.758794903755188
1.4280654191970825	 0.7645681500434875
1.4321930408477783	 0.767401933670044
1.440903902053833	 0.7671997547149658
1.4508581161499023	 0.7545548677444458
1.4445583820343018	 0.7520208358764648
1.4423290491104126	 0.7422077655792236
1.4389598369598389	 0.741887092590332
1.4431805610656738	 0.7394765615463257
1.4417561292648315	 0.7445147037506104
1.4511909484863281	 0.7452859878540039
1.457095980644226	 0.7495261430740356
1.4491000175476074	 0.7570322751998901
1.4475995302200317	 0.7651558518409729
1.4466935396194458	 0.7757349610328674
1.4494789838790894	 0.7750442624092102
1.4446178674697876	 0.7735369801521301
1.4361681938171387	 0.7755343914031982
1.4300569295883179	 0.781737208366394
1.4275665283203125	 0.7870021462440491
1.4282537698745728	 0.7886407375335693
1.4269790649414062	 0.7906952500343323
1.4274866580963135	 0.7882819175720215
1.4317588806152344	 0.7839040160179138
1.4362956285476685	 0.7835437059402466
1.443953037261963	 0.7818737626075745
1.4473316669464111	 0.7748174667358398
1.456333041191101	 0.7684842944145203
1.4532349109649658	 0.7741891145706177
1.445490837097168	 0.7874346375465393
1.4480788707733154	 0.7982949018478394
1.4377986192703247	 0.8040668964385986
1.4358142614364624	 0.8092842698097229
1.4328657388687134	 0.8190454244613647
1.4340341091156006	 0.8264452219009399
1.4364924430847168	 0.8256120681762695
1.4370536804199219	 0.8323709964752197
1.4221689701080322	 0.831332266330719
1.4132760763168335	 0.8351321816444397
1.4178091287612915	 0.8382934927940369
1.4153693914413452	 0.8401901721954346
1.4139195680618286	 0.84175705909729
1.4143849611282349	 0.8456549644470215
1.415536642074585	 0.8479827642440796
1.4123934507369995	 0.8535882830619812
1.4193822145462036	 0.8520210981369019
1.422266960144043	 0.8572669625282288
1.4211918115615845	 0.8603186011314392
1.4243916273117065	 0.8604061603546143
1.4375702142715454	 0.8617509603500366
1.444486379623413	 0.8577350378036499
1.449852466583252	 0.8499593734741211
1.4460065364837646	 0.851845920085907
1.4356650114059448	 0.8497738242149353
1.4274107217788696	 0.8665522336959839
1.4196538925170898	 0.8778246641159058
1.4065508842468262	 0.8867602348327637
1.4026416540145874	 0.8957534432411194
1.3940576314926147	 0.9005666971206665
1.392359972000122	 0.8998923301696777
1.398425817489624	 0.8986191749572754
1.4085911512374878	 0.9023846983909607
1.408517837524414	 0.8981293439865112
1.408447265625	 0.892934262752533
1.4194079637527466	 0.895046055316925
1.4196889400482178	 0.8959960341453552
1.4228055477142334	 0.8927915096282959
1.4305974245071411	 0.8904033303260803
1.44148850440979	 0.8937559127807617
1.4514710903167725	 0.8905042409896851
1.456030011177063	 0.8877694010734558
1.4553148746490479	 0.8807392120361328
1.463645577430725	 0.8648583889007568
1.4749435186386108	 0.8509525060653687
1.481324315071106	 0.836434543132782
1.4854882955551147	 0.8248393535614014
1.487423300743103	 0.8182821869850159
1.4853960275650024	 0.8127391338348389
1.4937254190444946	 0.8169066309928894
1.4910637140274048	 0.8294233083724976
1.4888654947280884	 0.8389571905136108
1.4807746410369873	 0.8408479690551758
1.477622389793396	 0.8455860614776611
1.474709153175354	 0.8477573394775391
1.4730294942855835	 0.8561059832572937
1.4625540971755981	 0.8633891344070435
1.4584189653396606	 0.8675485849380493
1.4495596885681152	 0.8725706934928894
1.4526389837265015	 0.8862677216529846
1.4498634338378906	 0.9029216170310974
1.4476258754730225	 0.9146106243133545
1.440163493156433	 0.9148263335227966
1.4434913396835327	 0.9292469620704651
1.4458860158920288	 0.9364176988601685
1.4463839530944824	 0.9385012984275818
1.4510074853897095	 0.9383019804954529
1.4493141174316406	 0.9398783445358276
1.4450359344482422	 0.9388726949691772
1.4463030099868774	 0.9446343183517456
1.447786569595337	 0.9440173506736755
1.443292498588562	 0.9431944489479065
1.4465625286102295	 0.9446119666099548
1.4548331499099731	 0.9413496851921082
1.4524271488189697	 0.9366962909698486
1.4584578275680542	 0.9395309686660767
1.4634130001068115	 0.9375820755958557
1.46955144405365	 0.9420759081840515
1.4608709812164307	 0.9345695972442627
1.464340090751648	 0.9330251216888428
1.4564480781555176	 0.9239937663078308
1.4559613466262817	 0.9177088737487793
1.4622796773910522	 0.9256460070610046
1.4614759683609009	 0.932499885559082
1.4466794729232788	 0.9339422583580017
1.4460350275039673	 0.9373592734336853
1.4601699113845825	 0.9484655261039734
1.4693646430969238	 0.9504494071006775
1.4753671884536743	 0.9469783902168274
1.46597158908844	 0.9387776851654053
1.4645884037017822	 0.9321060180664062
1.4655448198318481	 0.931989312171936
1.4663785696029663	 0.9299721121788025
1.463484764099121	 0.9342983365058899
1.46152925491333	 0.9409302473068237
1.4682949781417847	 0.9519741535186768
1.4656180143356323	 0.9499753713607788
1.458331823348999	 0.9493816494941711
1.4657913446426392	 0.9534692764282227
1.4708625078201294	 0.9634401798248291
1.4786365032196045	 0.9642288088798523
1.4708837270736694	 0.956620454788208
1.4676482677459717	 0.9503580331802368
1.4705346822738647	 0.9578513503074646
1.47681725025177	 0.9643984436988831
1.4889477491378784	 0.9682466387748718
1.4949979782104492	 0.962732195854187
1.4978927373886108	 0.9607572555541992
1.4978890419006348	 0.9556789398193359
1.493877649307251	 0.9515349268913269
1.4896498918533325	 0.9541788101196289
1.493247628211975	 0.9517108201980591
1.4863077402114868	 0.9518193006515503
1.4954395294189453	 0.9572440385818481
1.4987859725952148	 0.9606841206550598
1.5023983716964722	 0.9582599997520447
1.4939533472061157	 0.9582899808883667
1.4909754991531372	 0.9566789269447327
1.4970121383666992	 0.9531294107437134
1.5104644298553467	 0.9545606374740601
1.5024980306625366	 0.9504097104072571
1.4913113117218018	 0.9411327242851257
1.4936810731887817	 0.9488904476165771
1.4996436834335327	 0.9473931789398193
1.4980710744857788	 0.9469442963600159
1.4924132823944092	 0.9534164667129517
1.4811955690383911	 0.955907940864563
1.4814916849136353	 0.9639500379562378
1.4893310070037842	 0.9692696332931519
1.5053030252456665	 0.9772923588752747
1.512749433517456	 0.9769168496131897
1.5006165504455566	 0.9665698409080505
1.5102722644805908	 0.9689533114433289
1.5085493326187134	 0.966260552406311
1.5088616609573364	 0.9612219929695129
1.515307068824768	 0.9649213552474976
1.5183124542236328	 0.9678272008895874
1.5087528228759766	 0.968896210193634
1.508613109588623	 0.9757592678070068
1.516608715057373	 0.9824680685997009
1.5178080797195435	 0.9830282330513
1.5191807746887207	 0.9841290712356567
1.518457293510437	 0.9863735437393188
1.5152312517166138	 0.995295524597168
1.5072075128555298	 0.9900665283203125
1.508795142173767	 0.9809114933013916
1.5164328813552856	 0.9773167967796326
1.528093934059143	 0.9734410047531128
1.5283821821212769	 0.9644501209259033
1.5266693830490112	 0.9598884582519531
1.537578821182251	 0.9674938321113586
1.544148564338684	 0.9763972163200378
1.5289649963378906	 0.9690923094749451
1.5378966331481934	 0.9804421663284302
1.5364019870758057	 0.9888341426849365
1.5308419466018677	 0.987707257270813
1.5216693878173828	 0.9886854887008667
1.5292845964431763	 0.9967653751373291
1.529063105583191	 1.0011101961135864
1.5241162776947021	 1.0053284168243408
1.5317745208740234	 1.0123144388198853
1.5168383121490479	 1.0103657245635986
1.5075669288635254	 1.0009088516235352
1.522828221321106	 1.0039116144180298
1.5224806070327759	 0.9967505931854248
1.532610535621643	 0.9947231411933899
1.5157986879348755	 0.9913570880889893
1.5272823572158813	 1.0004167556762695
1.5262787342071533	 1.0002985000610352
1.527508020401001	 1.0072284936904907
1.523559808731079	 1.0118623971939087
1.531719446182251	 1.0211741924285889
1.5387550592422485	 1.018674612045288
1.5488375425338745	 1.0228198766708374
1.5355116128921509	 1.0151374340057373
1.5447607040405273	 1.0220632553100586
1.536921739578247	 1.0219436883926392
1.543607473373413	 1.0235682725906372
1.5341640710830688	 1.0140204429626465
1.5519368648529053	 1.0115642547607422
1.5494356155395508	 1.0143404006958008
1.5481382608413696	 1.0123308897018433
1.5472263097763062	 1.0180951356887817
1.5571653842926025	 1.0221891403198242
1.5613855123519897	 1.0277256965637207
1.5465986728668213	 1.027732491493225
1.546014428138733	 1.02934730052948
1.5401782989501953	 1.036078929901123
1.5404232740402222	 1.0394841432571411
1.5429527759552002	 1.0312809944152832
1.5358872413635254	 1.034335970878601
1.5511451959609985	 1.03875732421875
1.548143744468689	 1.0419844388961792
1.5437389612197876	 1.0329251289367676
1.5487091541290283	 1.0263887643814087
1.54300856590271	 1.0283199548721313
1.5491652488708496	 1.0316345691680908
1.5671337842941284	 1.0349395275115967
1.5519152879714966	 1.0391926765441895
1.5440136194229126	 1.0403742790222168
1.5521012544631958	 1.0450305938720703
1.540757179260254	 1.0544527769088745
1.5288453102111816	 1.051829218864441
1.5427809953689575	 1.0534238815307617
1.5543937683105469	 1.0538820028305054
1.5511939525604248	 1.062964677810669
1.541902780532837	 1.0517945289611816
1.557511806488037	 1.0456634759902954
1.5613939762115479	 1.0427281856536865
1.5494085550308228	 1.05020010471344
1.5382959842681885	 1.0441688299179077
1.5510997772216797	 1.0430748462677002
1.5553398132324219	 1.0505502223968506
1.5450184345245361	 1.0573245286941528
1.5446693897247314	 1.0625450611114502
1.5516347885131836	 1.0643478631973267
1.5599316358566284	 1.0658881664276123
1.5517154932022095	 1.068222999572754
1.5670948028564453	 1.0685397386550903
1.5507346391677856	 1.068694829940796
1.546918511390686	 1.0816521644592285
1.556722640991211	 1.0723497867584229
1.5577791929244995	 1.0730890035629272
1.5548081398010254	 1.0730208158493042
1.5623135566711426	 1.0779931545257568
1.5658981800079346	 1.0707073211669922
1.5712478160858154	 1.0682767629623413
1.5770552158355713	 1.0742989778518677
1.577696442604065	 1.0685240030288696
1.5763951539993286	 1.0731509923934937
1.5648738145828247	 1.071694254875183
1.562911033630371	 1.0686123371124268
1.5580004453659058	 1.056268572807312
1.5684051513671875	 1.0574617385864258
1.5785988569259644	 1.049708366394043
1.570785403251648	 1.0351639986038208
1.5885262489318848	 1.046086072921753
1.6007896661758423	 1.0497417449951172
1.5963937044143677	 1.0508464574813843
1.5884957313537598	 1.0543028116226196
1.5942198038101196	 1.062124252319336
1.582316279411316	 1.0641863346099854
1.5880212783813477	 1.072799801826477
1.581268310546875	 1.0718650817871094
1.5801889896392822	 1.0819721221923828
1.5747257471084595	 1.0816717147827148
1.5733307600021362	 1.0861867666244507
1.577629566192627	 1.0910590887069702
1.5757803916931152	 1.0922572612762451
1.5914610624313354	 1.1074638366699219
1.5786453485488892	 1.108597993850708
1.5675550699234009	 1.109893798828125
1.571079134941101	 1.1014869213104248
1.5846278667449951	 1.1077613830566406
1.5747231245040894	 1.1034629344940186
1.5797455310821533	 1.112828016281128
1.5794376134872437	 1.117268681526184
1.5700231790542603	 1.113025426864624
1.5607860088348389	 1.1160253286361694
1.5634804964065552	 1.1183794736862183
1.5592445135116577	 1.1210817098617554
1.5648114681243896	 1.1242095232009888
1.5536046028137207	 1.1243935823440552
1.558548927307129	 1.114382028579712
1.5621591806411743	 1.1154841184616089
1.5637935400009155	 1.1131632328033447
1.5609986782073975	 1.1194026470184326
1.5569769144058228	 1.123769998550415
1.561724305152893	 1.1297448873519897
1.561327576637268	 1.1296515464782715
1.5586682558059692	 1.1309165954589844
1.556153416633606	 1.1291046142578125
1.5600993633270264	 1.1336294412612915
1.563775897026062	 1.1312450170516968
1.5694124698638916	 1.1298987865447998
1.5724921226501465	 1.126945972442627
1.5727602243423462	 1.131492018699646
1.566293478012085	 1.1280548572540283
1.5715210437774658	 1.130345106124878
1.5676226615905762	 1.1328248977661133
1.5617742538452148	 1.1354531049728394
1.5588312149047852	 1.1363158226013184
1.5563626289367676	 1.1385114192962646
1.5594602823257446	 1.1381402015686035
1.5580002069473267	 1.140549898147583
1.556429147720337	 1.14066743850708
1.5574935674667358	 1.1384068727493286
1.566753625869751	 1.1417545080184937
1.5655065774917603	 1.1364266872406006
1.5694270133972168	 1.1437000036239624
1.567560076713562	 1.1544339656829834
1.5728225708007812	 1.160057544708252
1.578194499015808	 1.1706674098968506
1.5788038969039917	 1.1722134351730347
1.5811002254486084	 1.1688176393508911
1.5771266222000122	 1.1620298624038696
1.5780417919158936	 1.1604598760604858
1.5851836204528809	 1.1547471284866333
1.5869038105010986	 1.1473071575164795
1.5851668119430542	 1.14553964138031
1.5919921398162842	 1.1517046689987183
1.5864801406860352	 1.160084843635559
1.5800209045410156	 1.164843201637268
1.5724719762802124	 1.162596583366394
1.5690983533859253	 1.159117579460144
1.5679658651351929	 1.1597590446472168
1.5780811309814453	 1.165212869644165
1.5745031833648682	 1.1654365062713623
1.5668058395385742	 1.1621419191360474
1.5725016593933105	 1.1719874143600464
1.5800116062164307	 1.1728267669677734
1.5891226530075073	 1.1689276695251465
1.5989760160446167	 1.1728110313415527
1.5924652814865112	 1.1598166227340698
1.5988370180130005	 1.1579580307006836
1.6052682399749756	 1.165148377418518
1.6074970960617065	 1.16368567943573
1.6173648834228516	 1.162789225578308
1.6235709190368652	 1.169391393661499
1.6242737770080566	 1.1709835529327393
1.6127560138702393	 1.167109727859497
1.613200068473816	 1.1719813346862793
1.6085612773895264	 1.176067590713501
1.6059232950210571	 1.1798491477966309
1.599439024925232	 1.1734856367111206
1.5973107814788818	 1.1770907640457153
1.5974565744400024	 1.1869333982467651
1.589116096496582	 1.1814072132110596
1.5942937135696411	 1.1765981912612915
1.5939135551452637	 1.1746643781661987
1.6017833948135376	 1.1716585159301758
1.6017948389053345	 1.1701935529708862
1.6036685705184937	 1.1681299209594727
1.6000463962554932	 1.162326693534851
1.6048552989959717	 1.1636303663253784
1.6069895029067993	 1.1603857278823853
1.610843539237976	 1.1648762226104736
1.6083091497421265	 1.164404273033142
1.6167263984680176	 1.17213773727417
1.6046795845031738	 1.1686830520629883
1.6095765829086304	 1.1718122959136963
1.6072756052017212	 1.1754645109176636
1.6003210544586182	 1.1819144487380981
1.6052711009979248	 1.1848045587539673
1.601318597793579	 1.1796677112579346
1.614358901977539	 1.1807196140289307
1.6149629354476929	 1.1793631315231323
1.6180356740951538	 1.182576060295105
1.6170121431350708	 1.179089903831482
1.6117889881134033	 1.1755905151367188
1.6141810417175293	 1.1780874729156494
1.6255654096603394	 1.1821311712265015
1.6280454397201538	 1.1817798614501953
1.6333669424057007	 1.1865450143814087
1.6340357065200806	 1.179128885269165
1.6426714658737183	 1.1755825281143188
1.638957142829895	 1.1750812530517578
1.6453869342803955	 1.1726975440979004
1.6475430727005005	 1.1620498895645142
1.643927812576294	 1.1653858423233032
1.6484977006912231	 1.163736343383789
1.6513391733169556	 1.16825270652771
1.6465729475021362	 1.1693000793457031
1.6464873552322388	 1.1739219427108765
1.6464829444885254	 1.1868157386779785
1.6343255043029785	 1.188607931137085
1.6422715187072754	 1.1904815435409546
1.6399366855621338	 1.1886399984359741
1.6386502981185913	 1.188436508178711
1.6474182605743408	 1.1931383609771729
1.6499662399291992	 1.1926369667053223
1.6581783294677734	 1.1900213956832886
1.667825698852539	 1.1886652708053589
1.6670385599136353	 1.1909815073013306
1.6603543758392334	 1.1862854957580566
1.66075599193573	 1.1858320236206055
1.6574376821517944	 1.1905242204666138
1.6521437168121338	 1.1901277303695679
1.6505182981491089	 1.197164535522461
1.6453932523727417	 1.200532078742981
1.6475450992584229	 1.2114442586898804
1.6493152379989624	 1.2163962125778198
1.6486968994140625	 1.219970464706421
1.6473021507263184	 1.2141289710998535
1.6473973989486694	 1.2109640836715698
1.6499584913253784	 1.213927984237671
1.654366374015808	 1.213543176651001
1.6587953567504883	 1.2095668315887451
1.662680983543396	 1.208235502243042
1.6667594909667969	 1.2073622941970825
1.6637598276138306	 1.207782506942749
1.659967064857483	 1.208255410194397
1.6618999242782593	 1.2114506959915161
1.6623737812042236	 1.2129603624343872
1.6689207553863525	 1.212388277053833
1.6754429340362549	 1.216434121131897
1.6683651208877563	 1.215744972229004
1.6662219762802124	 1.2146761417388916
1.671912670135498	 1.2172759771347046
1.676998496055603	 1.2130810022354126
1.6786303520202637	 1.208508849143982
1.6826026439666748	 1.2053358554840088
1.6840336322784424	 1.196363925933838
1.6847422122955322	 1.1993709802627563
1.6820985078811646	 1.1990303993225098
1.6845675706863403	 1.201773762702942
1.6916323900222778	 1.1952283382415771
1.6909853219985962	 1.1940463781356812
1.6937721967697144	 1.198238730430603
1.6955398321151733	 1.199926495552063
1.6973282098770142	 1.1989359855651855
1.7055470943450928	 1.1992616653442383
1.7060731649398804	 1.2028146982192993
1.7078896760940552	 1.2142179012298584
1.6982181072235107	 1.2197020053863525
1.6923398971557617	 1.216912865638733
1.6891703605651855	 1.2126691341400146
1.6910444498062134	 1.2122184038162231
1.6940873861312866	 1.2165217399597168
1.6889846324920654	 1.2169294357299805
1.696081519126892	 1.217673420906067
1.7048646211624146	 1.2149341106414795
1.7143644094467163	 1.2039750814437866
1.7149780988693237	 1.1993999481201172
1.7201663255691528	 1.2017567157745361
1.7223081588745117	 1.2057937383651733
1.7178194522857666	 1.2069952487945557
1.7076826095581055	 1.2116286754608154
1.7106249332427979	 1.222680687904358
1.7222576141357422	 1.2298202514648438
1.7198442220687866	 1.2253413200378418
1.7243586778640747	 1.2203266620635986
1.727414846420288	 1.2164281606674194
1.725570797920227	 1.204501748085022
1.7292346954345703	 1.2026242017745972
1.720607876777649	 1.205048680305481
1.721014142036438	 1.2096689939498901
1.7199957370758057	 1.214206576347351
1.7192357778549194	 1.2175527811050415
1.717195987701416	 1.2179059982299805
1.715879201889038	 1.214287519454956
1.7209635972976685	 1.2172682285308838
1.7232482433319092	 1.2178752422332764
1.7305562496185303	 1.215614914894104
1.7326477766036987	 1.2111726999282837
1.7295666933059692	 1.200283408164978
1.732020378112793	 1.199908971786499
1.7340130805969238	 1.199358344078064
1.7288479804992676	 1.192953109741211
1.7289725542068481	 1.1856988668441772
1.7249270677566528	 1.1919221878051758
1.7211387157440186	 1.1986593008041382
1.7166869640350342	 1.21010160446167
1.7095954418182373	 1.222102403640747
1.7037626504898071	 1.2275991439819336
1.7110438346862793	 1.228460431098938
1.708572506904602	 1.2350255250930786
1.71184504032135	 1.2316136360168457
1.7067182064056396	 1.2292287349700928
1.7096607685089111	 1.2358481884002686
1.7151910066604614	 1.2299697399139404
1.7204787731170654	 1.2232056856155396
1.7287496328353882	 1.2217224836349487
1.7334764003753662	 1.2210867404937744
1.7330913543701172	 1.2137935161590576
1.7300807237625122	 1.21396803855896
1.73306405544281	 1.209191083908081
1.742604374885559	 1.2076398134231567
1.7454310655593872	 1.196785569190979
1.7603129148483276	 1.199782133102417
1.7580254077911377	 1.1965118646621704
1.7578943967819214	 1.19878089427948
1.753767490386963	 1.1895016431808472
1.7595584392547607	 1.1981223821640015
1.7605290412902832	 1.2032356262207031
1.7602695226669312	 1.212997555732727
1.7615858316421509	 1.2133700847625732
1.7650645971298218	 1.2170826196670532
1.764711856842041	 1.2186285257339478
1.765102744102478	 1.2240629196166992
1.7587071657180786	 1.2196351289749146
1.758029818534851	 1.2130554914474487
1.7497471570968628	 1.2119468450546265
1.7545877695083618	 1.2169357538223267
1.7485997676849365	 1.2131479978561401
1.7426878213882446	 1.2135679721832275
1.7306243181228638	 1.2120717763900757
1.726002812385559	 1.2319048643112183
1.7169512510299683	 1.2305833101272583
1.7287049293518066	 1.2331008911132812
1.7289884090423584	 1.2232757806777954
1.736853003501892	 1.2285981178283691
1.7448406219482422	 1.2246202230453491
1.757735013961792	 1.223544716835022
1.7544902563095093	 1.2098894119262695
1.7677561044692993	 1.2142071723937988
1.7778986692428589	 1.2140581607818604
1.7921720743179321	 1.2054518461227417
1.7829322814941406	 1.194868803024292
1.7715259790420532	 1.188707947731018
1.7632282972335815	 1.19355046749115
1.7640023231506348	 1.2057440280914307
1.7522635459899902	 1.2051111459732056
1.749077320098877	 1.208692193031311
1.7457672357559204	 1.1982792615890503
1.744046688079834	 1.212184190750122
1.7270286083221436	 1.2208212614059448
1.7157148122787476	 1.22637140750885
1.711586833000183	 1.2292664051055908
1.712581992149353	 1.2356332540512085
1.7157710790634155	 1.2407896518707275
1.7174595594406128	 1.2498263120651245
1.7187310457229614	 1.2479777336120605
1.721422791481018	 1.2551968097686768
1.7188081741333008	 1.2585636377334595
1.7153669595718384	 1.2686545848846436
1.70958411693573	 1.267604947090149
1.710880160331726	 1.2667711973190308
1.7150739431381226	 1.2635765075683594
1.7177424430847168	 1.2651976346969604
1.7134379148483276	 1.2610571384429932
1.718989610671997	 1.2605259418487549
1.7264204025268555	 1.2562631368637085
1.7263903617858887	 1.248621940612793
1.7242683172225952	 1.2508105039596558
1.7295516729354858	 1.2564066648483276
1.7187048196792603	 1.2598742246627808
1.7114144563674927	 1.2567265033721924
1.710240364074707	 1.2533050775527954
1.7186850309371948	 1.2441543340682983
1.724802851676941	 1.2475626468658447
1.7275065183639526	 1.2461357116699219
1.7301738262176514	 1.2499436140060425
1.7285112142562866	 1.2562639713287354
1.7217488288879395	 1.2506017684936523
1.729507327079773	 1.2395718097686768
1.7275224924087524	 1.2311067581176758
1.732326865196228	 1.2322763204574585
1.7347197532653809	 1.2364252805709839
1.7374719381332397	 1.2421274185180664
1.734014868736267	 1.238394856452942
1.7259756326675415	 1.2420358657836914
1.7291724681854248	 1.241266131401062
1.7225277423858643	 1.2387158870697021
1.7209200859069824	 1.2342404127120972
1.7271440029144287	 1.2340421676635742
1.7257472276687622	 1.2359791994094849
1.7281721830368042	 1.2325513362884521
1.7251893281936646	 1.2423949241638184
1.7271784543991089	 1.2394862174987793
1.7367199659347534	 1.2426971197128296
1.7360029220581055	 1.248942494392395
1.7337766885757446	 1.2618306875228882
1.735103964805603	 1.2646955251693726
1.7287355661392212	 1.256520390510559
1.731935739517212	 1.2521849870681763
1.731838345527649	 1.252323865890503
1.7336920499801636	 1.2552642822265625
1.729731798171997	 1.250701665878296
1.7246818542480469	 1.2527942657470703
1.7231531143188477	 1.2442066669464111
1.7271733283996582	 1.2444480657577515
1.7252229452133179	 1.2416759729385376
1.728013515472412	 1.2389984130859375
1.7300660610198975	 1.2354744672775269
1.7289663553237915	 1.2468583583831787
1.7357734441757202	 1.253225326538086
1.7348711490631104	 1.2538856267929077
1.7301427125930786	 1.2635661363601685
1.7259684801101685	 1.2660447359085083
1.7248950004577637	 1.2695133686065674
1.7227578163146973	 1.2742609977722168
1.7309221029281616	 1.264865517616272
1.7328221797943115	 1.2562602758407593
