0
30.204
42.847
40.042
22.894
8.636
2.641
3.529
3.867
3.716
3.512
3.5
3.547
3.436
3.195
3.114
3.234
3.397
3.39
3.273
3.286
3.407
3.464
3.316
3.18
3.311
3.682
3.98
3.934
3.543
3.145
3.008
3.16
3.401
3.565
3.633
3.535
3.278
2.948
2.797
2.999
3.473
3.91
4.034
3.918
3.715
3.601
3.569
3.605
3.76
3.94
4.014
3.756
3.099
2.458
2.263
2.733
3.538
4.16
4.442
4.314
3.871
3.23
2.807
3.011
3.746
4.37
4.215
3.329
2.42
2.202
2.755
3.574
4.18
4.308
3.932
3.291
2.71
2.585
2.86
3.269
3.41
3.077
2.44
1.848
1.698
2.193
3.132
3.942
4.071
3.683
3.371
3.431
3.774
4.628
5.736
6.315
5.339
3.496
2.359
2.574
3.527
4.056
4.077
3.769
3.941
4.638
5.523
5.75
5.095
4.107
3.235
2.827
2.775
2.602
2.09
1.733
2.153
3.203
3.787
3.857
3.846
4.003
3.958
3.427
2.943
2.813
3.035
3.292
3.456
3.518
3.333
3.062
2.905
3.163
3.7
4.093
4.127
3.666
3.071
2.73
2.916
3.469
3.909
4.024
3.822
3.519
3.239
3.152
3.281
3.54
3.859
4.09
4.177
3.966
3.43
2.82
2.499
2.807
3.717
4.657
5.017
4.484
3.58
3.065
3.161
3.665
4.139
4.343
4.102
3.426
2.65
2.213
2.461
3.23
3.979
4.212
3.908
3.416
3.039
2.975
3.324
3.873
4.19
3.912
3.241
2.73
2.849
3.44
4.071
4.424
4.546
4.5
4.23
3.921
3.823
3.923
3.885
3.509
3.136
3.133
3.453
3.799
4.021
4.158
4.1
3.791
3.467
3.494
3.845
4.161
4.151
3.858
3.562
3.477
3.603
3.784
3.845
3.878
3.925
3.964
3.798
3.64
3.843
4.47
4.924
4.66
3.983
3.552
3.687
3.993
4.093
3.837
3.463
3.262
3.375
3.54
3.359
3.016
2.885
3.042
3.021
2.668
2.434
2.691
3.252
3.594
3.402
2.846
2.278
1.849
1.418
0.892
0.292
-0.243
-0.767
-0.999
-0.767
-0.54
-0.978
-2.282
-3.281
-3.845
-4.197
-4.536
-4.546
-4.004
-3.396
-2.95
-2.939
-3.186
-3.273
-2.878
-2.2
-1.814
-2.103
-3.021
-3.902
-4.044
-3.552
-3.016
-2.963
-3.423
-4.058
-4.419
-4.108
-3.321
-2.817
-2.838
-3.411
-3.932
-4.395
-4.615
-4.399
-3.928
-3.259
-3.056
-3.469
-4.159
-4.285
-3.479
-2.463
-2.211
-2.821
-3.689
-4.161
-4.197
-4.012
-3.79
-3.643
-3.662
-3.818
-3.832
-3.565
-3.066
-2.712
-2.661
-2.91
-3.259
-3.514
-3.665
-3.702
-3.677
-3.561
-3.419
-3.281
-3.232
-3.187
-3.096
-3.07
-3.134
-3.315
-3.35
-3.268
-3.216
-3.208
-3.268
-3.4
-3.669
-4.061
-4.351
-4.271
-3.752
-3.007
-2.664
-2.973
-3.693
-4.235
-4.228
-3.833
-3.162
-2.542
-2.222
-2.543
-3.304
-4.002
-4.38
-4.286
-3.812
-3.033
-2.494
-2.622
-3.379
-4.184
-4.394
-3.951
-3.24
-2.875
-3.021
-3.518
-3.973
-4.133
-3.889
-3.262
-2.482
-2.021
-2.388
-3.384
-4.3
-4.425
-3.895
-3.166
-2.678
-2.666
-3.12
-3.903
-4.418
-4.187
-3.33
-2.441
-2.234
-2.681
-3.378
-3.883
-3.915
-3.575
-3.093
-2.843
-3.08
-3.692
-4.108
-4.02
-3.525
-3.204
-3.259
-3.536
-3.79
-3.76
-3.532
-3.269
-3.243
-3.449
-3.803
-4.157
-4.33
-4.135
-3.617
-3.194
-3.218
-3.635
-4.068
-4.285
-4.257
-4.139
-4.282
-4.781
-5.318
-5.23
-4.593
-3.918
-3.426
-3.167
-3.125
-3.444
-3.695
-3.704
-3.678
-3.951
-4.299
-4.312
-4.032
-3.764
-3.825
-3.939
-3.705
-3.088
-2.656
-2.934
-3.713
-4.262
-4.247
-3.782
-3.285
-2.942
-2.839
-3.037
-3.419
-3.949
-4.339
-4.336
-3.778
-3.008
-2.713
-3.132
-3.894
-4.424
-4.456
-4.104
-3.496
-2.925
-2.743
-3.109
-3.716
-3.954
-3.571
-2.809
-2.21
-2.143
-2.715
-3.6
-4.252
-4.228
-3.633
-3.018
-2.819
-3.184
-3.767
-4.226
-4.078
-3.348
-2.472
-2.164
-2.739
-3.672
-4.289
-4.241
-3.902
-3.583
-3.376
-3.304
-3.54
-3.911
-3.917
-3.181
-2.281
-2.09
-2.795
-3.78
-4.228
-4.139
-3.784
-3.513
-3.375
-3.388
-3.531
-3.746
-3.836
-3.499
-2.868
-2.377
-2.598
-3.254
-3.82
-3.962
-3.786
-3.607
-3.483
-3.466
-3.521
-3.569
-3.505
-3.212
-2.818
-2.645
-2.806
-3.104
-3.274
-3.232
-3.177
-3.181
-3.326
-3.622
-3.899
-4.03
-3.894
-3.622
-3.292
-2.931
-2.668
-2.713
-3.162
-3.729
-4.005
-3.822
-3.406
-3.112
-3.147
-3.506
-3.909
-4.226
-4.306
-4.038
-3.354
-2.623
-2.496
-3.087
-3.85
-4.14
-3.84
-3.287
-2.836
-2.762
-3.08
-3.644
-4.319
-4.616
-4.191
-2.977
-2.014
-2.08
-3.145
-4.308
-4.572
-4.131
-3.293
-3.178
-3.639
-4.332
-4.723
-4.701
-4.464
-3.981
-3.569
-3.518
-3.863
-4.088
-4.022
-3.567
-3.111
-2.703
-2.698
-3.097
-3.65
-3.898
-3.603
-3.206
-3.007
-3.121
-3.436
-3.808
-4.008
-3.861
-3.528
-3.288
-3.153
-3.126
-3.469
-3.929
-4.045
-3.605
-3.139
-3.239
-3.691
-4.038
-3.919
-3.48
-3.103
-2.972
-3.266
-3.631
-3.856
-3.817
-3.682
-3.543
-3.261
-3.192
-3.515
-4.085
-4.294
-4.047
-3.721
-3.515
-3.451
-3.367
-3.362
-3.43
-3.68
-3.993
-4.022
-3.736
-3.382
-3.423
-3.723
-3.899
-3.727
-3.27
-2.905
-2.843
-3.12
-3.572
-3.865
-3.892
-3.62
-3.223
-2.867
-2.695
-2.905
-3.407
-3.86
-3.915
-3.516
-3.01
-2.729
-2.84
-3.179
-3.493
-3.588
-3.426
-3.007
-2.403
-2.089
-2.444
-3.4
-4.277
-4.476
-4.058
-3.427
-3.171
-3.42
-3.957
-4.202
-3.834
-3.001
-2.247
-2.235
-2.996
-3.886
-4.179
-3.901
-3.655
-3.693
-3.43
-2.799
-2.315
-2.622
-3.201
-3.113
-2.713
-2.806
-3.636
-4.875
-5.898
-6.571
-6.242
-5.012
-3.786
-3.125
-3.303
-3.689
-3.885
-3.637
-3.088
-2.708
-2.713
-3.192
-4.499
-6.229
-7.329
-6.937
-5.571
-4.703
-4.577
-4.611
-4.347
-3.873
-3.55
-3.259
-3.076
-3.102
-3.321
-3.539
-3.502
-3.382
-3.439
-3.735
-3.788
-3.357
-2.743
-2.431
-2.417
-2.412
-2.335
-2.425
-2.653
-2.779
-2.66
-2.386
-2.17
-2.637
-3.957
-5.65
-5.961
-3.581
-0.189
2.266
2.807
2.546
2.539
2.816
3.361
3.647
3.486
3.057
2.702
2.615
2.635
2.994
3.468
3.819
3.717
3.02
2.717
2.663
3.214
3.661
3.739
3.473
2.973
2.997
3.198
3.684
4.124
4.323
3.917
3.029
2.413
2.548
3.25
3.887
3.959
3.532
2.967
2.726
2.947
3.426
3.856
4.015
3.912
3.588
3.273
3.221
3.546
3.883
3.87
3.497
3.05
2.896
2.966
3.276
3.719
4.136
4.19
3.687
3.126
2.957
3.261
3.616
3.89
4.146
4.273
3.989
3.293
2.736
2.739
3.211
3.491
3.304
2.816
2.588
2.931
3.624
4.182
4.185
3.786
3.446
3.357
3.457
3.518
3.475
3.361
3.189
3.065
2.935
2.86
2.973
3.367
3.919
4.296
3.955
2.942
1.824
1.601
2.43
3.602
4.334
4.191
3.397
2.569
2.346
2.848
3.647
4.236
4.464
4.256
3.773
3.247
3.111
3.418
3.904
4.035
3.768
3.213
2.612
2.251
2.5
3.491
4.507
4.811
4.269
3.535
3.185
3.35
3.767
4.121
4.063
3.454
2.632
2.274
2.875
4.123
5.082
5.035
4.255
3.425
3.078
3.183
3.674
4.26
4.36
3.762
2.884
2.443
2.68
3.323
3.848
4.01
3.767
3.505
3.333
3.324
3.456
3.617
3.737
3.571
3.16
2.716
2.532
2.837
3.439
4.047
4.324
4.327
4.275
4.332
4.342
4.223
4.103
4.036
3.872
3.362
2.766
2.44
2.553
2.858
3.047
3.187
3.445
3.87
4.216
4.327
4.263
4.101
3.916
3.684
3.415
3.067
2.754
2.8
3.234
3.74
3.956
3.87
3.792
3.808
3.911
4.333
5.074
5.681
5.38
4.216
3.225
3.108
3.673
4.17
4.194
3.837
3.393
3.167
3.261
3.67
4.048
4.084
3.564
2.764
2.272
2.302
2.89
3.551
3.914
3.683
3.102
2.719
2.914
3.576
4.185
4.36
4.066
3.509
2.873
2.523
2.803
3.581
4.148
3.889
3.155
2.655
2.812
3.412
4.028
4.391
4.215
3.6
2.913
2.668
2.939
3.414
3.723
3.717
3.475
3.193
3.028
3.047
3.323
3.744
4.042
3.841
3.261
2.944
3.18
3.78
4.219
4.365
4.266
3.873
3.412
3.172
3.352
3.689
3.799
3.626
3.328
3.172
3.216
3.419
3.677
3.861
3.827
3.543
3.211
3.06
3.193
3.429
3.665
3.669
3.452
3.153
3.029
3.114
3.316
3.6
3.976
4.179
3.95
3.47
3.206
3.531
4.028
4.193
3.851
3.279
2.841
2.543
2.508
2.9
3.688
4.457
4.613
4.062
3.343
2.991
3.155
3.533
3.844
3.942
3.609
2.938
2.422
2.653
3.626
4.611
4.876
4.396
3.67
3.041
2.737
2.761
3.081
3.179
2.639
1.868
1.459
1.84
2.554
3.177
3.442
3.295
2.815
2.298
2.24
2.858
3.81
4.456
5.015
5.661
6.348
6.27
5.344
4.374
3.638
3.24
2.87
2.862
3.262
4.251
5.58
6.612
6.383
4.912
3.342
2.473
2.573
2.956
3.336
3.084
2.265
1.59
1.775
2.66
3.283
3.485
3.554
3.697
3.519
3.054
2.738
2.972
3.521
3.881
3.874
3.647
3.347
3.01
2.745
2.833
3.261
3.634
3.676
3.319
2.961
2.847
3.084
3.483
3.798
3.858
3.713
3.5
3.519
3.753
4.06
4.218
4.052
3.552
2.879
2.49
2.608
3.104
3.594
3.844
3.846
3.843
3.985
4.324
4.615
4.765
4.709
4.318
3.674
2.975
2.708
2.905
3.348
3.731
3.667
3.133
2.481
2.503
3.327
4.252
4.804
4.804