0.2302240878
0.2337558568
0.2365317941
0.2303389162
0.2251547426
0.2225774378
0.2177458704
0.2193802446
0.2194903046
0.2149559557
0.2185764611
0.2218980193
0.2261480838
0.2282900214
0.2253266722
0.2240484357
0.221747309
0.2213399708
0.2224893421
0.2131368518
0.2037249953
0.2003202587
0.201068908
0.2008690983
0.1990008503
0.2050998807
0.2040890306
0.2062751204
0.2104333788
0.2116282135
0.2156137228
0.213049531
0.209376052
0.2042919099
0.2022671849
0.2014938295
0.2061519176
0.2120437771
0.216256395
0.2124079913
0.2171688676
0.227385357
0.2223777771
0.2217042744
0.2215771377
0.2236036211
0.2223084718
0.2213178575
0.2269843966
0.2308293134
0.2379537076
0.2372041792
0.2311497629
0.2232995331
0.2207864076
0.2220233977
0.2184163183
0.2171716094
0.223933205
0.2232767195
0.2212974131
0.2304291278
0.2333595455
0.2359069735
0.2317557931
0.2301916629
0.2218812704
0.2272338271
0.2253023088
0.2291006297
0.2308076471
0.2239799947
0.2232064903
0.2290041894
0.2197698951
0.2236852199
0.2323280573
0.236305669
0.2395776361
0.2353710681
0.2293237597
0.2295726687
0.2287972271
0.2248802334
0.2241779566
0.2298474312
0.2327222824
0.2234794348
0.2272579074
0.2372927517
0.239545539
0.2397062033
0.2469412237
0.2431312054
0.2337694913
0.232544139
0.2385907471
0.2403161079
0.2390169054
0.2415912598
0.2420216799
0.2421887368
0.2364416569
0.2357443273
0.2380825132
0.2368816882
0.2432471067
0.2461479604
0.248601526
0.2402046323
0.2330853045
0.2407317162
0.2364935428
0.2274323702
0.2284763902
0.2301291525
0.2324151993
0.223319605
0.223276943
0.2230450511
0.2192047387
0.2240720689
0.2181244642
0.2213103771
0.2208915353
0.2170208991
0.2157832086
0.2139149308
0.217322126
0.2211291045
0.224585712
0.2240913659
0.2234340161
0.2237109244
0.2166002244
0.2219011933
0.225984931
0.2194130421
0.2147422284
0.2195466459
0.2271492481
0.2255132943
0.2292615026
0.2247310579
0.2186126113
0.217220515
0.2120153159
0.2169869691
0.2231000066
0.2197541296
0.2217788845
0.221050173
0.2227425128
0.2136324495
0.2162198126
0.211639747
0.2131564468
0.2159924656
0.2206290364
0.2195106149
0.21385777
0.2051791698
0.2048781812
0.2062806338
0.2095670104
0.2101950049
0.2039858997
0.2058896273
0.2132935524
0.2123886496
0.2123617679
0.2132785171
0.2231004834
0.2245603055
0.2241410315
0.220539853
0.2135564387
0.2141246796
0.2188179493
0.2192809433
0.2214365602
0.2145632356
0.2156516165
0.210979104
0.2147352248
0.2083411962
0.2099425793
0.2143562138
0.2195154876
0.2213008851
0.2233082056
0.2207174003
0.2195194513
0.2197135389
0.223236084
0.216022715
0.2159588933
0.2184801549
0.2211940736
0.2202276587
0.222449258
0.2203517556
0.2201396823
0.2189422697
0.2211317867
0.2237974703
0.227570489
0.2287950367
0.2291124016
0.2294559032
0.2329663336
0.2243512571
0.2317152917
0.2280631959
0.2280871272
0.2312994599
0.2314552665
0.2366845012
0.2300625741
0.2350457609
0.2380313277
0.2382962555
0.2339883447
0.2252582908
0.2322055548
0.229815647
0.2323387116
0.237179935
0.2370803654
0.2368066609
0.2369208634
0.2369989306
0.2312011123
0.2333762795
0.23514992
0.2373397797
0.2435465604
0.2404564619
0.2320743203
0.2277275771
0.2266087234
0.2325032949
0.2370776236
0.2298711091
0.2250664234
0.2205376029
0.2196727246
0.2260589004
0.2331418395
0.2268954366
0.2321907878
0.2240997851
0.2227725685
0.2278131992
0.2292451113
0.2322763354
0.2332881689
0.2325944304
0.2241401374
0.2231130898
0.2282148451
0.2314481735
0.2313297391
0.2349896282
0.2374146283
0.2271113992
0.2197056711
0.2233924568
0.2280126214
0.233557865
0.2355370224
0.2310102582
0.2274934053
0.2267035544
0.2292217165
0.2253022343
0.2266962379
0.2228441089
0.2182806134
0.223234266
0.2300335616
0.2317636609
0.2284678072
0.2227238715
0.2196781784
0.2186037749
0.2148299515
0.21503672
0.2134895176
0.2161162496
0.21583727
0.2178254128
0.2209248692
0.2280655205
0.2315319777
0.2275423259
0.2196372151
0.2157945633
0.2174431682
0.2157098651
0.2081583291
0.2154578567
0.2223844081
0.2265398055
0.2226923853
0.2205863297
0.2174366564
0.2142936587
0.217293933
0.2208949924
0.2274762243
0.2243941724
0.2273458391
0.2324121743
0.2330827862
0.2189146578
0.2235403359
0.234406352
0.2340817153
0.2379465252
0.2348136604
0.2353721261
0.2329887152
0.2222804427
0.218931675
0.2169442177
0.216230616
0.2219573259
0.2300078422
0.2322722077
0.2252665311
0.2298537344
0.2301510721
0.2381709665
0.2307753861
0.2235842943
0.2216458768
0.223611325
0.2282387614
0.2380258888
0.2361513078
0.2330352217
0.2344287634
0.2285202593
0.2265069932
0.2257898003
0.2209085971
0.219641611
0.2142990381
0.2219566405
0.2202978134
0.2183735073
0.2210736871
0.2161965668
0.2147645801
0.2133489698
0.2159159631
0.2235493809
0.2271579206
0.2231385112
0.2294861078
0.2294815779
0.2342261523
0.231756717
0.2272714525
0.2215878963
0.2313604951
0.2333761603
0.2285308689
0.2264185846
0.2308040857
0.2295561731
0.229324609
0.2283745408
0.2320294827
0.2273010612
0.22866036
0.22112073
0.2204811275
0.2211311013
0.2235477418
0.2279468924
0.2255620211
0.2204481065
0.2205258161
0.2184770405
0.2256929427
0.2300491184
0.2311325818
0.2276739478
0.2204111516
0.2148250192
0.2208136618
0.2210593373
0.226919055
0.2265351713
0.2267031223
0.2284497321
0.2252669483
0.2240634114
0.2251264751
0.2189234644
0.2061185986
0.2048920989
0.2097130567
0.2160342783
0.2210555673
0.2211894542
0.2224512845
0.2194861472
0.2155040205
0.2175888568
0.2249264419
0.2200674713
0.2228422612
0.2246606499
0.2302517295
0.2259337753
0.2253183275
0.2232288718
0.2246201187
0.2247453928
0.2295911014
0.2255775481
0.2254143059
0.2218610644
0.2192004323
0.2229708284
0.2210433185
0.2160043269
0.2209522128
0.2299188226
0.2213247865
0.2134291679
0.2047912329
0.1965622902
0.2267904878
0.2354255021
0.2336549014
0.2298343927
0.2212954015
0.2290689647
0.2153642327
0.2188624889
0.2174435407
0.222895965
0.2316254973
0.2220900059
0.2200788409
0.2149906605
0.2122312337
0.2089337856
0.2032352686
0.2077917308
0.2130329907
0.2118512094
0.2085176706
0.2054096907
0.2064760178
0.2079668045
0.2097524107
0.2134563029
0.2125849277
0.2098679841
0.2150476426
0.2265930772
0.2321007848
0.2230073214
0.2268131971
0.2281974703
0.2217213809
0.2255162001
0.219271034
0.2282216996
0.2358253151
0.2483321875
0.245958373
0.2366285473
0.2386857718
0.2325684726
0.2255446762
0.2295808941
0.2325808555
0.232422635
0.2419234812
0.2435302436
0.2388158739
0.2337034047
0.2303648144
0.2298204899
0.2366304249
0.230882138
0.2300448269
0.2363229692
0.2305329889
0.2262373269
0.2176782638
0.2211800367
0.235821411
0.2362468839
0.231639266
0.2345022559
0.2323995382
0.2329517007
0.2360678166
0.2335181981
0.2365132123
0.236245364
0.2343383878
0.22952196
0.2295512706
0.2261208445
0.2230421305
0.2244914919
0.2265496552
0.2179792374
0.2162596285
0.210713461
0.2142727822
0.2183056325
0.2231540978
0.2246498168
0.2248751819
0.2227835506
0.2228307128
0.2240129113
0.2214608043
0.2137200385
0.2117958069
0.2072594017
0.2054987103
0.2134484798
0.215579927
0.2154534608
0.2171698958
0.2232211232
0.2224565893
0.2174592018
0.2233397812
0.219527036
0.2097523063
0.2119515985
0.2145856023
0.2143446654
0.2161743343
0.2141205072
0.2105650455
0.2098678946
0.2057921588
0.2111437023
0.2130453885
0.2187734246
0.2163344771
0.2195892334
0.2145073563
0.216071263
0.215826422
0.2144223899
0.2146837413
0.2098847628
0.2191046178
0.2176758945
0.2197647691
0.2275034785
0.2300211191
0.2288101017
0.2190958709
0.2173819244
0.2212868631
0.2207290679
0.2301664203
0.2345936149
0.2313329428
0.235555172
0.2374308854
0.2346738577
0.2341405004
0.2321613729
0.2278856039
0.2305677533
0.2343689203
0.2297035307
0.2270527184
0.2284298986
0.2349252403
0.2409714311
0.2383661419
0.230240196
0.2250807732
0.2231120318
0.2222436219
0.220484212
0.2293955982
0.2343042642
0.2351820767
0.2453837097
0.2497610003
0.2478157729
0.2486462146
0.2443283349
0.2442665398
0.2308035195
0.2294719815
0.218548134
0.2193279862
0.2222432196
0.2146973759
0.2203480452
0.2318556905
0.2420209348
0.2512622476
0.2494012564
0.2392137498
0.230556339
0.2358407378
0.2346420139
0.2246359885
0.2270125896
0.2295172215
0.2210258394
0.2207503468
0.222901985
0.2254728228
0.2258431315
0.2296349406
0.2295476943
0.2273641378
0.2329957187
0.2363469899
0.2260811776
0.2291397601
0.2295495868
0.229196921
0.2327584326
0.2299668193
0.2309473753
0.2377177924
0.2383599579
0.2362858802
0.2361533344
0.2416697443
0.2373511195
0.2395896763
0.2431171536
0.2423763722
0.2345353216
0.231595099
0.2346279323
0.2327203453
0.1788019985
0.1729671508
0.1812967211
0.1947987974
0.205124259
0.2026743144
0.2065341175
0.2095022798
0.2190419286
0.2211855352
0.2126020789
0.2096617967
0.2131729275
0.2145896107
0.2194590569
0.2200571746
0.2247177958
0.2240935862
0.2143792361
0.2088484615
0.218875587
0.2210113853
0.2204139233
0.2171464413
0.2201908529
0.2175699174
0.226133287
0.2261001617
0.2187045813
0.221742332
0.2205103934
0.222743094
0.2132278085
0.2038881928
0.20205383
0.2100544572
0.2114286423
0.2165525705
0.2177532166
0.2178578377
0.226676017
0.2252179384
0.2240920812
0.2137651592
0.212845102
0.2199671865
0.222241357
0.2154424936
0.2213247716
0.2268083245
0.2286619991
0.2276470363
0.2271344662
0.2219690382
0.2258664668
0.2269589007
0.2237063646
0.2307704091
0.2325259298
0.2327248603
0.2313615382
0.2349400371
0.2266399562
0.2289218903
0.2362947166
0.2373212725
0.2250222117
0.2232607305
0.2191033065
0.2127616554
0.2081599981
0.2107688338
0.2116176039
0.2145584375
0.2196674198
0.2234221548
0.2313377261
0.2320165336
0.238407135
0.2335112393
0.2313552201
0.2262320817
0.2231969237
0.2242513597
0.2244463116
0.2275687009
0.2199205756
0.2171343416
0.2145438939
0.2130340487
0.2209778428
0.2217523307
0.2231912911
0.2181165516
0.2269122601
0.22881262
0.2252400815
0.2212786376
0.221160382
0.2288774252
0.2318041772
0.2233497947
0.2226398289
0.2258815765
0.2269338071
0.2280532271
0.2288810909
0.2289857864
0.2317508608
0.2298700511
0.2378957123
0.2287917882
0.2316589803
0.2198423296
0.222713694
0.2216099501
0.2184241861
0.2252402008
0.2164805979
0.209396407
0.2176791877
0.2136925012
0.2084626108
0.2159442455
0.228302002
0.2183113694
0.2123473883
0.2188710272
0.2240579128
0.2245807052
0.2275437266
0.2228378952
0.2105310112
0.2024025917
0.1970178932
0.1962839514
0.1985993832
0.2012141943
0.2082184106
0.2123927921
0.2198245525
0.2157369405
0.2075378299
0.2079702169
0.2142703831
0.2232319862
0.2222634703
0.2122793198
0.2116526067
0.2169807255
0.2220798284
0.2231683284
0.2345025539
0.2411596626
0.2368849367
0.2320415527
0.2322619557
0.2398949862
0.2472389191
0.2341968715
0.2239456475
0.2175962925
0.2214266062
0.2200432569
0.2149744928
0.2125618607
0.2325951308
0.2318409234
0.2270602882
0.2281241715
0.2331864238
0.2328861356
0.2255798578
0.2303503454
0.2367526442
0.2314551026
0.2305159569
0.2334421426
0.2302571833
0.2307426631
0.2369966209
0.2360441685
0.2308587879
0.2294845134
0.2248114198
0.2344993502
0.2287656218
0.2350068688
0.2341541946
0.2313051522
0.2388524711
0.2347908914
0.2341085374
0.236166209
0.2410286665
0.238564074
0.2361629754
0.231630981
0.2312048525
0.2342908829
0.250490725
0.2442117482
0.2431674302
0.2412053943
0.2410309464
0.2397482991
0.2437090278
0.238675341
0.2376751304
0.2388176024
0.2407113314
0.2388513088
0.2370489389
0.2342191488
0.2269774526
0.2351162732
0.2297787815
0.2286881357
0.2305347174
0.2326824814
0.2312883139
0.228057608
0.232371822
0.2315013856
0.2381333113
0.2426490337
0.2323858142
0.2276397794
0.2237305641
0.230853647
0.2292301208
0.2239739746
0.2199003547
0.2245771885
0.2297739238
0.2334706336
0.2288129032
0.2219677418
0.2261844128
0.2310473472
0.2299058139
0.2326903939
0.2355892956
0.2298578769
0.2243690938
0.2237091959
0.2274735719
0.2213163674
0.2161379158
0.2088215798
0.2154736668
0.2194390595
0.2247929275
0.2310350686
0.2281761616
0.2341841608
0.2302374244
0.2279322296
0.2268695384
0.2218745053
0.220868662
0.2215894014
0.2174731195
0.2079058737
0.205997631
0.2107820511
0.2138286531
0.2167150974
0.2184274197
0.2188247889
0.223537758
0.2161822021
0.2188340127
0.2257690877
0.2273128927
0.2311562896
0.234400779
0.2363158762
0.2366241813
0.2244687527
0.2354908437
0.2350374013
0.2415929586
0.2455798537
0.229422465
0.2368703336
0.2328015566
0.2306149006
0.2285902649
0.2224904597
0.2266188115
0.2248765975
0.228237167
0.2259318233
0.2267472446
0.2269784957
0.2340937108
0.2144991755
0.2099575996
0.2135148793
0.2204229236
0.2185914218
0.213947311
0.2185608447
0.2244836837
0.232858032
0.240855068
0.2406347245
0.2369139194
0.2347183228
0.2342614383
0.2396425158
0.241897434
0.2337242663
0.2198842317
0.2260162532
0.2312662303
0.2449442744
0.2521706223
0.2556347847
0.2571137846
0.2539277077
0.2514770031
0.2439668477
0.2322903872
0.2357294559
0.2330620289
0.2286582738
0.2253908068
0.2370582074
0.2468401641
0.2454658151
0.2395841479
0.2371950746
0.233034119
0.2315954417
0.2216816247
0.2195543796
0.2202695161
0.224126786
0.2308897227
0.2330638915
0.2356800437
0.2385285497
0.2372620404
0.2341406345
0.2419858724
0.2423812747
0.2426739484
0.2379957736
0.2415748537
0.2360013574
0.2304213643
0.2273381799
0.2298379391
0.2343765646
0.2299543172
0.2311637849
0.2293596864
0.2320641577
0.2418192625
0.2389489561
0.2321628481
0.2257375866
0.2173629999
0.2176704407
0.2222257257
0.2127850205
0.2080774158
0.2080316097
0.2070353329
0.2062215954
0.2068358213
0.2095268071
0.2012315542
0.2046061605
0.2116175294
0.2127998173
0.2132808715
0.2200520039
0.2132536173
0.2180604786
0.2227418572
0.2266854048
0.2269434184
0.2250183076
0.2215653211
0.2258940339
0.2231492549
0.225573808
0.2288820893
0.218742758
0.2204539478
0.217623055
0.2141593099
0.2226616293
0.2256824523
0.2340712845
0.2264676839
0.2237130553
0.2185779661
0.2249116153
0.2232709825
0.2276082635
0.221301809
0.2151876241
0.2181510478
0.2228664607
0.2265251577
0.2336100489
0.2307902724
0.2356101722
0.2320364863
0.2360271662
0.2342942059
0.2341629565
0.2382413447
0.2311098576
0.2315927595
0.2405425608
0.2444879413
0.24567011
0.2490496486
0.2525144219
0.2463320941
0.2471794784
0.2430907637
0.2462185323
0.2432155162
0.2414557338
0.2399722785
0.2316591144
0.2348720133
0.2327710092
0.2330624908
0.2320324928
0.2324586809
0.2375839204
0.2391984314
0.2392205745
0.2290411294
0.2289318144
0.2376824915
0.2316952348
0.2267799377
0.2285192311
0.228418991
0.2282129079
0.2335677445
0.2337938696
0.2362146229
0.2321258038
0.2338552922
0.2332778573
0.2318861187
0.2252440453
0.2330468297
0.2389523983
0.2469145507
0.241271928
0.23545748
0.232926473
0.2275037616
0.2330610305
0.2364551127
0.2363429219
0.231479913
0.2354186922
0.233767271
0.2389079928
0.2354466021
0.236530751
0.2378535271
0.2402347624
0.2488484979
0.2481703907
0.2456278354
0.2367116958
0.2346521169
0.2365582883
0.2306538522
0.2297293097
0.2226224989
0.2244768143
0.2173410207
0.2140248716
0.2180204988
0.2261719108
0.2256091088
0.2322552949
0.2420529127
0.2381243557
0.2414721996
0.2409749776
0.2433237135
0.2430432141
0.2384108007
0.2449811399
0.2449087501
0.2415809631
0.2359717041
0.2328740954
0.2256049812
0.2216863632
0.2223832607
0.2240325212
0.2287882566
0.2282650471
0.231570527
0.2316408008
0.2300857157
0.2259489149
0.2285993546
0.2307272851
0.2275479883
0.227937609
0.2257095575
0.2277561575
0.228155151
0.2262831032
0.2297072262
0.2289566994
0.2317725271
0.2329826355
0.2284055799
0.2247062027
0.2215286195
0.2133186162
0.2203167975
0.2228758782
0.2248083949
0.2277282923
0.2303289175
0.2344580293
0.2402932197
0.2415812314
0.2380176187
0.2397387922
0.243785575
0.2470430285
0.240977481
0.2381839752
0.237749055
0.23933734
0.2354676574
0.2344321758
0.2342193425
0.2355445772
0.2421839535
0.2476397008
0.2476397008