6.169413599
6.376512827
6.561202357
6.448613518
6.612051749
6.742051802
6.600507211
6.472966634
6.587716847
6.991979048
6.805581061
6.448652374
6.230970299
6.255191061
5.930807467
5.480714393
5.318443669
4.988033724
4.693809209
4.533383548
4.033033638
3.52707842
3.312824797
3.312633248
3.625871794
3.403751614
3.667082424
3.492878904
3.805886742
3.732737541
3.269069087
3.2573585
3.363360911
3.903274311
3.78080902
4.06070319
4.100456409
4.777345155
5.512333008
6.036693006
6.737566948
6.746538477
7.095368684
7.183921935
7.136919912
6.166975373
5.926185402
6.10029937
6.598733791
7.22764911
7.15486115
6.561314675
6.480187813
6.127981368
5.914503653
5.514796126
5.75348847
5.779940427
5.334755375
5.18487674
5.063444476
5.175589504
5.725592156
5.9669249
6.248230339
6.557334952
6.672822826
7.153703964
7.219441954
6.456058728
6.183837137
6.154018656
5.505386251
5.637844564
6.067862346
6.603296357
6.787050302
6.920808477
7.35803651
7.171592988
6.76369652
6.270734143
6.120861579
6.160037722
5.858636349
5.546683092
5.511704024
5.798589576
5.947943045
5.467805032
5.690334416
6.260176188
6.683322496
7.02230691
7.526797431
7.523220841
7.037037047
6.944281864
7.066274507
6.858603364
6.342590769
6.123608832
6.326242635
6.669261413
6.905040151
7.058500841
7.155600632
7.539505833
7.290478957
7.209248276
6.856971404
6.235796966
6.498487863
6.472480931
6.235708933
6.10902562
5.812317952
5.81114316
5.81062528
5.477125053
5.217347763
4.937259312
4.863937079
4.713403049
4.538437584
4.7834902
4.834252166
5.077962726
5.106045429
5.128367094
4.878994459
4.813801366
4.954704222
4.971100319
5.04750069
4.34011955
4.126795136
4.358737432
4.616652053
4.63692193
4.393578379
4.682465631
4.676990248
5.199931691
5.538808643
5.775539964
6.003089082
5.858267215
5.789707294
6.153409707
6.132453472
5.91324447
5.188770251
5.746675281
6.121952587
6.520207865
6.66644859
6.276917134
5.706904152
5.691851629
6.093316185
6.054954199
6.002936086
5.74584898
5.086698386
5.316409791
5.186746087
5.248584495
5.176963434
5.629280418
5.299543777
5.128507948
4.321707789
4.157780213
3.819861006
3.82315771
3.8395617
4.029489225
3.970186487
4.45313095
4.451202408
4.123639285
3.920774167
4.086831244
4.324538219
4.45985732
4.341321057
4.475805356
4.863098028
5.31128381
5.624765208
5.619260379
5.705901176
5.75971396
5.520293062
5.575545954
4.823679033
4.734195663
4.576553379
4.123873636
4.027806874
4.219185132
4.604558065
5.086160168
4.894365116
4.881108175
5.234859153
4.949881198
4.611742817
4.728026939
4.826918668
5.188067804
5.22589491
5.824779253
6.030503336
6.484670239
6.841356074
7.164549697
7.082682746
6.795187638
6.677285823
6.425276128
6.828752098
6.643806968
6.238778572
6.715895517
6.5820997
6.864497362
6.861651753
6.773729309
7.058720014
7.095907814
6.936240455
6.801356058
6.705785622
6.413558559
5.846462827
5.800480172
5.717603567
5.768502137
6.253984698
6.14298957
5.872026555
5.804407075
5.907760284
5.681840697
5.423729973
5.356187598
5.266048529
5.113066256
4.779609742
5.397876037
5.473643781
5.338866846
5.178169798
5.049654172
5.427660519
5.793934119
5.923837031
5.702952356
5.611972415
5.58539964
5.909102036
5.619611299
5.453386351
5.78981597
5.84849367
5.553041543
5.715792505
6.067281932
6.295535319
6.727522623
7.169864495
7.183692441
6.438532159
6.078832541
5.860746726
5.878216832
5.941246424
6.453355795
6.594109904
6.294197816
6.301272678
6.176187325
6.182769806
6.196141192
5.702085377
5.142204146
5.323059663
5.732853406
5.897031726
6.111380062
6.027130741
5.822452132
5.766266692
5.396074082
5.574921219
6.057224858
5.757677046
5.623233424
5.769619252
5.722181919
5.447701205
5.358285832
4.95157387
5.00720652
5.181097976
5.717397144
5.475683731
5.768123289
6.056468376
6.905491247
7.160486797
6.460108271
6.307545523
6.611590939
6.798667695
6.57016235
6.410115536
6.636182048
6.769645766
6.564290209
6.374629516
6.420558744
6.503027966
6.449801668
5.940638689
5.88064595
6.028807021
5.80689205
5.376481456
5.197860778
5.302818625
4.843577348
4.722698785
4.651689102
4.550044352
4.362572355
3.991612639
3.456921449
3.376782688
3.772172625
4.273053468
5.024800784
5.536244134
5.895025168
5.910828708
5.450373175
4.984930389
4.742377622
4.442953057
4.728638924
4.748562738
4.92337976
5.064211886
5.034695451
5.26417554
5.413151376
5.738907686
5.853336729
5.784646883
5.581073246
5.288920253
5.393313471
5.511325783
5.395024965
5.417953151
5.532440478
5.603162989
6.155261447
6.576359305
6.949916618
7.09600799
6.875990901
6.257462326
6.135770819
5.789325411
5.583858142
5.390478184
5.40828646
5.37697323
5.35826094
5.553904879
5.40460605
5.716940584
6.153178391
5.868056546
5.512679678
5.663902495
5.833630571
5.965298404
6.14305939
6.236673052
6.313862082
6.142368478
6.392224084
6.279263683
6.196384043
6.339838658
6.13839179
5.774169676
5.345741962
5.463502316
5.698929526
5.744100451
5.665918767
5.753594718
5.79893321
5.620882624
5.529862006
5.663156335
5.449631265
5.01008036
5.002119395
4.648630999
4.79919751
4.761490009
5.595335896
5.779124447
6.01688485
6.102712703
5.991819574
5.880631379
6.447389548
6.229136166
6.191837262
6.138536287
6.45683403
6.245636689
6.17256945
6.015130857
5.32654397
5.435012838
5.666473075
4.080814302
4.372505575
7.285725146
7.415964407
6.557959686
6.131059506
5.609648936
4.931453651
5.446536733
5.352592187
5.514741485
5.160380342
4.713231839
4.908433181
4.453979715
3.985483986
3.926758627
3.904712294
3.752501377
3.893592139
4.460764976
4.308820284
4.070369577
4.104493202
4.156424497
4.160877476
4.272099366
4.324140247
4.273352175
3.966105981
3.591048758
3.453869721
3.504831128
4.294829629
4.632629232
5.11447115
5.379466097
5.325333964
5.510906258
5.754058564
6.365868053
6.670850874
7.129770981
7.561414651
7.245199964
6.833564194
7.741865821
7.379398913
7.401222734
7.116602983
7.319157859
7.243890389
6.851419826
6.17362221
6.089483386
6.284843189
5.888276941
5.86260818
5.706421485
5.058705843
4.566851171
4.493810646
4.802609873
5.344045647
5.349014989
5.683140558
6.349220605
6.713361365
7.10598553
7.246399649
7.323589893
7.39969095
7.475047061
7.586498749
7.504164917
7.465209767
7.59412549
7.534606311
7.416155652
7.360548198
6.576456446
6.110802683
6.026862997
5.972099451
5.992905725
5.870035176
5.937510766
6.125774458
5.846126478
5.707126968
5.573886673
5.335766243
5.355239872
5.319481858
4.955366598
4.617287413
3.93878917
4.009267616
4.396952188
5.068929573
5.496568325
5.394119737
4.972535569
5.225457778
4.926854657
5.148867983
5.468772187
5.536363739
5.364544714
5.194377078
4.989071609
5.123643639
4.83573113
4.656470842
5.165376398
5.352514474
5.503891502
5.302445849
5.128730763
4.958227689
4.839622213
4.591120806
4.697703328
4.945302846
4.827544313
4.695200139
4.310550295
4.477442173
4.517705683
4.588151951
4.447858347
4.527012954
4.602325352
5.011778497
5.296563993
5.723562528
5.911521441
6.136435017
6.390413021
6.498581361
6.369958881
6.275914765
5.778173685
6.363220975
6.563665475
6.332845758
5.645490126
5.414272134
5.884512141
6.106275937
5.831658619
5.737157943
5.98283408
6.071684217
5.923956635
5.989166424
5.966527838
5.838329134
5.556940518
5.22263524
5.438376934
5.343857437
5.521695528
5.470838243
5.281328725
5.192457946
4.810264542
5.277763063
5.414575698
5.967014755
6.537374407
7.053162365
7.236610925
7.81691169
8.085906396
7.395520588
6.550140486
6.162902152
6.354249446
6.595401873
6.402377084
5.57812139
5.744119272
5.713028858
5.516823326
5.451455077
5.712738044
5.429506795
5.362231557
4.898400392
5.097849809
4.798023932
5.032473666
4.880612758
5.306906417
5.595409358
5.794898845
5.96144982
6.296802395
6.544528195
6.867701176
7.197140324
7.192641506
6.862756119
6.970843711
6.861305083
7.296130104
7.324146022
7.674040525
6.959239675
6.594860315
6.682206595
6.768640969
6.808379921
6.586800691
1.958053891
1.337791511
2.267665
2.89582232
3.506301896
3.966515792
4.264436197
4.685882547
4.974737622
5.507470521
6.314888128
6.857628924
7.084877514
7.071398059
7.164702086
6.991753804
6.905984842
6.500596418
6.313278025
6.164433328
5.639112855
5.547585284
6.081276838
6.49855404
6.971449625
7.483413891
7.43345637
7.901496752
7.733848697
7.511293813
7.002580716
6.078039632
5.789280483
5.352102842
5.306061902
5.081753026
5.343046314
5.142763311
5.331183642
5.627890702
5.24654333
5.122322528
5.090648057
5.317463158
5.10503881
4.763382123
4.262154004
3.802918797
3.67950244
4.357926309
4.566733692
4.644930858
4.515958369
4.713553313
4.947137283
5.01608698
5.357206966
5.528109835
5.532810826
5.694509635
5.695342008
5.907244832
6.23112876
6.566736935
6.367743471
6.299675324
5.930802003
5.560390826
5.394309161
4.982462111
4.811802397
4.701329703
4.743258261
4.475540345
4.907926229
5.138700411
5.291712434
5.467387935
5.616605408
5.756915708
5.713232246
5.926369362
5.522257121
5.149552216
5.077011053
5.03716889
5.054649621
5.16774359
4.977477287
4.708871446
4.168754658
3.561073941
3.35163636
3.724320016
3.731866009
4.084191755
4.233357622
4.123024872
4.009835887
3.720571305
3.633954792
4.108238271
4.869986198
5.556199822
6.074951779
6.094309446
6.158850787
6.655269543
6.430252756
6.17223128
5.896488954
5.99676888
5.511591098
5.502878812
5.4313385
5.792488547
5.72575426
5.579976166
5.829372783
6.303797723
6.238592183
6.265704088
6.278716054
5.941763697
5.942353826
6.668857066
6.573144563
6.342735265
6.077136225
5.801243332
5.463921842
5.080654428
4.86548647
4.290893922
4.220260355
4.265865073
4.582264631
4.768046687
4.877994215
5.190260143
5.624590962
5.808290873
5.69647248
5.463043328
5.511455708
5.449126134
5.153606009
5.466142716
5.895008776
6.0531826
6.533443254
6.936467521
6.874718968
6.519176354
6.744253248
6.397262031
6.607853459
6.881010634
6.19056715
5.662600813
5.482257712
5.390180084
5.090546667
4.730306098
4.949044879
4.822906767
4.370753708
4.567499887
4.777233747
5.575147678
5.394793649
5.186556056
5.239792675
5.627108721
6.077672926
6.723824607
6.721142923
6.241048016
6.349373602
6.453269582
6.397588666
6.548313031
5.960054033
5.444272146
5.322421572
5.09864636
5.513782223
5.082696806
4.997153696
5.751172885
5.929670316
6.343713348
6.196486647
6.240320676
5.696732938
5.750750931
5.930822038
5.762316718
5.039646579
5.135935551
5.218303989
5.763408334
5.856028127
6.291674592
6.681841104
6.778525012
6.286456328
6.125501857
5.749423142
5.72143758
5.265003662
4.750673115
4.577372394
4.409265046
4.881243261
5.043044067
5.271767067
5.437004218
5.805883003
5.725652869
5.755683238
5.896901194
5.852698031
6.004344015
5.630837094
4.889351758
5.102760259
5.000364795
4.934160227
5.218899582
4.878323582
4.541075555
5.115397627
5.503743362
5.267231215
4.938426515
4.715417803
4.933060718
5.345046194
5.771630667
5.82453883
5.574581227
5.476661814
5.531223187
5.973450918
5.922092753
5.422845995
4.937571982
4.769697468
5.123218042
5.186793443
5.440826088
5.306987165
5.543028182
6.230341315
6.529404031
7.265070047
7.853004838
7.39480357
7.177740159
6.716691461
6.24094359
5.66763026
5.724920066
5.93746341
5.492256502
5.467215511
5.136529929
5.330989361
5.574672904
6.028017755
6.051733993
6.255369556
6.333873626
7.003621333
7.606731287
7.715985172
7.745621514
7.073898212
7.88457124
7.930656499
7.677914608
7.891035331
7.249077083
7.686770176
7.186720795
6.648150361
6.043026564
5.678321176
6.020341836
5.431370071
5.26443964
5.501562559
5.231192101
4.850792152
4.410360002
4.11450626
4.582476822
4.686689117
4.72308765
4.524882846
4.78788186
5.306371538
5.267780058
5.391025813
5.65921061
5.961371501
5.766569649
5.336859074
5.449523803
5.720132862
5.592802351
4.828702106
4.899679004
5.320662115
4.980211184
5.338423642
5.344502814
5.637931991
5.416347297
5.467313258
5.494049351
4.948187311
4.373223808
4.592932172
4.760534997
5.423944896
5.368789753
5.628937998
5.729881515
5.856470724
6.297285061
6.006996557
5.743856993
5.330359162
5.048086872
5.373684418
5.487754041
5.791178365
5.841960973
5.587036457
5.444753599
5.362396088
5.179639654
5.463444639
5.587384341
5.424247853
5.924728295
6.290566584
6.502788757
6.048632176
5.912964584
5.504188387
5.364725031
4.833701805
4.652180269
5.245302968
5.100936447
5.087946338
5.334218067
5.264050471
5.263019568
4.476325058
3.805612928
3.650216106
3.546524424
3.520808914
3.904384141
3.903865047
3.843657385
3.982958941
4.315630135
4.567347802
5.023888878
5.244694626
5.259502476
5.234655159
5.258775137
5.309931736
5.615859855
6.11481762
6.062270091
6.105929267
5.717235041
5.549143782
5.590982788
5.210803531
5.015317749
5.181265543
4.696079868
3.99420295
4.277459699
4.666122355
4.966474307
4.958132066
5.168929311
5.116508671
4.907660307
5.023241376
5.024445917
5.116355068
5.133321865
5.12229035
4.878688163
4.944382136
5.145412818
5.423110095
5.794421035
6.250460927
6.504845707
6.912547287
6.876281715
6.845094768
6.784772965
6.505045452
6.21375033
5.922606383
6.068796716
6.332404376
6.330151324
6.57283857
6.891110815
7.19312053
7.432863813
7.178613208
6.594245901
6.572840999
6.628952369
6.603316999
7.00275739
7.281095188
7.277531347
7.105510149
6.951356726
6.678519507
6.370774861
6.033698044
5.969116025
5.674844762
5.511623883
4.806593543
4.896042611
4.473074799
4.380419184
4.229154476
4.356553896
4.44697194
4.180817986
4.127763809
4.094510198
3.991621442
4.180787933
4.092755294
4.453173752
4.397222057
4.026585636
4.286022631
4.086676426
3.823475845
3.72364914
3.789840958
3.880085364
3.940143976
3.566151049
3.901577085
3.923151376
4.114411244
4.702863612
5.28033
5.556821521
5.896970406
5.912505595
6.251590792
6.471168928
6.37626269
5.948014079
5.490874679
4.855923901
4.549782073
4.263645413
3.576615809
2.466331373
2.775394549
3.267810207
3.527347378
4.124818327
4.8751565
5.570869247
6.176282644
7.115840431
7.76710595
7.986266382
8.518552434
8.908752945
8.801491655
8.820465009
8.686241168
8.904055597
8.349439379
7.903013965
7.532364187
7.033673559
6.4603748
6.506427882
6.091265306
6.437442364
6.285832807
6.658973631
6.129624256
6.416540771
6.043515302
6.370805825
5.805380301
5.682252937
5.678568277
5.672468463
5.943262089
5.83626672
5.931811049
5.555071171
5.618326009
6.072781904
5.814018518
5.80104298
5.631749607
5.156825001
4.949026058
4.462178674
4.003097982
4.445506334
5.137401765
5.401245597
5.75837585
5.979255061
5.763603222
5.718489367
6.423355175
6.251941105
6.00733837
6.298964377
6.091285342
5.44843583
5.07259359
5.428239112
5.356319952
4.725078423
5.041097919
5.926390611
5.82856166
5.187566924
5.187566924