0.01110895413
0.01141223304
0.01147984924
0.01159346219
0.01150018497
0.01140967391
0.01138436451
0.01139493914
0.01110653335
0.01102652409
0.0111862066
0.0114862762
0.01137988083
0.01188823043
0.01188646817
0.0123783561
0.01288879566
0.01318317379
0.01326328396
0.0135551789
0.01351316441
0.0132186396
0.01289687461
0.01259026154
0.01279524068
0.01284384337
0.01316340294
0.01300179067
0.01297261865
0.01307751495
0.01308520691
0.01298019618
0.0127214784
0.01283789391
0.01118698683
0.01085558348
0.01068195682
0.01091100115
0.01134639574
0.0116589926
0.0120903862
0.01227113994
0.01249912005
0.01185867767
0.01140150861
0.0110686967
0.01107934623
0.01117164556
0.01107736654
0.01083376844
0.01067438033
0.01076776054
0.01086891385
0.0107660971
0.01035786884
0.01032437647
0.01026002992
0.009948463997
0.009774201715
0.009702369186
0.009655481947
0.01008567401
0.01024361611
0.0102072702
0.01057760772
0.01079909741
0.01079809769
0.01061160775
0.01044027391
0.01025092107
0.01032193593
0.009641737539
0.009530273844
0.009266068498
0.009248875505
0.009444589757
0.009849226916
0.01019043403
0.01054125245
0.01058379853
0.01097844883
0.01095286272
0.01155244327
0.01197873422
0.0118555859
0.01191268054
0.0117498272
0.01163116673
0.01158560691
0.01129101032
0.01161616356
0.01148469911
0.01212864626
0.01253256873
0.01284976578
0.01268689164
0.01237336788
0.01190950451
0.01161406736
0.01111307682
0.01085354033
0.01083504801
0.01051398833
0.01048148737
0.01054270782
0.01046972472
0.01054318948
0.01017496273
0.01003287268
0.01026527926
0.01048831484
0.01093897683
0.01103979308
0.01114914601
0.01111265654
0.01122454676
0.01143855568
0.01129650413
0.01168617557
0.01169158407
0.01199221231
0.01230214184
0.0122064012
0.01250966867
0.01247551155
0.01239324276
0.01232763433
0.01230934382
0.01197334444
0.01161438153
0.01100566093
0.0108998294
0.01098619592
0.01105895016
0.01112864383
0.01140309403
0.01158753354
0.01154563036
0.01153039001
0.01207735232
0.0119647651
0.01208409137
0.01224022335
0.01215486591
0.0120188616
0.01170494253
0.01147380512
0.01139344007
0.01134731745
0.01123128477
0.01150442419
0.01215191459
0.01232502318
0.01219190258
0.01200301059
0.0119618918
0.01199826788
0.01228132861
0.01183525329
0.01104423931
0.01061983754
0.01001718916
0.009892150623
0.00978142762
0.009688022446
0.009130414771
0.008975221139
0.009508922782
0.01000995909
0.01026438044
0.009961133777
0.009732977854
0.008869779725
0.008546403829
0.008957087717
0.009036629888
0.008605638878
0.008782617376
0.008826990217
0.008737960533
0.008726354457
0.009108115998
0.009447069826
0.009541720235
0.009546057235
0.009624271987
0.009944895777
0.009371459978
0.008954597245
0.008619586144
0.008604043062
0.008577071274
0.008280113728
0.00832809588
0.008512455288
0.008954933261
0.009118719748
0.009473119911
0.009817473922
0.00943277406
0.008795992478
0.008935470339
0.00884159183
0.00945800335
0.009919185869
0.01021012269
0.01013946778
0.01024502675
0.009870699693
0.009711571656
0.009539212079
0.009829985577
0.009940580624
0.01033618592
0.01060810611
0.01032343084
0.01039186679
0.01053373422
0.01060167811
0.01060417275
0.01082371917
0.01109738082
0.01129096454
0.01154358098
0.01147443137
0.01150810788
0.01156648624
0.0116725019
0.01173195697
0.01168462969
0.01179968553
0.0112068461
0.01134666206
0.01149850385
0.01110405745
0.01108844571
0.01139219171
0.01125736502
0.01102346562
0.0110199723
0.01073626346
0.0101764077
0.01005748507
0.01008436219
0.01030194558
0.01045442403
0.01057486237
0.01063641676
0.01082129424
0.01121627224
0.0112010891
0.01105745733
0.01116369873
0.01111213536
0.01081183585
0.01060453269
0.01057136177
0.01050026889
0.01072901883
0.01042601351
0.0101256776
0.01018496623
0.01010826198
0.0103452906
0.00979731296
0.009894336288
0.00995463504
0.009998185006
0.009769387219
0.009733641564
0.009651988628
0.009458991633
0.00948179599
0.009276228042
0.009390946827
0.009522703601
0.009754393414
0.009859603882
0.01001139574
0.0099978157
0.009957296121
0.01004248295
0.01031968265
0.01034646198
0.01026215004
0.01014482115
0.01029694903
0.01047063915
0.01049563645
0.01017200828
0.0101152299
0.0101979044
0.01024855648
0.01032953426
0.01048425872
0.01023094633
0.01027612436
0.01076695223
0.01108274488
0.01156586831
0.0113340599
0.01119529152
0.01062076549
0.01071692953
0.01054295541
0.01067107635
0.01011898641
0.01007816202
0.01014785778
0.00972113719
0.009906994625
0.01003624324
0.009994676083
0.009814245879
0.009095094597
0.008253437904
0.008479736377
0.008674149217
0.00898435807
0.01002770448
0.01133353559
0.01186704894
0.01142718523
0.01121842981
0.01031501483
0.009770332849
0.009294105551
0.009497184068
0.009974309143
0.01027206824
0.009548247061
0.009556443563
0.009881520865
0.01010825678
0.01025746038
0.01017056123
0.009771747654
0.009853556633
0.009385305294
0.00973509694
0.009585214025
0.009747010424
0.009397374824
0.009324296019
0.009424225937
0.009439777342
0.009629060476
0.01006915409
0.01017218513
0.0103638079
0.01045651503
0.01065343707
0.01062757632
0.01067535925
0.01077844231
0.01075308923
0.01052710856
0.01059777804
0.01028699338
0.01010927627
0.01013598071
0.01008673095
0.01028014927
0.01006795254
0.01004621033
0.009881091222
0.009505664571
0.008983116995
0.008999288417
0.009292871758
0.009598483017
0.00972302533
0.009996513248
0.01002410089
0.01029436701
0.01059191597
0.01038332803
0.009910963359
0.01022367673
0.009595790728
0.009823446268
0.01027334468
0.01051058968
0.01046307202
0.01062733497
0.01052791271
0.01068640097
0.01039585113
0.01058416887
0.010489713
0.01050990933
0.0101730465
0.009904010012
0.01000222032
0.009909177169
0.009949914171
0.01030692444
0.0106212305
0.01090526496
0.01102560343
0.01138349899
0.01152052903
0.01151723649
0.0109271216
0.01064414617
0.01020129993
0.009916893054
0.009698605391
0.009802741231
0.009842056147
0.009557194658
0.009523943635
0.009606626465
0.009558058105
0.009964032046
0.009877039264
0.009739354876
0.009350394998
0.00970854127
0.009689684841
0.009889956636
0.009779601898
0.00994735504
0.009713610639
0.009903858129
0.009648806359
0.009989079284
0.01035142108
0.00989147443
0.009465156435
0.009040769231
0.008857589522
0.008975425037
0.009123154536
0.008381261834
0.00874837599
0.008977660636
0.00922299915
0.009234451783
0.008723050993
0.008318378463
0.007970717347
0.007983728866
0.007633055049
0.007845827576
0.008027926937
0.008427838545
0.008467102486
0.008586711709
0.00846375533
0.008214707636
0.008025445828
0.008248358133
0.008654660808
0.0090485673
0.009024526029
0.008987320837
0.008823164003
0.009108212746
0.009248807886
0.009179104846
0.008758359723
0.00877164536
0.009075286296
0.00879424998
0.009118741595
0.0091566209
0.008579500368
0.009172739266
0.009836200313
0.009558751983
0.009815284096
0.009731882421
0.009926995381
0.009594757713
0.009672403423
0.009434782874
0.00899720054
0.009029069008
0.009130049626
0.009234968811
0.009152122655
0.008814817698
0.009202539623
0.008928840524
0.009159861426
0.009300671908
0.008918905685
0.008947187207
0.008821827221
0.00912572407
0.009515043892
0.009776903367
0.009421245486
0.009144621071
0.009465052405
0.009813637305
0.01024330818
0.01014639304
0.01006739807
0.009811106262
0.009762851031
0.009955550502
0.009676915192
0.009907105937
0.01011173866
0.01024481869
0.01002795311
0.009943063813
0.01003885647
0.009924978245
0.009834767824
0.01027241362
0.01044796587
0.01053304866
0.01033325748
0.01012453223
0.009992071179
0.009802017184
0.009831035237
0.009691556336
0.009594299982
0.009333312276
0.009118813375
0.009334313042
0.009360475479
0.009297139058
0.008975257549
0.008401953348
0.007919765666
0.007960354426
0.00774982582
0.007960659753
0.008163593668
0.008452092557
0.008814833302
0.009272543309
0.009089726663
0.009337276849
0.010086913
0.01063664043
0.01078174838
0.01042456022
0.009724278888
0.009820965159
0.01005459929
0.009982929046
0.01005534102
0.01038315014
0.01063679647
0.01061790051
0.01024468241
0.009808586662
0.009573339032
0.009190224583
0.009366248088
0.00906249272
0.008765579386
0.008630032289
0.008617540399
0.008786046196
0.008592725668
0.008063457771
0.007481605967
0.00764828136
0.007852358562
0.007589019784
0.007659379252
0.008254167673
0.008491935943
0.008630842161
0.008771497638
0.008588723644
0.009250967543
0.009177355066
0.0097605707
0.008976777424
0.009372494033
0.008810315291
0.008257942392
0.00804830324
0.008717572267
0.009139189678
0.008489047558
0.009156401397
0.009363759697
0.008403090913
0.008032968738
0.008765864428
0.009289602104
0.008569416766
0.008187625576
0.008715751226
0.00945282371
0.009064861477
0.008269947423
0.008089196807
0.007745825357
0.008356781558
0.00875981718
0.008989528348
0.00941090493
0.009549195812
0.009821127446
0.009924548602
0.009687281755
0.009818664022
0.009795724426
0.01039474218
0.01064853207
0.01104336234
0.0110324517
0.01127479416
0.01074041632
0.009894894927
0.009236483484
0.008327399401
0.008395869689
0.008784351551
0.009106705355
0.008813011742
0.008463319965
0.008829121786
0.009501152802
0.009763682229
0.009696479023
0.01023393094
0.01017881599
0.01021556969
0.01067858833
0.01004843033
0.009846218376
0.01010623965
0.01017298616
0.009460176532
0.009247061226
0.009114808231
0.009043711192
0.009329085548
0.009484973058
0.009599090551
0.009652740763
0.009822679569
0.009328262673
0.009534277949
0.009547776846
0.009428954089
0.009903831081
0.01030863573
0.01073081854
0.0110358774
0.01070757206
0.01032765132
0.01005543049
0.009725718659
0.009828703931
0.009471272343
0.009024315889
0.008890952896
0.008753044844
0.008349296619
0.008044815123
0.008237504711
0.008556900949
0.008257127839
0.008508525044
0.008515819089
0.008566122665
0.008292207704
0.007972737605
0.008030087114
0.008159601527
0.008268194522
0.008322037709
0.008390780555
0.008461284624
0.009001745599
0.009327590641
0.01002822775
0.0107410894
0.01066692244
0.01029673369
0.01026196071
0.01021705628
0.01034893789
0.01032692311
0.009897792155
0.009971321409
0.01027541487
0.01049313766
0.01043430988
0.01034706847
0.009869248478
0.009429445109
0.009223020996
0.008997177654
0.00902330368
0.009256634042
0.009367632724
0.009176719444
0.009360407859
0.009832883845
0.01001874648
0.01042909383
0.01065578294
0.01069920703
0.01095269523
0.01067085476
0.01011475032
0.009586884743
0.00914801452
0.008987862832
0.008918460437
0.008966953896
0.008961723281
0.009034771917
0.009471975584
0.009707477046
0.01002611699
0.01061079632
0.01058769236
0.01042999369
0.01084738073
0.01117191188
0.01097859031
0.0113360271
0.01214872504
0.01199067371
0.01175375848
0.01161245906
0.01130268661
0.01162534002
0.01141538098
0.01141596459
0.01112679627
0.0108523856
0.01089606249
0.01073686579
0.01075536956
0.01044208715
0.01023425343
0.01009954845
0.009847558279
0.009997964463
0.009954663128
0.00941464896
0.009059412399
0.008779436147
0.00856348239
0.008714803515
0.008887193262
0.009120831552
0.00928605261
0.009261471425
0.00958600049
0.009842411928
0.01024099768
0.01031850711
0.00984850599
0.009235088445
0.008646694211
0.008634913364
0.00804018372
0.008068743522
0.007879946206
0.007557042605
0.007828141481
0.008376991934
0.008644902299
0.008813243728
0.008765570024
0.008864566796
0.008717855748
0.008600832184
0.008493900025
0.008456345292
0.008917961095
0.009587602548
0.009941850827
0.01062535216
0.01097910422
0.01095400392
0.01090019455
0.01060732693
0.01015993771
0.0100546409
0.0102566812
0.01023687186
0.01051553214
0.01016364949
0.009806214784
0.01023254422
0.00998339926
0.009730403118
0.00994585285
0.009444220452
0.00896941732
0.009530961481
0.009381494685
0.00930659432
0.009401310268
0.009794276332
0.009548535223
0.008789584247
0.00823690498
0.008239207157
0.008670098299
0.009570693556
0.01042236831
0.01049922756
0.009817763124
0.009194813335
0.008380691752
0.007836956961
0.007220976643
0.006656265817
0.006540296595
0.006394654453
0.006499573637
0.006735630098
0.007148369093
0.007673104934
0.00774979149
0.007772788822
0.007880807572
0.00849591352
0.008959070523
0.009769621286
0.01059044811
0.011059798
0.01139098601
0.01142950718
0.01130534353
0.01072511355
0.01018453554
0.009395231811
0.00854672112
0.007964838627
0.00712946481
0.006627800683
0.006412705692
0.006650861473
0.007171605173
0.007560422531
0.007775486313
0.007974805195
0.008085582814
0.007995215829
0.007719146412
0.006953934927
0.00685859584
0.007012129678
0.007298030424
0.008124485772
0.009019198667
0.01060214937
0.01138965963
0.01166930819
0.01105172009
0.0100551881
0.009609823298
0.009817129583
0.01049436313
0.01039484517
0.009283722344
0.009536569724
0.01047075358
0.01029135951
0.01014929235
0.01030053181
0.01057666729
0.01050935277
0.01000085649
0.00992261677
0.01025245655
0.009967906113
0.009989613997
0.01042621949
0.009929559714
0.009715745329
0.0100921613
0.009949411707
0.01002045257
0.01036113953
0.009810730714
0.01005818415
0.01063641364
0.01039152246
0.01081403712
0.01081148736
0.0100514888
0.0104652837
0.010924731
0.01170569571
0.01157493138
0.0115253144
0.01125329746
0.01054945103
0.01045576185
0.009802530051
0.009915542748
0.009751294368
0.009369853759
0.009375599321
0.009028734032
0.00947951982
0.009443541137
0.01026161221
0.01044562832
0.01076622194
0.01071563332
0.01123721966
0.01084795082
0.01091851106
0.01053707981
0.01096725731
0.01044848289
0.0106645516
0.01045385187
0.01061130086
0.01049156577
0.01064233501
0.01050790572
0.01040543331
0.009764580005
0.00969254878
0.009521132752
0.009394578505
0.009493137311
0.00945250954
0.009905957449
0.009708954268
0.009871828415
0.009956235017
0.00991267881
0.01036166176
0.009935573673
0.009842938319
0.01062446063
0.01047756961
0.01064361042
0.01108496383
0.01108897418
0.01148723847
0.01164369607
0.0113887088
0.01118825807
0.01124767777
0.01151302848
0.0117815958
0.01161200965
0.01158396844
0.01156547715
0.01159920359
0.01132187282
0.01080242637
0.01086304345
0.01077996427
0.01030265298
0.009712662928
0.01212886264
0.01193280925
0.01098868328
0.01004705401
0.009567229366
0.009350754941
0.009401714944
0.009798171205
0.01006664385
0.009977471646
0.009755430591
0.009466125992
0.009277616839
0.009374214685
0.009533088889
0.009988941964
0.01032192136
0.009892043472
0.00988139707
0.009704879424
0.009400691292
0.009189219656
0.009080602215
0.009380220321
0.009862594736
0.009828683125
0.009508789624
0.00950254472
0.009352567138
0.009257191642
0.009426023571
0.008935296609
0.008879225625
0.008912500574
0.008982016361
0.008783944795
0.008508111526
0.008795109266
0.009134130713
0.00944424958
0.00985718311
0.01035905374
0.01051244349
0.01106127106
0.01093414881
0.01097251914
0.01135098762
0.01105855588
0.01125689273
0.01143567406
0.01140635848
0.01107877198
0.01049708662
0.01056987519
0.01048477575
0.01012646511
0.01058562113
0.01066472117
0.01060655399
0.01059181402
0.0103350083
0.009986846806
0.009802964895
0.009278273266
0.009202756005
0.009674967756
0.01008654266
0.01080002328
0.01082917033
0.01075475578
0.01092318512
0.01109730488
0.01093346846
0.0107577404
0.0101190998
0.009444841509
0.008934009761
0.008122314151
0.007482873049
0.007179006889
0.007618929372
0.007336746648
0.006831120548
0.007311758707
0.008677611847
0.008907923266
0.008866853369
0.009337829247
0.009814619346
0.009678765881
0.009485800094
0.01000805847
0.01048135005
0.01073526789
0.01128097665
0.01174046556
0.01152670839
0.0114340564
0.01106032959
0.01103477053
0.01067351689
0.01067226437
0.01065261107
0.009729504301
0.008971785037
0.008658793389
0.009914294391
0.01021059187
0.009904828726
0.009476690211
0.008961833553
0.008095222209
0.007608500911
0.007595562734
0.007163487734
0.007207988531
0.007409207516
0.008034669624
0.008382468579
0.00809494497
0.00833428721
0.008246627598
0.0080434747
0.008351391258
0.007932862489
0.007893024304
0.00764957601
0.006982991471
0.006622424946
0.006345575827
0.006130678493
0.006362364145
0.006447387123
0.006773412656
0.007423394051
0.007947416768
0.007718255398
0.007428147689
0.007531903301
0.007456546765
0.007457569378
0.00771186121
0.008065771912
0.008199801216
0.008468465276
0.009253993768
0.009094589012
0.008545458719
0.007914790964
0.006897675649
0.005971312748
0.004689979603
0.003726979253
0.002866136877
0.002187645095
0.002279068762
0.002879702094
0.003815694766
0.005134684333
0.006504181114
0.00819936013
0.009280692998
0.01046330609
0.01214060136
0.01372971582
0.01442283678
0.01488280111
0.01441641399
0.01429345397
0.01459661012
0.01473864816
0.01412757856
0.0139675309
0.01339931948
0.01312817327
0.01286620664
0.01250058063
0.01215946923
0.01210269708
0.01208612931
0.0116977624
0.01138240251
0.0112577697
0.01121576977
0.01114135523
0.01116881387
0.01134962691
0.01158078721
0.01147367508
0.01123114121
0.01204636394
0.01227020263
0.01186836387
0.01125522721
0.0106263935
0.01079368683
0.01087180067
0.01077003983
0.01031499923
0.01045806299
0.01089567862
0.01074912673
0.01081008295
0.01029470823
0.0096998964
0.009788000218
0.009098863594
0.0090397487
0.008898858115
0.008272765588
0.007899249963
0.007802467984
0.007499004419
0.007026200219
0.00711725276
0.007210760403
0.006656301708
0.006416669745
0.00611856059
0.00585483014
0.006457865518
0.00637186622
0.00627080914
0.006466742895
0.006309215876
0.006591546842
0.007966275278
0.009054886066
0.00866950533
0.007206052018
0.00552510947
0.004855816517
0.004738935994
0.004816121893
0.00534374612
0.006809972864
0.007885422331
0.009600798719
0.01060921403
0.01060921403