0.09645902654
0.09047536355
0.09956970294
0.10658261
0.1014668412
0.09508442688
0.08782496804
0.1051849907
0.1000179286
0.0857475827
0.09355325597
0.0893165462
0.09551589743
0.08489613467
0.08136983728
0.0806982236
0.05202411368
0.05809209292
0.06808756027
0.07584058888
0.08027690796
0.08108914715
0.08656963235
0.08379331417
0.0827603369
0.09626581388
0.08963860261
0.09604842786
0.09021067636
0.08731811777
0.07657292728
0.08240066154
0.08317847794
0.07228456119
0.03722874695
0.05025947586
0.06979595411
0.08200669491
0.077372958
0.06952761973
0.08305074035
0.06694326603
0.07849607899
0.08041064411
0.09136463064
0.09103926841
0.08217808382
0.07855797782
0.07264182357
0.06502999562
0.0694816733
0.07859550335
0.07390439571
0.08781501294
0.08039656869
0.08237225782
0.0924556371
0.08987043082
0.08128925507
0.08281687222
0.07247461745
0.0733339848
0.06844956152
0.06594688858
0.06974854492
0.06728350006
0.07611725495
0.05787607906
0.07826623585
0.07476038831
0.07562766604
0.0832332678
0.08306967998
0.08026424411
0.083343634
0.0749634036
0.06472569359
0.0584479299
0.06173621115
0.07027327803
0.07018653303
0.07492660858
0.06267082153
0.07350716678
0.08097911973
0.09022053584
0.07319620178
0.07192570597
0.07175137517
0.07149383048
0.05075086114
0.04839185236
0.05264145804
0.0547335117
0.06143716156
0.05914758378
0.05463939407
0.05383408813
0.05979700627
0.07913828621
0.06927209936
0.07179780421
0.05656994805
0.05665236396
0.06683269726
0.06646527539
0.07684989253
0.06367405127
0.06014314022
0.06975456612
0.05768346082
0.05979438352
0.06534999242
0.06135389052
0.05961710709
0.06815708108
0.06017445473
0.0767968098
0.07393964929
0.07027173793
0.04331351191
0.05679984395
0.05219433394
0.05331230747
0.04851217544
0.04473764971
0.04255490598
0.04916043088
0.05455347121
0.05716418869
0.04181056638
0.0512628806
0.04030211683
0.04815153969
0.06271748038
0.06128563208
0.05287761303
0.04688715269
0.05254917249
0.05357848556
0.05254652258
0.03760006834
0.03814777277
0.04567842402
0.05084238899
0.05144422916
0.04087190589
0.03013075548
0.03450625345
0.02892634762
0.02184549609
0.03678248489
0.03207842039
0.04169540159
0.03861967298
0.02946995566
0.02701120317
0.03609096519
0.03501763812
0.02101571112
0.03137577292
0.05157472027
0.04476626245
0.05350904288
0.04351483772
0.04526370309
0.05968768028
0.04773737697
0.04794692438
0.04160644558
0.0410705635
0.04123477576
0.01946570182
0.022703553
0.02876798459
0.04149550317
0.03889039321
0.03970439322
0.05017350798
0.0476064718
0.04547171668
0.05069157084
0.04033963989
0.04702550137
0.04211955729
0.03882616603
0.05709690232
0.05100877427
0.05614956727
0.05309009375
0.05623402004
0.06672500479
0.05054938555
0.04315103539
0.05341196788
0.04407481921
0.04378264107
0.0442105971
0.05242913218
0.06373753073
0.06239077866
0.06032209676
0.06832359129
0.06357885974
0.05302775884
0.06018714504
0.07137798926
0.0692177792
0.06521556563
0.06555641202
0.06271595798
0.0660893788
0.06030865198
0.07162539407
0.07839939793
0.06459549752
0.07041456681
0.07833805974
0.06620418059
0.06303625882
0.05985032031
0.06697157118
0.06929229359
0.06114362916
0.06181482292
0.07294424619
0.07066534144
0.06698319184
0.06380127085
0.05465977563
0.05614812968
0.04613170251
0.04553808122
0.04641458577
0.05242967283
0.06281225786
0.06399601853
0.07196161715
0.06400247262
0.05394805248
0.05390432646
0.04748877563
0.04243341884
0.04248473044
0.04031189049
0.05147374467
0.0596473674
0.04292768125
0.03484838915
0.04450362004
0.0401624055
0.02318167149
0.01733232735
0.02200287318
0.02661726201
0.02323956639
0.02852093917
0.03619347884
0.03129400761
0.02401258072
0.01672987467
0.02422859498
0.0131807145
0.01624587136
0.01900042007
0.01820049322
0.01662831383
0.02199150612
0.01671772154
0.0120219364
0.02586156096
0.02998846901
0.02733374393
0.01918524379
0.01539306433
0.02174348989
0.02372388742
0.02212882269
0.0198558008
0.02075983405
0.02284246801
0.02529485253
0.02569213928
0.01778251584
0.01567528679
0.0195525788
0.01476897153
0.02886335069
0.02297150367
0.01680409934
0.02703057815
0.0273757923
0.03557609103
0.03413261307
0.03387911959
0.03193359811
0.03020094418
0.03743278398
0.03312600452
0.04562503839
0.04669442157
0.0406995812
0.02685068949
0.04109167327
0.03734162127
0.05307935321
0.04576078359
0.04993296358
0.04090432535
0.03725886897
0.04396657015
0.04936315189
0.05201917038
0.03895719601
0.04027987213
0.03343761889
0.0438085969
0.0415805016
0.05165620819
0.06163822455
0.06791267645
0.06249647762
0.04836443668
0.059330105
0.04254549084
0.04279380038
0.02729212473
0.04580865943
0.05675307396
0.06154243005
0.04240705408
0.04931019196
0.05794007989
0.0541306754
0.05158369492
0.0525464866
0.03593152168
0.05804632104
0.04741512949
0.05717609571
0.04259051035
0.05923740252
0.04101703119
0.04388560723
0.04775546547
0.04392452763
0.03890847121
0.03809539888
0.02249840715
0.02977374618
0.03072293603
0.03011889699
0.0315214573
0.03356422728
0.03540988363
0.03590412124
0.03121827353
0.03255508824
0.0274079253
0.0314279514
0.02858367867
0.02629573628
0.02447296033
0.01771811627
0.02216324144
0.01814930077
0.02142811264
0.009299858137
0.02146439403
0.02913830337
0.02305812034
0.02393869581
0.03235477829
0.01841982471
0.02208702432
0.01859104449
0.01230789378
0.001118498089
0.01552470109
0.005876149795
0.01791372704
0.02860704767
0.02342029195
0.02182195499
0.01866153962
0.01712660956
0.01703889725
0.01005916107
0.01942521075
0.0164496876
0.02185056409
0.01511794227
0.01169490912
0.01846914315
0.02289707177
0.02886285962
0.03080682725
0.03059862996
0.02643746668
0.02349858911
0.03827181468
0.03493554685
0.03776445317
0.02235401124
0.03305488728
0.03762934256
0.03727519418
0.03492600589
0.04197057195
0.04310019816
0.03351141382
0.03509636109
0.03994036562
0.04232701764
0.05364947919
0.04744816499
0.04431960764
0.04687758944
0.03931831725
0.05336862832
0.05483182203
0.05624949541
0.05650894774
0.06119531078
0.04882908791
0.06003320903
0.04603562996
0.0717890964
0.06658592133
0.06648820566
0.06680407522
0.04473817806
0.05465327596
0.07132379994
0.07125033461
0.04319843227
0.05320695859
0.07165314197
0.0753650755
0.06779071202
0.05929748531
0.03690328168
0.02496584548
0.03331748301
0.05397756522
0.05607032516
0.06483930618
0.06023066952
0.06697877834
0.05506888154
0.06629934352
0.05299370438
0.03764118365
0.0308368076
0.03833735469
0.04408096385
0.04858291249
0.05135991239
0.04598179761
0.03298407173
0.03923138039
0.04966831418
0.04324489001
0.02331333484
0.02045083492
0.03812634988
0.02399610732
0.03073292576
0.0350395177
0.01997803995
0.04136707445
0.05724150693
0.03337732373
0.04035141497
0.0171985287
0.02511322929
0.01068077748
0.02774949965
0.02115524203
0.02422223074
0.03522927177
0.03532093933
0.03801996206
0.02417109569
0.005908481971
0.031642605
0.02877244092
0.04347712703
0.04971246963
0.03161489994
0.03366875524
0.03359724165
0.04467172624
0.04553451526
0.05539811912
0.04599838078
0.03783827984
0.04598146972
0.05107824837
0.05594780997
0.05257264055
0.04726703344
0.04584373813
0.05173261686
0.05425491499
0.04793583812
0.05511192944
0.05687472758
0.05368505263
0.04659637904
0.05148159077
0.04712438477
0.04509938177
0.04349180936
0.06217491924
0.06026430637
0.0667184063
0.0596507395
0.05673967848
0.0582173298
0.05792658215
0.0645472365
0.07206932752
0.0813261697
0.06788729547
0.05879704244
0.06654108735
0.06486171361
0.06639393286
0.05072965905
0.0394345576
0.03977143528
0.05925660526
0.05551407285
0.06616398003
0.06930473389
0.06951082576
0.07145756855
0.08060326994
0.06642659686
0.07263008385
0.08537196483
0.0972164974
0.08893962744
0.08270097849
0.06902114019
0.0773318577
0.08499815757
0.07407858432
0.07579295863
0.0836380574
0.08747592786
0.08291040085
0.07653850778
0.07508535631
0.0833763886
0.07679648583
0.08591293783
0.0714410927
0.07171446695
0.07917173929
0.08009892464
0.08302779316
0.07314501219
0.0603987656
0.04816651257
0.0670345012
0.07533964249
0.06785314487
0.0657107544
0.08457563086
0.08322075961
0.08463354005
0.09627295185
0.07263418596
0.09770398419
0.07742605578
0.1043917303
0.06910937727
0.09263916065
0.06927370086
0.07524148868
0.08243224766
0.1130785849
0.113850095
0.07987845304
0.1154480045
0.1096027626
0.07402861891
0.08495325552
0.1191987943
0.1195692918
0.07744626761
0.08880781663
0.1197307924
0.1360990114
0.1024049671
0.07861516587
0.08884369574
0.09296235326
0.1180851548
0.1230806258
0.1233406009
0.1307969291
0.1244879177
0.1268428784
0.1206865004
0.1028790892
0.1076617167
0.1103805893
0.1306389829
0.1353372671
0.1470554058
0.1419245915
0.1458296932
0.1357690224
0.1312272497
0.1247634196
0.100115915
0.1200387074
0.1348018503
0.1482390895
0.1302657824
0.1046721496
0.1187153097
0.1338812546
0.1321580601
0.1162711972
0.127602923
0.1228689896
0.1175497553
0.1395453379
0.1132714386
0.1095606608
0.1217941442
0.1145968113
0.101653748
0.1110951898
0.1199310716
0.1194943048
0.1249508495
0.1305394136
0.1293408836
0.1293457693
0.1351099047
0.1190577047
0.1335420765
0.1309523175
0.1242711115
0.1391233844
0.143160605
0.1428371914
0.1393613659
0.1287860061
0.1253600962
0.1247240742
0.1182848829
0.1286173134
0.1247668145
0.1171064706
0.1234173675
0.1229940149
0.1148002045
0.1164855874
0.1260215386
0.1282449414
0.1138014397
0.1272867206
0.129651356
0.1272168672
0.122253006
0.1235992552
0.1368905156
0.135230486
0.1382278046
0.1363577923
0.1386575244
0.1385091113
0.1461950559
0.1381484477
0.1513691517
0.1636635027
0.1516279687
0.1494938309
0.1626503321
0.1611623614
0.1724568721
0.1766206382
0.1629077721
0.1728349702
0.180963802
0.1837079507
0.179558965
0.1835932726
0.1737405787
0.1694712389
0.1794500287
0.1767314401
0.1730294561
0.1818713762
0.1907217791
0.1845297488
0.1876732077
0.2014897285
0.192287989
0.19925627
0.2112183763
0.2100887606
0.2238857303
0.2117346267
0.2004309179
0.2022067952
0.198605124
0.1959420297
0.1986844847
0.2044456839
0.2045186705
0.2029050159
0.2129459928
0.2140560486
0.2198557215
0.2276291827
0.2233888751
0.2093853245
0.2134512905
0.2231449
0.2146083648
0.2226873294
0.2392394413
0.2235455653
0.2220541201
0.2251046602
0.2204784046
0.2243527932
0.2218918889
0.2276136213
0.2228600666
0.2168184522
0.2229586117
0.2246076302
0.2265297265
0.2148766372
0.2178750853
0.22144854
0.2233874147
0.2301075781
0.2254386441
0.2038927054
0.2103717551
0.2152484881
0.2133442143
0.2137512264
0.2117265525
0.2216174431
0.2142315326
0.2084240534
0.2130463542
0.2181827515
0.2263488384
0.2307103018
0.2308116664
0.2221319843
0.2138656148
0.2191616356
0.2070822048
0.2248814482
0.2143565676
0.2084308616
0.2113245107
0.2241339412
0.2204809315
0.2156706625
0.2279831836
0.224040302
0.2260096198
0.2215974128
0.2260359336
0.2208309369
0.2151865806
0.2336326917
0.2316118255
0.2519552922
0.2516829727
0.2442249306
0.261845111
0.2474994502
0.2435539786
0.2430282239
0.2545971373
0.2567847833
0.2722498609
0.2606011688
0.2456333118
0.2588541089
0.2580122398
0.2517758712
0.2737076774
0.2643833851
0.24934529
0.2872636635
0.278966656
0.2778506487
0.2809178127
0.2965208416
0.2907175847
0.274748043
0.2732615534
0.2832207738
0.2837212446
0.2968776066
0.3190234018
0.3253796881
0.314291759
0.3123486793
0.3032814549
0.3018043985
0.2901485397
0.2861601891
0.2921395395
0.2949268782
0.3029073435
0.3023174002
0.3028266091
0.3146130062
0.3198913722
0.3175853147
0.3219334206
0.3316322093
0.3371622925
0.3567500068
0.3598697609
0.3453065574
0.3415455795
0.3327439728
0.3268534367
0.3149178351
0.3096153252
0.2870510232
0.2786832166
0.288206837
0.281142568
0.2830654882
0.2949735343
0.3058748441
0.3144905434
0.3258337863
0.3294935953
0.3247252486
0.3247531558
0.3089160008
0.3014898533
0.28034166
0.2760827968
0.2611263209
0.2530959478
0.2650493188
0.2839369984
0.3005777376
0.2937244114
0.309492837
0.2906810442
0.2698350696
0.2583947458
0.2744888829
0.2941401332
0.3007723657
0.2634136244
0.2745699056
0.299623725
0.2786531913
0.2669700719
0.2888478381
0.2921249745
0.2886866146
0.2870769993
0.2883500592
0.2966015216
0.2908706423
0.2905525079
0.2799272771
0.273971508
0.2757808798
0.2862540463
0.2851127863
0.2900864118
0.2992886816
0.2736553153
0.2714679512
0.307876823
0.280715344
0.3089667878
0.302471776
0.292202322
0.2959813372
0.2904515642
0.3067498643
0.2983321837
0.2852611332
0.2957524116
0.2796368981
0.2904911187
0.2917044981
0.2882070005
0.3122961223
0.3025811772
0.3159882683
0.3023212292
0.3068330442
0.2963637897
0.3078822777
0.2916327585
0.3048947121
0.3041494133
0.3199045474
0.2992174242
0.3281457074
0.3142151919
0.3287999431
0.3157588646
0.339266874
0.3171026769
0.3294998786
0.2991806384
0.3328014707
0.3239011143
0.3332816774
0.3290071075
0.3297222877
0.3272310557
0.3089361091
0.322401056
0.3086541041
0.3177886154
0.3294635285
0.3187287307
0.3319474821
0.309304508
0.3150996722
0.3087416269
0.3037248488
0.3203662605
0.3067606225
0.3208892877
0.3131032304
0.3225414457
0.2990149903
0.2882451021
0.3143279897
0.3017572094
0.2928488072
0.2959691155
0.2996423511
0.2936206
0.3112615513
0.3009886063
0.3055832283
0.3081521063
0.3071185644
0.2978851232
0.2832701629
0.2880536747
0.2872812057
0.2838378164
0.297613227
0.2390918755
0.2649586686
0.2773342889
0.2772276562
0.2702508778
0.2794183883
0.2804161714
0.2790003411
0.2758021885
0.2642066795
0.2703041969
0.2698985246
0.2724697013
0.2796486638
0.2661517277
0.2670666686
0.2689700536
0.266368837
0.2694631211
0.2712340779
0.2664874594
0.25679152
0.260167335
0.253909338
0.2594098914
0.2592717164
0.2645239643
0.2634635935
0.2561404065
0.2512720632
0.2534784348
0.2419672369
0.2282700467
0.2275810797
0.2329316172
0.2347213918
0.2342309967
0.2227569875
0.2280197637
0.2285773879
0.2305970441
0.2231055653
0.2362883701
0.237838922
0.2330782681
0.2187737591
0.2162200589
0.217679925
0.2120510649
0.2238029552
0.2042372671
0.2208483724
0.2204651346
0.2286974012
0.2222120651
0.2207149086
0.2036361659
0.2066424914
0.2038927108
0.2129332394
0.2125033302
0.2225990874
0.2021180168
0.2038848402
0.2021983126
0.2012028027
0.1922501804
0.1824918962
0.2071925438
0.2135338992
0.202737939
0.1996377779
0.1837249567
0.1943597784
0.2099514417
0.2114966628
0.2071371816
0.2081351554
0.2194911424
0.2143777041
0.2165519347
0.214713265
0.2147165322
0.1974654753
0.1900878283
0.2105638594
0.2064505396
0.1818453202
0.1911166417
0.1865438729
0.1768479685
0.1781016616
0.1692762988
0.1807309018
0.1827236016
0.1804033787
0.1869056355
0.1638108275
0.1792836478
0.1906174385
0.1860046506
0.1810826293
0.1599030073
0.1722139443
0.1828433415
0.1792065341
0.1453567654
0.1539431096
0.1671280516
0.1676163391
0.1637944437
0.1712205194
0.1693488336
0.16978171
0.1619716232
0.1713405066
0.1568922782
0.1498477333
0.1606301899
0.152898759
0.1630599494
0.1508906999
0.1432692651
0.1387427666
0.1429304513
0.1358687574
0.1520130865
0.1542804656
0.1551012155
0.1438558535
0.1451355202
0.1372294528
0.1429592351
0.1320262984
0.1514791936
0.1505585679
0.1505693199
0.1544216642
0.1470941167
0.1482726897
0.1377896714
0.1318039307
0.1239138171
0.126020918
0.1289235697
0.09733822757
0.1148454392
0.1235068038
0.1170165047
0.1200560529
0.1287469155
0.1352299543
0.1313275803
0.1298638544
0.1278690029
0.121578476
0.1172736036
0.1066726368
0.09737309784
0.0940189527
0.08153786442
0.07527447606
0.07462259684
0.07807829999
0.05518012571
0.06877186445
0.06704517182
0.06706346441
0.07561397201
0.07497990672
0.06975454611
0.07754895847
0.0784339856
0.06937947579
0.06439940154
0.07586695076
0.07728107123
0.07183024154
0.05569978724
0.06360904472
0.06630443646
0.06831521087
0.04351315238
0.04392559525
0.05380436668
0.04322511164
0.05216407967
0.05367133826
0.03935194567
0.04652354409
0.03278265687
0.04361710384
0.05059155099
0.04643472265
0.04889604365
0.03733107702
0.04730654227
0.03204658128
0.03989462046
0.03073388513
0.0364691707
0.04381759281
0.04058120039
0.06205268629
0.04136115848
0.04664366158
0.05385354555
0.03182447952
0.03506182798
0.04858397197
0.04521056309
0.0295221688
0.0559092275
0.06414767916
0.04901300088
0.0299686846
0.05347715397
0.06131864247
0.06649905537
0.06095074987
0.04592347572
0.04771414737
0.06720060743
0.05692702229
0.05369687483
0.04174810129
0.01439715844
0.01806043343
0.04875678787
0.06637798991
0.05815127664
0.07683918435
0.06146689656
0.05399116376
0.0508118085