0
0.001199
0.002119
0.012432
0.039119
0.078722
0.112841
0.12861
0.131066
0.130626
0.132504
0.135033
0.139472
0.146555
0.153612
0.155483
0.151462
0.146697
0.143837
0.14303
0.141636
0.13939
0.137134
0.13534
0.134458
0.134443
0.134893
0.135365
0.135341
0.134588
0.133313
0.131898
0.130752
0.130029
0.12957
0.129204
0.128574
0.127306
0.125657
0.124347
0.124277
0.125481
0.126946
0.12784
0.127988
0.127928
0.127793
0.127329
0.12668
0.126381
0.126966
0.127918
0.128515
0.12814
0.127097
0.126209
0.126049
0.127026
0.128523
0.130049
0.131104
0.131899
0.13282
0.133735
0.134305
0.134178
0.133838
0.133734
0.133515
0.133087
0.13321
0.134441
0.136183
0.137251
0.138134
0.139471
0.141175
0.143334
0.14614
0.148799
0.14909
0.146292
0.142611
0.141176
0.142861
0.145693
0.146559
0.143383
0.139168
0.137741
0.140955
0.146419
0.150496
0.152396
0.151661
0.149995
0.148553
0.147775
0.147639
0.147841
0.148607
0.149195
0.148699
0.147266
0.145732
0.145113
0.14537
0.145907
0.145958
0.144988
0.143279
0.141806
0.141709
0.142841
0.143902
0.144143
0.143358
0.141935
0.140004
0.137984
0.136523
0.136034
0.136368
0.136727
0.136241
0.135004
0.133827
0.133374
0.133939
0.134975
0.135757
0.135103
0.133056
0.130603
0.12907
0.128354
0.127709
0.127078
0.127064
0.127732
0.127981
0.127132
0.125864
0.125609
0.126478
0.127113
0.126352
0.124919
0.124364
0.124956
0.12595
0.126922
0.128022
0.128989
0.129229
0.128857
0.128394
0.128315
0.128593
0.129136
0.129956
0.131263
0.132746
0.133477
0.133571
0.134072
0.135165
0.135482
0.134302
0.13324
0.133386
0.134676
0.13668
0.139319
0.141906
0.142943
0.142638
0.14352
0.146847
0.150907
0.152371
0.15094
0.148369
0.14555
0.14207
0.138646
0.137292
0.138252
0.138924
0.136183
0.131529
0.129946
0.134375
0.142217
0.145961
0.144517
0.140801
0.140113
0.143499
0.149467
0.157548
0.164218
0.167017
0.164226
0.158706
0.153471
0.150128
0.148631
0.147785
0.146703
0.144812
0.142813
0.141575
0.141291
0.141866
0.142566
0.143241
0.143061
0.141438
0.138461
0.135432
0.133978
0.134097
0.134829
0.134954
0.134371
0.133082
0.130942
0.128633
0.12716
0.127629
0.129059
0.130134
0.130026
0.129142
0.128444
0.128228
0.128156
0.128045
0.127866
0.12763
0.126886
0.125477
0.124478
0.124896
0.12657
0.128529
0.129544
0.129695
0.12923
0.128313
0.127314
0.126808
0.127475
0.129034
0.130529
0.131922
0.133734
0.136447
0.138796
0.138527
0.134561
0.1287
0.124478
0.122916
0.122901
0.123188
0.125917
0.13194
0.138564
0.141618
0.140464
0.13832
0.137382
0.137887
0.138933
0.140075
0.140732
0.140961
0.141526
0.142947
0.144825
0.145675
0.14528
0.144046
0.14305
0.14246
0.142169
0.142956
0.144918
0.147567
0.149374
0.149681
0.148926
0.147734
0.147217
0.147177
0.147169
0.146682
0.146224
0.146792
0.147695
0.148513
0.149233
0.150292
0.150845
0.149272
0.146123
0.142908
0.141053
0.140378
0.14029
0.139973
0.13807
0.135151
0.133149
0.133967
0.136773
0.139011
0.139597
0.138585
0.13691
0.134983
0.133267
0.132358
0.132733
0.132925
0.133172
0.133775
0.136276
0.139504
0.141381
0.142435
0.141788
0.140137
0.136666
0.133293
0.130235
0.126455
0.121972
0.118238
0.117957
0.120734
0.12496
0.127937
0.128591
0.128493
0.128841
0.130341
0.130961
0.13006
0.128294
0.126973
0.127174
0.128212
0.129407
0.130068
0.130355
0.130585
0.130805
0.131232
0.131935
0.132596
0.133058
0.133508
0.134461
0.135525
0.136056
0.136037
0.136031
0.136543
0.137183
0.13771
0.138034
0.13853
0.139297
0.13983
0.13967
0.139086
0.139423
0.141041
0.142849
0.143608
0.14374
0.144394
0.145708
0.146633
0.146442
0.145388
0.144249
0.144162
0.145423
0.147463
0.149199
0.150001
0.14981
0.148861
0.147757
0.147337
0.147103
0.146476
0.145485
0.144871
0.145246
0.145859
0.146079
0.144954
0.142538
0.140205
0.139415
0.140676
0.142605
0.143485
0.142442
0.139624
0.136499
0.134689
0.135817
0.139817
0.144421
0.146394
0.144202
0.139895
0.136632
0.135829
0.136581
0.137687
0.13806
0.13707
0.134367
0.130859
0.12811
0.126935
0.127545
0.127467
0.125504
0.122779
0.122995
0.126909
0.131106
0.132973
0.132199
0.130909
0.129435
0.128181
0.126808
0.125591
0.125256
0.126049
0.126909
0.127135
0.126891
0.127414
0.128205
0.128493
0.128855
0.129157
0.129739
0.13008
0.129689
0.128866
0.128476
0.129439
0.131528
0.133124
0.134671
0.135816
0.136278
0.136001
0.135752
0.136618
0.138053
0.139702
0.141072
0.142024
0.142294
0.142086
0.141999
0.14241
0.143403
0.144619
0.145559
0.145668
0.145036
0.144112
0.143526
0.14327
0.143238
0.143511
0.144012
0.144471
0.144218
0.144008
0.144833
0.14661
0.147755
0.147423
0.146546
0.146014
0.145867
0.145818
0.146533
0.148496
0.151763
0.15596
0.159099
0.15751
0.149327
0.137714
0.128799
0.124017
0.123294
0.127755
0.137987
0.149575
0.154907
0.153209
0.148168
0.143929
0.141179
0.139169
0.137478
0.13582
0.134098
0.132593
0.131805
0.131978
0.132759
0.133374
0.133585
0.133114
0.131921
0.130219
0.129138
0.129325
0.130359
0.131291
0.131456
0.130891
0.129668
0.128345
0.127769
0.128106
0.128635
0.128831
0.128724
0.128196
0.126583
0.124453
0.123552
0.124741
0.126713
0.127631
0.127308
0.126966
0.127495
0.128627
0.129831
0.13061
0.131389
0.132103
0.132738
0.132269
0.131075
0.13053
0.131765
0.134103
0.135491
0.135904
0.135897
0.136391
0.136867
0.137076
0.137576
0.138627
0.140116
0.141351
0.142347
0.144112
0.146
0.145993
0.143009
0.137611
0.13448
0.134757
0.137768
0.138915
0.137991
0.139694
0.145162
0.151929
0.154411
0.154036
0.152712
0.151361
0.149754
0.148247
0.148099
0.14897
0.149883
0.150498
0.15075
0.150943
0.150699
0.149759
0.14841
0.146872
0.145675
0.144847
0.144106
0.142609
0.140473
0.139234
0.139782
0.141339
0.142237
0.141844
0.140685
0.138903
0.136881
0.13521
0.134722
0.13511
0.135579
0.135533
0.134903
0.134146
0.133476
0.13347
0.133741
0.134044
0.133721
0.132571
0.130657
0.12826
0.126324
0.125932
0.127394
0.129914
0.131942
0.13263
0.131377
0.129023
0.126989
0.126314
0.126645
0.12694
0.127241
0.127441
0.127325
0.126722
0.125874
0.125519
0.126205
0.127899
0.129735
0.130354
0.129404
0.127838
0.126974
0.127391
0.128856
0.130541
0.132145
0.133156
0.133645
0.133942
0.134918
0.13647
0.137981
0.138891
0.139612
0.14061
0.141226
0.14047
0.138332
0.13644
0.136441
0.138247
0.140264
0.141792
0.142855
0.144203
0.145132
0.144329
0.141474
0.138118
0.138551
0.143699
0.151744
0.156577
0.154807
0.149835
0.147236
0.150245
0.153883
0.154213
0.151534
0.14876
0.147394
0.146825
0.146067
0.145332
0.144672
0.144407
0.144123
0.143442
0.143455
0.144052
0.144803
0.144504
0.143217
0.141546
0.139861
0.138702
0.138483
0.139348
0.140616
0.14075
0.138867
0.135865
0.133793
0.133831
0.135132
0.136136
0.136267
0.13579
0.134836
0.13358
0.132237
0.131559
0.131709
0.132564
0.13336
0.132896
0.130761
0.12796
0.126344
0.12666
0.128013
0.128985
0.128967
0.128265
0.127478
0.12665
0.125899
0.12548
0.125726
0.126263
0.126575
0.126629
0.12671
0.126873
0.126951
0.127195
0.127802
0.128576
0.129278
0.129718
0.130298
0.131341
0.133438
0.136383
0.137621
0.135872
0.131824
0.129046
0.128946
0.130136
0.132443
0.135388
0.139633
0.142699
0.143447
0.142158
0.140187
0.139575
0.140156
0.141669
0.14272
0.143568
0.144749
0.145983
0.146161
0.144947
0.143568
0.143011
0.143203
0.143714
0.144633
0.14603
0.14752
0.148202
0.147257
0.14521
0.143307
0.143036
0.144407
0.146568
0.148448
0.148814
0.148031
0.146944
0.146534
0.14686
0.147466
0.148151
0.147966
0.146677
0.145511
0.145175
0.145825
0.146496
0.146872
0.146608
0.145829
0.14544
0.145047
0.143141
0.139536
0.136219
0.134752
0.134132
0.133449
0.133766
0.135541
0.137858
0.137923
0.135572
0.131956
0.129364
0.12979
0.132478
0.135236
0.135286
0.133123
0.131467
0.131377
0.131037
0.12845
0.124006
0.119734
0.117847
0.119273
0.123285
0.126517
0.12686
0.125855
0.125644
0.126672
0.127135
0.126501
0.125667
0.12569
0.126737
0.126814
0.125379
0.124731
0.128395
0.135415
0.14121
0.14313
0.141835
0.138613
0.134854
0.132452
0.133118
0.135355
0.136529
0.136526
0.136304
0.137376
0.139083
0.140503
0.141163
0.141044
0.141048
0.141134
0.141158
0.141442
0.141716
0.141746
0.140995
0.14047
0.14106
0.142579
0.144408
0.146103
0.147114
0.146912
0.145903
0.145729
0.147127
0.149209
0.150226
0.149307
0.147424
0.146228
0.146717
0.147894
0.148675
0.148556
0.147631
0.146165
0.14479
0.144273
0.14472
0.145304
0.145494
0.145099
0.144173
0.142918
0.141654
0.140921
0.141292
0.142328
0.142727
0.141554
0.139402
0.138108
0.138137
0.138456
0.13771
0.136092
0.135265
0.135537
0.135972
0.135056
0.133323
0.131582
0.130135
0.128974
0.128306
0.128491
0.127947
0.126161
0.123781
0.122785
0.122733
0.123315
0.124048
0.125657
0.127941
0.130638
0.13334
0.133758
0.132001
0.129453
0.1284
0.12768
0.126126
0.12464
0.125192
0.126706
0.126077
0.122097
0.116285
0.114728
0.120391
0.132094
0.143353
0.149039
0.149897
0.147087
0.143081
0.138745
0.136067
0.135546
0.13577
0.13569
0.134806
0.134417
0.134639
0.135266
0.136106
0.137201
0.138696
0.139948
0.14097
0.141734
0.142583
0.143695
0.145001
0.145747
0.145664
0.145149
0.144363
0.143665
0.143749
0.145071
0.146829
0.147502
0.147289
0.147442
0.147999
0.148382
0.148067
0.147854
0.148061
0.148251
0.148063
0.147214
0.145929
0.144567
0.143379
0.142537
0.141979
0.141903
0.142034
0.141683
0.140455
0.138804
0.138139
0.139064
0.141202
0.142962
0.143184
0.142456
0.14169
0.141512
0.140738
0.139459
0.139328
0.141141
0.142739
0.139823
0.132445
0.125276
0.122761
0.123113
0.123448
0.125765
0.132759
0.141152
0.143794
0.140138
0.135399
0.132816
0.13165
0.129922
0.128265
0.127301
0.1272
0.127687
0.128039
0.128251
0.127949
0.127426
0.126541
0.125554
0.125238
0.126004
0.127554
0.128511
0.12843
0.127613
0.126857
0.12653
0.126863
0.128092
0.129723
0.131616
0.13265
0.13243
0.130804
0.129502
0.130635
0.133924
0.137514
0.138986
0.138434
0.13712
0.13643
0.137138
0.138931
0.140924
0.142226
0.142525
0.14229
0.141863
0.141656
0.141912
0.142534
0.143039
0.142608
0.141557
0.14076
0.141175
0.142942
0.145009
0.14681
0.147893
0.148569
0.149747
0.151678
0.15456
0.156529
0.156788
0.153131
0.146963
0.141408
0.140447
0.143856
0.146841
0.145294
0.137936
0.130047
0.128242
0.13428
0.142071
0.14543
0.144806
0.144269
0.144683
0.146334
0.148749
0.151225
0.150524
0.145501
0.140173
0.137126
0.136566
0.136554
0.136209
0.135809
0.134846
0.133802
0.133277
0.133476
0.134005
0.134515
0.134761
0.134754
0.134029
0.132548
0.130546
0.128732
0.127723
0.127404
0.127405
0.127111
0.126239
0.124961
0.124314
0.125539
0.12857
0.131588
0.133044
0.132495
0.131064
0.129546
0.128691
0.128651
0.129005
0.129282
0.12907
0.128622
0.127764
0.126723
0.125963
0.126492
0.128607
0.131529
0.134171
0.135653
0.135927
0.135206
0.134065
0.133268
0.133191
0.133623
0.134266
0.13485
0.13556
0.136551
0.138182
0.14073
0.143225
0.14445
0.143656
0.141827
0.140543
0.140621
0.14258
0.145248
0.147034
0.146364
0.144199
0.143017
0.143996
0.146279
0.147835
0.148204
0.148236
0.149147
0.150847
0.151937
0.151082
0.148439
0