1.341354609
1.342386603
1.343016505
1.338938117
1.33261168
1.328205109
1.324586868
1.326303601
1.324098229
1.314522862
1.318181157
1.323840022
1.329134583
1.330239654
1.330920935
1.334376693
1.333847761
1.336695313
1.340600967
1.333707094
1.329461336
1.330152035
1.331691742
1.330398917
1.32465589
1.331117988
1.327048898
1.329648852
1.330392599
1.331562042
1.338819623
1.33644104
1.331727147
1.322054267
1.319915771
1.315815806
1.318823576
1.318365574
1.315843701
1.306988358
1.304194927
1.312581658
1.304123282
1.301516414
1.300609827
1.311085343
1.31171453
1.308471084
1.307832956
1.304289222
1.310580015
1.315863967
1.311487675
1.307933807
1.307240248
1.311769247
1.305511236
1.303232193
1.312935233
1.313540339
1.312630534
1.319633961
1.317332149
1.31756866
1.311157346
1.306502819
1.29734385
1.296099782
1.292673707
1.303136826
1.307036519
1.301044941
1.306535721
1.309866309
1.29699254
1.293964744
1.298827887
1.300419211
1.298291326
1.29629457
1.295011401
1.29991734
1.300430775
1.296142101
1.298119903
1.305917859
1.30876112
1.297680259
1.298896313
1.312507629
1.312727571
1.307614803
1.309961438
1.303646207
1.290065765
1.288140774
1.297946811
1.300154209
1.297509432
1.301737666
1.307933807
1.310853243
1.304035902
1.29948616
1.298515677
1.295442104
1.299252748
1.297119021
1.301857114
1.295967817
1.293946147
1.307260036
1.300822496
1.293333769
1.296286225
1.298593879
1.303644419
1.295741081
1.295013785
1.297957182
1.296999335
1.303643584
1.298894286
1.302803755
1.303984523
1.297727704
1.295463681
1.290512085
1.292412996
1.294945121
1.300121069
1.300248742
1.298151731
1.298055768
1.29061377
1.301473737
1.3073771
1.299299121
1.29227376
1.295927405
1.304014683
1.300301075
1.304043174
1.295334339
1.286227107
1.281913757
1.273889065
1.278554559
1.28398478
1.276712179
1.277848482
1.278749824
1.287176132
1.276738405
1.273902774
1.262358785
1.260589957
1.266298532
1.276051521
1.274475813
1.263883233
1.254827499
1.253213048
1.255533099
1.264294744
1.261166573
1.255558372
1.255051494
1.261180401
1.254684687
1.256825328
1.25835979
1.270065308
1.274256706
1.27765882
1.274458051
1.267665982
1.266142368
1.270805836
1.267006397
1.268941045
1.265225887
1.267674088
1.262064338
1.26302135
1.255218744
1.256899834
1.25929749
1.260519385
1.258095503
1.256930947
1.254180431
1.25176096
1.250828981
1.255823016
1.248265266
1.254599333
1.257330179
1.261069536
1.264236331
1.267264843
1.263850808
1.260439992
1.255069375
1.258433342
1.26095593
1.26158452
1.265425444
1.269053102
1.268954039
1.272035718
1.261594415
1.268410802
1.260359406
1.258514881
1.257287264
1.253968596
1.255350828
1.250043869
1.256942272
1.26076138
1.263777494
1.25603652
1.249998331
1.259830356
1.252665281
1.255920529
1.257102609
1.257051945
1.257739305
1.254844666
1.25437665
1.250884295
1.253826737
1.256172061
1.261168838
1.273054838
1.271764278
1.265883803
1.261605978
1.255428553
1.261498094
1.26849401
1.26317215
1.257801533
1.255631208
1.256920218
1.262903452
1.270246387
1.266489625
1.274759173
1.26195693
1.259785891
1.265405655
1.268363237
1.272704959
1.270646334
1.267003894
1.258223057
1.25902164
1.264248252
1.267472148
1.264444351
1.270730019
1.275070071
1.263145447
1.25563097
1.261289716
1.263626218
1.265238404
1.264975905
1.256818295
1.24878037
1.24711442
1.256523013
1.256580949
1.259724021
1.25583744
1.250560641
1.248010635
1.25166893
1.256033659
1.252560616
1.247836471
1.244045734
1.241930008
1.242729187
1.247933626
1.243692994
1.240913987
1.237958789
1.236517191
1.239291072
1.247355223
1.250981331
1.251233101
1.242134452
1.232991815
1.236482263
1.235404491
1.226046443
1.231868744
1.240052938
1.244392395
1.244886637
1.242243648
1.237308621
1.22852397
1.232660174
1.2323668
1.234948516
1.223410368
1.222513556
1.233467221
1.235515833
1.219802499
1.220717788
1.231813788
1.233157873
1.234044909
1.229959011
1.232493281
1.232471108
1.222549915
1.217864752
1.215604782
1.219484568
1.222149611
1.230213404
1.235009789
1.233535528
1.23952806
1.239006281
1.251423001
1.246982694
1.241671443
1.241024017
1.244779706
1.25297761
1.267977834
1.26860404
1.263916612
1.262248039
1.251369715
1.245494723
1.241618276
1.236709476
1.239497781
1.238727212
1.247713923
1.249114871
1.244683743
1.246902823
1.240716815
1.237659931
1.236052275
1.235705137
1.241034269
1.2413311
1.236529469
1.242827415
1.244986057
1.252347112
1.249857187
1.24509573
1.241152883
1.249952435
1.251283288
1.246848106
1.239832401
1.239656806
1.234725475
1.232684731
1.233688593
1.243110299
1.24037993
1.24350965
1.239262819
1.240369439
1.240618467
1.243252039
1.2479527
1.243856788
1.240340114
1.237016797
1.230185151
1.2394346
1.247162342
1.247056842
1.242515445
1.234553933
1.226973057
1.230637193
1.229477406
1.236088276
1.233002186
1.234066725
1.236323118
1.23190701
1.232600212
1.237147212
1.235932469
1.22263217
1.217752218
1.220275164
1.225698352
1.228738308
1.228032708
1.230609179
1.228613615
1.22323823
1.22661531
1.237193346
1.233003259
1.238846779
1.239374638
1.245328903
1.234403253
1.23222971
1.227975488
1.228136301
1.229092121
1.234423161
1.225376368
1.227072001
1.223968863
1.221624613
1.221089363
1.22101903
1.216715217
1.221964121
1.236889243
1.228440762
1.218709469
1.225096107
1.213881612
1.212741137
1.218655109
1.225475907
1.2264992
1.224142194
1.2380898
1.220466614
1.224092126
1.220812559
1.227741003
1.242010832
1.231549978
1.234134316
1.233811617
1.231611967
1.228344083
1.223609686
1.22603333
1.225811958
1.225586176
1.223939776
1.220069885
1.219901085
1.220557332
1.220779538
1.223443627
1.222715616
1.222172141
1.229807258
1.242295027
1.248331428
1.234863043
1.236666322
1.235116959
1.22749126
1.231676698
1.224304557
1.230705023
1.233077288
1.242920637
1.237925529
1.226257801
1.231149793
1.229951262
1.214497328
1.220795155
1.222783446
1.225281239
1.23148644
1.234058261
1.234629393
1.237770319
1.236021042
1.233650088
1.244014382
1.239783645
1.240893364
1.255165935
1.255558848
1.252978683
1.242821097
1.240989804
1.254853725
1.254277945
1.240433335
1.23982811
1.234093785
1.232996106
1.234799147
1.231663346
1.233196378
1.231628656
1.230624676
1.226561427
1.224482536
1.221457601
1.219221354
1.220029831
1.229295373
1.226654649
1.225240111
1.220282435
1.222155809
1.226107955
1.229198456
1.228169799
1.230920792
1.230201483
1.231291771
1.234517813
1.231877089
1.224840641
1.225877523
1.224143863
1.228016973
1.234058022
1.232263446
1.225935102
1.223205566
1.229333282
1.232344627
1.225425601
1.233330846
1.227821827
1.215472221
1.215823054
1.218744278
1.21947372
1.222448349
1.218942046
1.21757865
1.217743158
1.208409667
1.210506558
1.209970593
1.21635139
1.215232611
1.219325066
1.215377927
1.218514442
1.217024207
1.213149309
1.213814735
1.209812403
1.221230507
1.218421221
1.219943047
1.226845741
1.230920792
1.229852557
1.220590472
1.215522528
1.216661334
1.212376833
1.219457388
1.221903801
1.216962218
1.219958663
1.223165751
1.221972108
1.226534724
1.219673276
1.213938594
1.218365312
1.2283957
1.22784543
1.217422009
1.216493249
1.22590971
1.233211994
1.2293818
1.221732378
1.218458891
1.215768576
1.214801669
1.213995934
1.224570632
1.232663631
1.232210279
1.243465304
1.24746573
1.247905612
1.252028823
1.250506282
1.255386829
1.24020946
1.238231421
1.223119497
1.21808672
1.215073228
1.205177426
1.202810049
1.208796382
1.224617004
1.242102146
1.245881796
1.236238956
1.226678967
1.233256578
1.240921497
1.230597615
1.232948661
1.23724699
1.230255485
1.227123022
1.231492877
1.234353542
1.239236712
1.241200924
1.244370937
1.240774393
1.247851253
1.248077869
1.236762524
1.237894297
1.236930847
1.23362577
1.234542131
1.228881001
1.226199746
1.231940866
1.235972881
1.233293056
1.234294653
1.234693408
1.230795979
1.228887081
1.239677548
1.243334651
1.23625493
1.232722402
1.234836102
1.235543013
1.238642693
1.237051368
1.23355329
1.23941505
1.24337256
1.236328244
1.236748815
1.235382438
1.241633415
1.239080787
1.223507643
1.214615107
1.214134455
1.214048505
1.216171384
1.21732986
1.221358299
1.224233866
1.216906786
1.212332368
1.225471616
1.227866292
1.221684933
1.213972688
1.210952878
1.202272534
1.208901405
1.20290935
1.197176218
1.200494766
1.203978658
1.215342164
1.209762812
1.205169559
1.202446222
1.21041441
1.208000422
1.21375668
1.21245718
1.209115267
1.220358133
1.220344782
1.21970892
1.207990766
1.208346963
1.217576742
1.224190831
1.222103
1.228741288
1.228725672
1.229335189
1.228337526
1.229453444
1.223348022
1.22522974
1.225987911
1.220255256
1.225457311
1.227503777
1.226795673
1.225996494
1.227783799
1.217559814
1.216275096
1.22486043
1.22686851
1.219825387
1.221737623
1.219396234
1.217191815
1.213836432
1.216376305
1.216056943
1.220703244
1.221352816
1.222771049
1.228868604
1.228501678
1.233818173
1.228894472
1.227777958
1.221428752
1.22224319
1.226571441
1.22751224
1.231030464
1.224236846
1.22030282
1.219096661
1.219493628
1.231416941
1.237542152
1.241077542
1.233945131
1.242832065
1.242914796
1.23910284
1.236469626
1.237424254
1.247490883
1.251967788
1.24327755
1.236650229
1.235221028
1.232480288
1.233394265
1.233698487
1.229619384
1.234071016
1.234695673
1.245121479
1.236353397
1.243526101
1.234012842
1.237449884
1.232853532
1.229949594
1.237190127
1.226459384
1.214566946
1.221617699
1.216683149
1.210389137
1.218988657
1.229874611
1.213919878
1.208092451
1.2148453
1.221362114
1.223961234
1.22951901
1.22854197
1.218494773
1.214552283
1.208366156
1.205380321
1.203167677
1.202388048
1.206716061
1.207215667
1.210092068
1.203998685
1.19587636
1.196631312
1.200875878
1.208995938
1.210087061
1.197600126
1.192330599
1.194911957
1.194661379
1.191305876
1.201542497
1.210639596
1.205029249
1.203687429
1.201756239
1.206055164
1.219454288
1.213202
1.205467582
1.199840784
1.205386162
1.206739902
1.199545741
1.197361469
1.219804525
1.21810019
1.212254882
1.207193255
1.213423491
1.215079546
1.207907081
1.209268928
1.211828351
1.201756597
1.200457573
1.207071543
1.203113437
1.202279091
1.20840168
1.206218123
1.206722498
1.210000396
1.206610918
1.21759963
1.20896709
1.218450904
1.2187922
1.210201979
1.215949416
1.209071517
1.209627509
1.211146116
1.22070694
1.218527555
1.215122581
1.212462187
1.218349814
1.220658541
1.235968828
1.226914287
1.225976467
1.221145868
1.217999339
1.216112494
1.224429131
1.221768498
1.22455132
1.226235032
1.232577205
1.236079097
1.236628771
1.236016393
1.225640893
1.23219645
1.225560665
1.223079443
1.221689343
1.224269509
1.222661495
1.218194246
1.222331524
1.220078349
1.229452491
1.240516901
1.229833126
1.226222038
1.222779274
1.227063179
1.228203058
1.225678205
1.216862679
1.217692375
1.224156141
1.230303288
1.227805257
1.219176412
1.219638348
1.22077632
1.21902442
1.223376036
1.226985574
1.221126318
1.212034345
1.211001039
1.218020797
1.215570807
1.211120248
1.199995995
1.204376578
1.205112219
1.210344553
1.214137912
1.205709457
1.208511353
1.19825089
1.189960122
1.190872908
1.186874866
1.188808084
1.192513585
1.192705035
1.181664705
1.175793886
1.182111979
1.18345499
1.187421322
1.186174512
1.183325171
1.182964087
1.174446225
1.173617005
1.178103209
1.172752738
1.169812441
1.170529366
1.170849323
1.176491141
1.156985164
1.164684415
1.165503144
1.16803956
1.177220821
1.15812552
1.168260932
1.169351816
1.172701716
1.173752546
1.16402638
1.172186852
1.171344995
1.171453118
1.171046615
1.174484491
1.177960753
1.187034726
1.164462805
1.157768488
1.159291863
1.166216493
1.161404967
1.151593208
1.154890776
1.158450842
1.163569927
1.168467879
1.169906139
1.170026302
1.16701889
1.164189458
1.170185924
1.178899765
1.171170712
1.154048085
1.161512375
1.163192272
1.176359773
1.181729436
1.187957764
1.190437555
1.18866396
1.192003131
1.190620422
1.178412676
1.180573702
1.172988772
1.168885231
1.163072944
1.172973752
1.181527257
1.177204013
1.174376726
1.174418569
1.173977971
1.174843788
1.162360191
1.158305407
1.155232191
1.157357931
1.165140986
1.168042183
1.171108484
1.175383449
1.17215693
1.168244958
1.177172422
1.174009323
1.171655059
1.165495038
1.172568083
1.168610811
1.166604161
1.164407134
1.17079103
1.176516891
1.167729378
1.169754863
1.167864919
1.168271303
1.178236723
1.175950766
1.175711393
1.174503207
1.167030931
1.167239666
1.171265841
1.15866971
1.152593613
1.151377439
1.147804856
1.143085599
1.140196562
1.138096333
1.126289248
1.127151966
1.132233977
1.13147366
1.129917026
1.13293159
1.121250272
1.124531984
1.127392411
1.133019805
1.133707166
1.130748391
1.129255533
1.133964062
1.129403591
1.134364247
1.142087817
1.129755139
1.127976656
1.122130394
1.117315888
1.123154759
1.125545025
1.134842515
1.126281142
1.122780085
1.116039395
1.121070623
1.118616343
1.123772264
1.116297126
1.107635856
1.107185841
1.107991815
1.107294917
1.111533046
1.104978442
1.109050274
1.105023026
1.108380079
1.108293533
1.109832644
1.115491986
1.107165575
1.104750872
1.11273551
1.114458084
1.113013148
1.113726258
1.11508739
1.111418247
1.117214799
1.113645911
1.116016269
1.113385797
1.108010173
1.10363555
1.094925165
1.098261476
1.096669912
1.098401666
1.099285126
1.101187944
1.105713367
1.109484792
1.110762358
1.106492996
1.105042815
1.114417672
1.10825634
1.103889823
1.104156971
1.102912903
1.103993058
1.109341741
1.109734774
1.112861633
1.107654333
1.109808087
1.107011318
1.105752707
1.100887537
1.106754541
1.11394012
1.124136567
1.119875312
1.114061475
1.111083269
1.106706381
1.113542318
1.115476251
1.115407586
1.10880065
1.109784842
1.104427457
1.10812819
1.101912498
1.10255754
1.101316214
1.101933241
1.111466169
1.114266634
1.115433812
1.111572027
1.111427784
1.115190029
1.113308191
1.118661046
1.10930264
1.108140826
1.098283648
1.090543151
1.089604378
1.093440533
1.088368535
1.088501692
1.093362093
1.087033749
1.08523798
1.080432534
1.082345009
1.08072412
1.076330781
1.078891397
1.083018661
1.083245635
1.080552816
1.081097841
1.07822907
1.072429299
1.07486856
1.071770549
1.075989485
1.071020484
1.07717061
1.07380867
1.074134707
1.066248894
1.071916103
1.073767185
1.069600105
1.068780541
1.063264966
1.064686775
1.063037753
1.062735438
1.064362049
1.059112668
1.062517405
1.062827945
1.058574319
1.057163596
1.054126024
1.047711492
1.055876851
1.054249763
1.050578475
1.050581455
1.04970789
1.051340461
1.05794549
1.059195995
1.05057013
1.052812338
1.058098555
1.059010863
1.054385662
1.055951357
1.05789125
1.056609392
1.052887321
1.055707216
1.052837729
1.04766798
1.054522991
1.064477921
1.064477921