0.1466223896
0.1532058269
0.159197405
0.1534798592
0.1530566961
0.1538549513
0.1482141018
0.1474163681
0.1497620642
0.1538527012
0.1538990885
0.1507873535
0.1506432146
0.1531188041
0.1457949281
0.1370619237
0.1321765482
0.1253313124
0.1197915599
0.1094242856
0.09224503487
0.07785217464
0.07088628411
0.06744369119
0.06937946379
0.06506494433
0.0665525943
0.06123851985
0.06666851789
0.06303404272
0.05346173048
0.04840191454
0.04525188357
0.04963553697
0.04295265675
0.04469714686
0.04495483637
0.05848260224
0.07274071127
0.0786671713
0.09364531934
0.1011228189
0.1037755907
0.1052824333
0.1049920917
0.09072305262
0.08541442454
0.08728268743
0.09971407801
0.1138143614
0.1192173734
0.1101884469
0.1051147357
0.09382205456
0.08816658705
0.08145507425
0.08263263106
0.08162625134
0.07735735178
0.07331123948
0.06872406602
0.07553001493
0.08688916266
0.09288185835
0.09521236271
0.09994423389
0.09647540748
0.1093186662
0.1100617871
0.1008461118
0.09792388231
0.09277542681
0.08070154488
0.08657863736
0.08782262355
0.1001719013
0.1103457212
0.1168258563
0.128325358
0.1238499209
0.1138515845
0.1067052707
0.1041475907
0.1024581641
0.09692768753
0.09542768449
0.09681150317
0.09557509422
0.1009263396
0.09973594546
0.1055365279
0.1163026392
0.130136162
0.1348404288
0.1379257441
0.1389706135
0.1377869099
0.1395493448
0.1425221413
0.1431300789
0.1368144155
0.1347374022
0.1351811588
0.1418893635
0.1493772864
0.1529746354
0.1617827713
0.1730612516
0.1740810722
0.168573156
0.1594214141
0.1568982899
0.1597321332
0.1539260596
0.151876837
0.1520624608
0.1496660113
0.143721059
0.1442166418
0.1385750324
0.1312832236
0.1294154525
0.1236457676
0.1224685386
0.1183221936
0.1195038408
0.1188923791
0.1214538366
0.1237069666
0.1263005584
0.1238584071
0.1219356284
0.1235631928
0.12363673
0.1197641045
0.1098971218
0.1075878888
0.1065142155
0.1071212068
0.1093720272
0.1085078716
0.1116813719
0.1132308096
0.1190119833
0.1206140146
0.1236436293
0.1239528134
0.1247783303
0.1279236376
0.1321867108
0.1336791515
0.1297182143
0.1183493212
0.120912008
0.1280892193
0.1315122992
0.1356751919
0.1317249238
0.1256781816
0.1246621832
0.1277767569
0.1207497418
0.1193900034
0.1154578701
0.1052233726
0.1091269255
0.1017724723
0.1033000499
0.1062111855
0.1134207025
0.1071387753
0.1041238531
0.09563142061
0.09326574206
0.08532319218
0.08157677203
0.07595649362
0.07794173062
0.07771927118
0.08551359922
0.08547511697
0.07383215427
0.068768695
0.06672653556
0.07121536136
0.0682805106
0.06512406468
0.0683594346
0.07721098512
0.08555777371
0.09206868708
0.08995132148
0.09033238888
0.09112010896
0.08887464553
0.08467292041
0.0702245757
0.06882940233
0.0661797002
0.05558833107
0.05307742581
0.05356501788
0.05891646817
0.0658890754
0.06242929399
0.06251747161
0.07027894258
0.06499090046
0.0578725189
0.05885851011
0.06157634407
0.06203942001
0.06626114994
0.07434978336
0.07790069282
0.08830419928
0.09537360817
0.1057610661
0.1008737087
0.1006643325
0.1018853262
0.09882739186
0.1037124693
0.09527406842
0.09363049269
0.1010420993
0.1013751701
0.1107900441
0.1120611429
0.1117421836
0.118161723
0.1205065474
0.1151024774
0.1157090589
0.1166970953
0.1145694256
0.1102903336
0.1081496552
0.1014936417
0.09970133007
0.1079690754
0.1106403247
0.1096948162
0.1040445045
0.1028961465
0.09581850469
0.09026060998
0.09277053922
0.09550004452
0.08838491887
0.08511666954
0.09080751985
0.09096936882
0.09141413122
0.08908193558
0.08827215433
0.09543368965
0.1016064584
0.09848768264
0.09383437037
0.09543249756
0.09704552591
0.1028761268
0.1005097479
0.0993578136
0.09858588129
0.09468998015
0.09158401936
0.09730353206
0.1074767336
0.1135260537
0.1188256145
0.1251091212
0.1261773705
0.1166319475
0.108342886
0.1058300063
0.1036780253
0.1017665341
0.11277318
0.1203819141
0.1179174706
0.116472438
0.1107567027
0.1090641469
0.1088817194
0.09744662791
0.08698266
0.08862944692
0.09761248529
0.1003753543
0.1057949737
0.1067721993
0.1085563749
0.110491991
0.1014965922
0.09928771853
0.1053875238
0.1012541056
0.09757784754
0.0949133411
0.09868208319
0.09827150404
0.09938523173
0.08935089409
0.0884283036
0.0890000686
0.09635620564
0.09372746944
0.1012412161
0.1111282334
0.124779813
0.1327819526
0.1265088916
0.125738427
0.1217531711
0.1293462962
0.1348587871
0.1335289031
0.1417587996
0.1435109824
0.1423709989
0.1390788406
0.1333904117
0.133461386
0.1320828646
0.1234510615
0.1268780231
0.1362291873
0.1349857301
0.1229895651
0.1232080758
0.1255978197
0.123070702
0.1161231622
0.1099186316
0.1062054262
0.1031458899
0.09802199155
0.09249036759
0.08839189261
0.0924769491
0.1014154404
0.1112413332
0.119131729
0.125328064
0.1226284355
0.1134715006
0.1009505689
0.1002502739
0.092578426
0.09558160603
0.09647317231
0.09577534348
0.09653817117
0.0940920189
0.09893832356
0.1058255881
0.1138265133
0.1132954955
0.1163914427
0.1129535213
0.1109094769
0.1110576019
0.1101451665
0.1041876897
0.1104127243
0.1136787832
0.111847192
0.120403491
0.1313563734
0.1380736381
0.1417773664
0.1387382001
0.1319501698
0.1272758245
0.1239500567
0.1160078049
0.112078622
0.1124027148
0.1130737364
0.1153810844
0.1171836704
0.1107463762
0.1162488759
0.122941047
0.1228663698
0.1195134297
0.1231112406
0.124081172
0.1217490733
0.1212678179
0.1271990836
0.1291810572
0.1306841075
0.1355334967
0.1344327927
0.1349082738
0.1359379441
0.1322394311
0.126922369
0.1150817126
0.1083649024
0.1112030596
0.1145829931
0.1169047952
0.1217035726
0.1226944625
0.1204220057
0.1167572886
0.1163273603
0.1135764271
0.1099862233
0.1061935648
0.1006979495
0.1036355942
0.105608806
0.11768879
0.1206270754
0.1236836612
0.1264781803
0.1250264943
0.1267195642
0.1345337778
0.1314023882
0.1288681775
0.1265391111
0.1351968944
0.1308579147
0.1265769601
0.1274652034
0.1216053516
0.1178167388
0.1166327521
0.08262734115
0.08119541407
0.1495714933
0.1597224027
0.1463410258
0.1375711858
0.1232063472
0.1165699512
0.1164981574
0.1166726127
0.1183897033
0.1152161211
0.1124955267
0.1094276533
0.09883351624
0.08552905917
0.08091322333
0.07656426728
0.06818755716
0.07088944316
0.08264513314
0.07731178403
0.06885839999
0.06551544368
0.06483731419
0.06340458244
0.06432641298
0.06522549689
0.06175199151
0.05224949121
0.0451971963
0.045614779
0.04663098603
0.05469398201
0.06105151772
0.06925874949
0.06928832829
0.06956127286
0.06829174608
0.07720256597
0.09263055027
0.1068378761
0.1144602671
0.1168073714
0.1146387234
0.104636699
0.1164464876
0.114693746
0.118631497
0.1153009981
0.127100423
0.1289722323
0.1206782758
0.1065771505
0.1032968089
0.1068226248
0.1047372222
0.10081397
0.09773867577
0.08983848244
0.07628896832
0.07106362283
0.0705511421
0.08188574761
0.09004386514
0.09549722075
0.1051729769
0.1146134511
0.1213407591
0.1255821735
0.1307836324
0.1319506019
0.1372707039
0.1410468072
0.1402044445
0.1378768682
0.1418416947
0.1401104182
0.1375100464
0.1392027736
0.1292090267
0.1155643016
0.1130896136
0.1086839959
0.1113693789
0.1119651273
0.1166630834
0.121471554
0.1172388643
0.1136494875
0.111431621
0.1079640314
0.1064485312
0.1004314497
0.09188836813
0.08169277012
0.06620938331
0.06997090578
0.07683385909
0.08809030801
0.09632253647
0.09795238823
0.08946174383
0.09015613049
0.08776309341
0.08866541088
0.08768121153
0.0895665884
0.0874568224
0.08352831751
0.08002806455
0.08009534329
0.071649611
0.0664890781
0.07220172882
0.07775578648
0.08092945069
0.08020608872
0.07481989264
0.0728148818
0.06653995067
0.06159922108
0.06196154654
0.06438391656
0.06110216677
0.05446983129
0.05091729015
0.05154697224
0.05182840675
0.05597210303
0.05349348485
0.05291277543
0.04738524184
0.05249812081
0.0588327013
0.06556915492
0.07441438735
0.08139189333
0.08419238031
0.08954254538
0.08943583071
0.08669237047
0.07815663517
0.08745653927
0.08879958093
0.08716512471
0.07806523889
0.07154857367
0.07856719196
0.08365552127
0.08314292878
0.08567003161
0.08885472268
0.08559491485
0.07976097614
0.07965639234
0.07864071429
0.07502689213
0.0752485469
0.07194243371
0.07612746209
0.08069574088
0.0868370682
0.08509135246
0.08248280734
0.07821570337
0.07098615915
0.07097836584
0.07212861627
0.07538373023
0.08599446714
0.09786663204
0.09675426781
0.1121199578
0.1270495802
0.125377655
0.1202532947
0.1139657721
0.1112556309
0.1104839891
0.1117190719
0.09740937501
0.09385174513
0.09474909306
0.09273358434
0.08587193489
0.09009669721
0.08590462804
0.08581195772
0.07691914588
0.08213593811
0.07586932927
0.07803269476
0.07785835862
0.08709264547
0.08573265374
0.09104248136
0.0943319276
0.1003439799
0.1077164412
0.1123966202
0.1200050488
0.1263843477
0.1229746267
0.1248423979
0.1248710454
0.1376461089
0.1370159388
0.1466261148
0.1400447786
0.1360382587
0.1333761513
0.1341125518
0.1384237856
0.1348982155
0.01912012696
-0.00114775449
0.01750392653
0.0327789858
0.04732073471
0.05284797773
0.05862347782
0.06667785347
0.07623563707
0.08669420332
0.09574261308
0.1035702899
0.1103519797
0.1117117777
0.1175827608
0.1160164252
0.1188707873
0.1125898436
0.1029638797
0.09659259766
0.09379692376
0.09324838221
0.1021739244
0.1075826734
0.1185150966
0.1265393347
0.1335660666
0.1432031095
0.1368662864
0.1374623179
0.1297804415
0.1171379983
0.1059108078
0.09159721434
0.08872503042
0.08869118243
0.09363690764
0.09267433733
0.09639107436
0.101590991
0.100493677
0.09719413519
0.09560904652
0.09272988141
0.08772898465
0.08513575047
0.07637238503
0.06242796034
0.0613226518
0.07523507625
0.0790585503
0.07895697653
0.07530632615
0.07484202832
0.08037758619
0.08153662086
0.08521505445
0.09228874743
0.09345182031
0.09653026611
0.09582912177
0.1021184102
0.1028889269
0.1109383702
0.1134130582
0.1139712632
0.09984059632
0.09211973846
0.08609626442
0.07381612062
0.0665666461
0.06439118087
0.06413462013
0.05911323428
0.06880997121
0.07437907159
0.08122073859
0.0845509544
0.09119623899
0.09072581679
0.08866837621
0.08920214325
0.07994542271
0.07330693305
0.07124384493
0.07154384255
0.06640055776
0.06583884358
0.05957746133
0.05216731504
0.04459713772
0.03119555861
0.02515850961
0.02700029314
0.02891157568
0.034301918
0.03318447992
0.02685551345
0.02220993862
0.01797362603
0.01505788974
0.01623811387
0.02924948558
0.04149110988
0.05074194819
0.0512945801
0.05257513374
0.06141527742
0.05936792493
0.05353685096
0.0535303019
0.04927841201
0.04171597958
0.0335278511
0.03294688836
0.03804282472
0.03389870375
0.03414679319
0.03259079903
0.03630737215
0.03941186517
0.03679410741
0.03300845996
0.03056762181
0.03757838905
0.04418656975
0.03839233518
0.03811458126
0.03637458757
0.03131947294
0.02643270791
0.0156435594
0.002960174344
-0.01458940189
-0.02157871611
-0.02404039912
-0.01949382387
-0.01710440964
-0.01360459719
-0.007214722224
0.0036775833
0.003584917402
-0.00450703362
-0.009952489287
-0.006882695481
-0.00403070543
-0.0111059919
-0.01263010874
-0.006543496624
-0.001398099586
0.009751679376
0.01767688058
0.02472925931
0.02409276552
0.02576838993
0.01747826487
0.02161549777
0.03207235038
0.02638663165
0.009204149246
-0.0007948586717
-0.007148623466
-0.01167786028
-0.02067217976
-0.02100825496
-0.02645288967
-0.0262433514
-0.02460844256
-0.02482349239
-0.01047528163
-0.01166037563
-0.01650949568
-0.02081229538
-0.01186869014
-0.0002723345533
0.008263701573
0.008085460402
0.001851005014
0.001875933609
0.004221232608
0.007593974471
0.01016113162
-0.003320169635
-0.01383865532
-0.01970783807
-1.92E-02
-0.01566598006
-0.02080409601
-0.02387645468
-0.01231085788
-0.004861837253
0.0002074195072
-0.00264977105
-0.0003939424641
-0.006898247637
-0.00759464968
-0.005948491395
-0.01195169985
-0.02602959797
-0.02355244011
-0.01353134774
-0.00751310261
-0.006471951958
0.0003317673691
0.007746035233
0.009461075068
0.00418214919
-0.00147408573
-0.008804500103
-0.008806963451
-0.01631843857
-0.02773424238
-0.0333228521
-0.03966068476
-0.03613779694
-0.03011519089
-0.02987738885
-0.0283921957
-0.02118181065
-0.02196731605
-0.02282829955
-0.02272623405
-0.02144570276
-0.01957257278
-0.02269457653
-0.03415281326
-0.03729977459
-0.04320310429
-0.04816811904
-0.04040857404
-0.04905982316
-0.06010222062
-0.05319278315
-0.04473046958
-0.04744909704
-0.0528277047
-0.06124063209
-0.06259684265
-0.05417812616
-0.04455334693
-0.0450122878
-0.04874208942
-0.04972347617
-0.05303120986
-0.04907049239
-0.05120995268
-0.05914650112
-0.07315403968
-0.08117618412
-0.0803893134
-0.07766947895
-0.07231045514
-0.07335209101
-0.06664963067
-0.05641719699
-0.04760409519
-0.03676152229
-0.02721136808
-0.0339897573
-0.04085781425
-0.04937756062
-0.05751545727
-0.07111914456
-0.07697506249
-0.07535910606
-0.08219754696
-0.08227010071
-0.08822514117
-0.08505608141
-0.08153448254
-0.07124396414
-0.07581524551
-0.07109376043
-0.06562183052
-0.05260597542
-0.0386865437
-0.03299508244
-0.02930684388
-0.03828457743
-0.03200650588
-0.02151253819
-0.02376708761
-0.0132956868
-0.01818146184
-0.02080390602
-0.02170061693
-0.03202333674
-0.04293163493
-0.05032940209
-0.04796234891
-0.05590424687
-0.06034189463
-0.05432527885
-0.06093393639
-0.06804279983
-0.07706870139
-0.0799440667
-0.08328124136
-0.08529371023
-0.08420879394
-0.08572085947
-0.08306653053
-0.07697196305
-0.07593030483
-0.07089005411
-0.06131916493
-0.05077734962
-0.05368822068
-0.06331291795
-0.06279201806
-0.05829207972
-0.0571010001
-0.069238469
-0.07332047075
-0.07420457155
-0.07785052806
-0.06896101683
-0.06117435545
-0.05135393888
-0.05258250237
-0.05030634254
-0.05127880722
-0.06212027371
-0.07731537521
-0.08073399961
-0.07697772235
-0.06663919985
-0.07066354156
-0.06819653511
-0.05990715325
-0.0515778102
-0.04382160306
-0.05205520988
-0.05803472176
-0.0682715103
-0.0749963671
-0.07535625994
-0.07522815466
-0.06977020949
-0.06700383127
-0.06808584183
-0.06979962438
-0.07018776238
-0.07233192772
-0.06831712276
-0.06817993522
-0.06678259373
-0.05752023309
-0.0503735058
-0.04883523285
-0.05385080352
-0.05936202407
-0.0701751411
-0.07507675886
-0.084347561
-0.08644134551
-0.07879282534
-0.08163881302
-0.08381397277
-0.07856428623
-0.0749483481
-0.07709051669
-0.09625465423
-0.1141158193
-0.1238035262
-0.1285910159
-0.1300672442
-0.1295597255
-0.1346838325
-0.1388064176
-0.1394761503
-0.1360155791
-0.13336505
-0.1253066361
-0.1272340566
-0.1271824241
-0.125840649
-0.1264885962
-0.1269147396
-0.119016774
-0.1146657541
-0.1136610061
-0.1107729524
-0.1159289852
-0.1195432171
-0.1207849309
-0.1305387914
-0.1331698745
-0.1330909878
-0.1421675384
-0.1554581225
-0.1574382782
-0.1516647637
-0.1493156254
-0.1530572772
-0.1466670781
-0.1476618052
-0.1487146914
-0.152018398
-0.1550085396
-0.1575770378
-0.1557876319
-0.1584113389
-0.1624308378
-0.1661275178
-0.16720137
-0.1621994674
-0.1541330963
-0.1444919705
-0.1360957921
-0.1302681267
-0.127476573
-0.1296383888
-0.1276974082
-0.1331533492
-0.1381617188
-0.1409722716
-0.1426331848
-0.1377068758
-0.1323777884
-0.1252113432
-0.1179842576
-0.1092949063
-0.101243563
-0.1077659428
-0.1157862693
-0.1176874861
-0.1137928888
-0.1150318161
-0.1079118103
-0.1024688333
-0.106424816
-0.1060229465
-0.1088290513
-0.112439625
-0.1177879944
-0.1226850823
-0.1203957871
-0.1243260801
-0.1271131486
-0.1462257653
-0.1455634087
-0.1498511285
-0.155623138
-0.1626158208
-0.1609313339
-0.1607353687
-0.1676065624
-0.167855069
-0.1701580733
-0.1728426069
-0.1730517
-0.1758205891
-0.1711036861
-0.174481988
-0.1865874827
-0.1802348644
-0.1832793951
-0.1866919994
-0.1933705956
-0.1971162111
-0.199027136
-0.2060808092
-0.2131585628
-0.2086728513
-0.2109545171
-0.2120015621
-0.2013164908
-0.1925893426
-0.1861173958
-0.1822271496
-0.1820909232
-0.1754885167
-0.1702043116
-0.166948095
-0.1751664579
-0.1855114996
-0.2028422654
-0.211462602
-0.2183368951
-0.2372056395
-0.2637728155
-0.2645039856
-0.2578594983
-0.2586244643
-0.250957042
-0.2369961143
-0.2215439081
-0.2113037705
-0.19043383
-0.1724132001
-0.1698139906
-0.1569242179
-0.1485175043
-0.1463846117
-0.1438169926
-0.1468326151
-0.1361834556
-0.1428019851
-0.150368318
-0.1588429213
-0.1684470624
-0.1828027964
-0.1843093336
-0.1918975562
-0.1847039759
-0.1848184466
-0.1780274063
-0.18551144
-0.1800961941
-0.1876378506
-0.1840487868
-0.1929097027
-0.1943314523
-0.1965724528
-0.1969360262
-0.1935412288
-0.194636628
-0.1928962916
-0.2011419833
-0.1986245811
-0.1909140795
-0.1940334588
-0.1936976761
-0.1994975358
-0.2107457072
-0.2173181325
-0.2321446687
-0.2397929728
-0.2320476621
-0.2194153816
-0.2139164954
-0.2065488547
-0.2004788369
-0.2010369748
-0.2010803819
-0.1904377937
-0.1918354332
-0.1932554245
-0.1857044101
-0.1921379119
-0.2047717124
-0.2122039348
-0.2054018527
-0.2090830356
-0.2219559401
-0.2171845883
-0.2005614787
-0.1987352371
-0.2074354887
-0.2074354887