0.024255
0.02425
0.024249
0.024891
0.024749
0.021952
0.007909
-0.007501
-0.018948
-0.031879
-0.045345
-0.058672
-0.072023
-0.086179
-0.099937
-0.118598
-0.133281
-0.147556
-0.162094
-0.176109
-0.190686
-0.204718
-0.218189
-0.23201
-0.245111
-0.258387
-0.271772
-0.285137
-0.298636
-0.312184
-0.325387
-0.33858
-0.351354
-0.364313
-0.377035
-0.389715
-0.402473
-0.415188
-0.427583
-0.439901
-0.45156
-0.463808
-0.476193
-0.488698
-0.501357
-0.51361
-0.525728
-0.538284
-0.550499
-0.562553
-0.574744
-0.587018
-0.59929
-0.611981
-0.62377
-0.635928
-0.64765
-0.659525
-0.671755
-0.68404
-0.696576
-0.709025
-0.721455
-0.733869
-0.746565
-0.75922
-0.771582
-0.784137
-0.796392
-0.808769
-0.820903
-0.832563
-0.845233
-0.858304
-0.870291
-0.883091
-0.896235
-0.909176
-0.922455
-0.936139
-0.95027
-0.964568
-0.977225
-0.98899
-1.001043
-1.01323
-1.026022
-1.038976
-1.051235
-1.063646
-1.07493
-1.089547
-1.102699
-1.115677
-1.129854
-1.142466
-1.15456
-1.167561
-1.179466
-1.191053
-1.203063
-1.215653
-1.228236
-1.240911
-1.25261
-1.264028
-1.275989
-1.28787
-1.299625
-1.311289
-1.322635
-1.333793
-1.344812
-1.356162
-1.367788
-1.379556
-1.390979
-1.40211
-1.413395
-1.423718
-1.434058
-1.444396
-1.454426
-1.464815
-1.475445
-1.485236
-1.495235
-1.504858
-1.514694
-1.524393
-1.534334
-1.544151
-1.554057
-1.563644
-1.572515
-1.58188
-1.59097
-1.599782
-1.608216
-1.616684
-1.625161
-1.633702
-1.642054
-1.650557
-1.658889
-1.667616
-1.676147
-1.684342
-1.692072
-1.700374
-1.70822
-1.716442
-1.724151
-1.732215
-1.740068
-1.747788
-1.75552
-1.763106
-1.770651
-1.778267
-1.786063
-1.79383
-1.801556
-1.809514
-1.817242
-1.824801
-1.832045
-1.84046
-1.848152
-1.85474
-1.862037
-1.868948
-1.875734
-1.882599
-1.8901
-1.898185
-1.90616
-1.913463
-1.920515
-1.92753
-1.936667
-1.943283
-1.949881
-1.956345
-1.9621
-1.967809
-1.974028
-1.980143
-1.986784
-1.993804
-2.000132
-2.004974
-2.009705
-2.015153
-2.020965
-2.02631
-2.031695
-2.036439
-2.042591
-2.047152
-2.051514
-2.057455
-2.064688
-2.070886
-2.07562
-2.080837
-2.08612
-2.091172
-2.096565
-2.101888
-2.106297
-2.110988
-2.116002
-2.120791
-2.125192
-2.129269
-2.133404
-2.137452
-2.14113
-2.145128
-2.149099
-2.15271
-2.15597
-2.158889
-2.161925
-2.163866
-2.167039
-2.169621
-2.172093
-2.174515
-2.176957
-2.179678
-2.182172
-2.184601
-2.186907
-2.189146
-2.191339
-2.193482
-2.195452
-2.196969
-2.197963
-2.199823
-2.201043
-2.201869
-2.202603
-2.204052
-2.205272
-2.20674
-2.207888
-2.208975
-2.209827
-2.210482
-2.211125
-2.212111
-2.212838
-2.213383
-2.213797
-2.213824
-2.213752
-2.213414
-2.212991
-2.213243
-2.212745
-2.213009
-2.213454
-2.213592
-2.213611
-2.213131
-2.212813
-2.212136
-2.211459
-2.210493
-2.209697
-2.208535
-2.207172
-2.205862
-2.204639
-2.203379
-2.20171
-2.199701
-2.197504
-2.195541
-2.193611
-2.19153
-2.189307
-2.187365
-2.185085
-2.182697
-2.179867
-2.177201
-2.174525
-2.171202
-2.168192
-2.164952
-2.161873
-2.158891
-2.15503
-2.151253
-2.14758
-2.144479
-2.14064
-2.136094
-2.131309
-2.126967
-2.123453
-2.119776
-2.114753
-2.11103
-2.106446
-2.102028
-2.098037
-2.094679
-2.090666
-2.086193
-2.081393
-2.076822
-2.072402
-2.067479
-2.062525
-2.057981
-2.05285
-2.048026
-2.043175
-2.038085
-2.032821
-2.027678
-2.022041
-2.016595
-2.010617
-2.006057
-1.999577
-1.994591
-1.98936
-1.983086
-1.976931
-1.970765
-1.964142
-1.95762
-1.950707
-1.943679
-1.938236
-1.933009
-1.927168
-1.921702
-1.914609
-1.907845
-1.901291
-1.894761
-1.88808
-1.881152
-1.874481
-1.867462
-1.860881
-1.853834
-1.846858
-1.839829
-1.832483
-1.82503
-1.817705
-1.810067
-1.802448
-1.794453
-1.786421
-1.778669
-1.77119
-1.763563
-1.755445
-1.747095
-1.738744
-1.730431
-1.721972
-1.713283
-1.704612
-1.695775
-1.686616
-1.677045
-1.667507
-1.657823
-1.648686
-1.639944
-1.630909
-1.621542
-1.611408
-1.601255
-1.59113
-1.580775
-1.570317
-1.560308
-1.549378
-1.538481
-1.528025
-1.517533
-1.507213
-1.496559
-1.485705
-1.474716
-1.462871
-1.451701
-1.440803
-1.429513
-1.418135
-1.406709
-1.39607
-1.384764
-1.373514
-1.36251
-1.350603
-1.339333
-1.328252
-1.317298
-1.306436
-1.294994
-1.283196
-1.271381
-1.259701
-1.248387
-1.237682
-1.226998
-1.215769
-1.204499
-1.192025
-1.179423
-1.167407
-1.15576
-1.144124
-1.13252
-1.120545
-1.108599
-1.096831
-1.084309
-1.073629
-1.062804
-1.051818
-1.040782
-1.029654
-1.018258
-1.007113
-0.997517
-0.985849
-0.97371
-0.961352
-0.949387
-0.937312
-0.925503
-0.91402
-0.90211
-0.890962
-0.879196
-0.868124
-0.856806
-0.844593
-0.83297
-0.822626
-0.80927
-0.79802
-0.786269
-0.773777
-0.761823
-0.749762
-0.737355
-0.724865
-0.712238
-0.701433
-0.688529
-0.675144
-0.663548
-0.65011
-0.636995
-0.623979
-0.611327
-0.598206
-0.585135
-0.571668
-0.558088
-0.54463
-0.530494
-0.516569
-0.502992
-0.489036
-0.475085
-0.461318
-0.446989
-0.432445
-0.418263
-0.403947
-0.389885
-0.375855
-0.361925
-0.347587
-0.333703
-0.319366
-0.304671
-0.290582
-0.276491
-0.26238
-0.24724
-0.232306
-0.217932
-0.203641
-0.188805
-0.174386
-0.160064
-0.145303
-0.130623
-0.115218
-0.099419
-0.083191
-0.066285
-0.051959
-0.040456
-0.02759
-0.015035
-0.002894
0.007917
0.023796
0.040777
0.055732
0.071198
0.085492
0.099438
0.113574
0.127483
0.140806
0.154643
0.167795
0.180945
0.19388
0.207194
0.220453
0.233839
0.247022
0.260417
0.273561
0.286116
0.298854
0.311634
0.3248
0.337958
0.350872
0.363989
0.376726
0.389143
0.401597
0.414427
0.427267
0.439757
0.452269
0.465247
0.47742
0.489143
0.500882
0.513344
0.526069
0.538611
0.550699
0.563024
0.575306
0.587935
0.600486
0.612985
0.625862
0.638265
0.651216
0.663669
0.676143
0.68779
0.701059
0.714068
0.727189
0.740086
0.752779
0.765918
0.778849
0.791679
0.804351
0.81722
0.830643
0.843679
0.857166
0.870756
0.88438
0.899267
0.911828
0.922823
0.935593
0.945612
0.960292
0.972154
0.98493
0.996279
1.011614
1.026604
1.039237
1.053474
1.066537
1.079522
1.093027
1.105566
1.118583
1.131612
1.144075
1.156988
1.169948
1.182928
1.195626
1.208208
1.22025
1.232585
1.244863
1.256539
1.268709
1.280433
1.291716
1.303063
1.314872
1.326788
1.338488
1.349778
1.361183
1.37208
1.382779
1.393092
1.403817
1.414575
1.425532
1.435959
1.446766
1.456866
1.466972
1.477145
1.487024
1.497143
1.507293
1.517362
1.526798
1.53627
1.545323
1.55459
1.564175
1.574071
1.583506
1.593427
1.60282
1.611975
1.620195
1.629965
1.638349
1.646767
1.655722
1.664422
1.672756
1.681378
1.689425
1.697903
1.705937
1.71401
1.722479
1.730787
1.738617
1.746629
1.754296
1.762227
1.770144
1.77796
1.786098
1.794203
1.802184
1.81028
1.818422
1.826878
1.835538
1.843495
1.851777
1.860353
1.86812
1.875951
1.883497
1.889592
1.896399
1.903773
1.911185
1.918138
1.925223
1.932549
1.940048
1.947308
1.954123
1.960905
1.967791
1.974754
1.983873
1.991671
1.998724
2.003525
2.009647
2.015807
2.023215
2.030074
2.036341
2.042824
2.049352
2.056065
2.06191
2.067446
2.072802
2.078785
2.084118
2.089305
2.094071
2.099132
2.104598
2.109863
2.115187
2.120822
2.126262
2.130424
2.133657
2.138505
2.142051
2.146707
2.151277
2.155147
2.158921
2.162795
2.166533
2.170314
2.174046
2.177543
2.181015
2.184159
2.187223
2.190029
2.192738
2.195678
2.198585
2.201363
2.204044
2.206695
2.209178
2.211649
2.214183
2.216561
2.218793
2.220708
2.222532
2.22404
2.225979
2.227743
2.229261
2.230733
2.232205
2.23343
2.234687
2.235984
2.237411
2.238814
2.240046
2.241228
2.242207
2.242989
2.243673
2.244068
2.244738
2.245296
2.246429
2.247038
2.246893
2.246929
2.247057
2.247315
2.247454
2.247761
2.247526
2.247195
2.246923
2.24678
2.24629
2.245389
2.244412
2.243319
2.242457
2.241403
2.240322
2.239038
2.238043
2.237003
2.235645
2.234288
2.233217
2.231639
2.229876
2.227665
2.225198
2.222957
2.220792
2.218885
2.216313
2.213432
2.211196
2.209234
2.207163
2.204476
2.201306
2.198126
2.194677
2.191431
2.188538
2.185487
2.181794
2.178527
2.174984
2.171487
2.167936
2.164464
2.160933
2.156815
2.152867
2.148805
2.144739
2.140884
2.136811
2.132365
2.128148
2.123748
2.119408
2.115191
2.110483
2.106014
2.101287
2.096711
2.09202
2.087419
2.082632
2.077609
2.072941
2.067636
2.061651
2.055749
2.049603
2.044201
2.03919
2.033784
2.028426
2.024282
2.020261
2.014486
2.008849
2.003518
1.997858
1.991868
1.985655
1.979265
1.973052
1.96668
1.960474
1.954108
1.947737
1.94141
1.935997
1.929699
1.922424
1.914804
1.907667
1.900217
1.892304
1.885155
1.876805
1.868493
1.86075
1.853447
1.844661
1.836794
1.828647
1.82069
1.812479
1.803757
1.795339
1.786392
1.777863
1.769163
1.760676
1.75193
1.742866
1.733966
1.724749
1.715229
1.705828
1.69637
1.687009
1.676771
1.666594
1.657203
1.647249
1.637483
1.627178
1.616569
1.605727
1.595541
1.584991
1.574576
1.564305
1.553522
1.542935
1.532046
1.521551
1.511304
1.500362
1.489076
1.478466
1.467542
1.456706
1.445997
1.435036
1.423935
1.413474
1.4024
1.391347
1.380075
1.369218
1.358586
1.347557
1.336469
1.325032
1.313782
1.303229
1.292568
1.281422
1.270195
1.259451
1.248446
1.237953
1.226952
1.216301
1.205459
1.194361
1.183093
1.172248
1.161898
1.151031
1.140287
1.129899
1.12001
1.107134
1.097131
1.085152
1.072298
1.060241
1.048764
1.037475
1.026056
1.01397
1.003222
0.993634
0.982226
0.971205
0.959985
0.949362
0.93908
0.929103
0.918981
0.903974
0.890384
0.876583
0.862324
0.849177
0.835919
0.823269
0.810646
0.798436
0.785028
0.7724
0.75994
0.746978
0.734589
0.721508
0.708793
0.695814
0.682065
0.668966
0.655501
0.641642
0.628177
0.614417
0.599715
0.585903
0.571681
0.557468
0.543562
0.529695
0.515902
0.501776
0.486631
0.472604
0.458318
0.443887
0.429112
0.414461
0.400367
0.385665
0.370993
0.356381
0.341579
0.32713
0.312806
0.298658
0.284421
0.270174
0.256339
0.24221
0.228032
0.213846
0.199994
0.186306
0.172727
0.158948
0.144316
0.130118
0.115607
0.101548
0.087902
0.073046
0.059161
0.045432
0.032034
0.017518
0.002478
-0.011735
-0.024239
-0.035128
-0.047595
-0.061026
-0.073189
-0.083634
-0.098231
-0.115005
-0.128498
-0.141667
-0.155215
-0.168205
-0.181558
-0.194227
-0.20697
-0.21925
-0.232378
-0.244766
-0.257644
-0.27061
-0.282964
-0.295746
-0.308279
-0.320505
-0.332712
-0.345112
-0.358058
-0.370748
-0.383309
-0.395557
-0.408265
-0.420238
-0.432774
-0.44531
-0.458028
-0.471092
-0.48396
-0.497271
-0.508975
-0.521357
-0.533817
-0.547317
-0.56122
-0.574362
-0.587781
-0.600616
-0.613346
-0.626613
-0.639946
-0.653468
-0.667294
-0.680681
-0.694152
-0.707481
-0.720785
-0.733797
-0.7474
-0.760809
-0.77412
-0.787414
-0.799884
-0.812846
-0.826201
-0.839502
-0.853512
-0.866969
-0.880813
-0.89443
-0.907807
-0.922289
-0.936638
-0.951544
-0.965103
-0.97923
-0.988402
-1.001851
-1.015016
-1.027801
-1.040416
-1.052883
-1.062519
-1.073563
-1.087315
-1.101292
-1.113672
-1.126713
-1.138578
-1.15167
-1.164491
-1.176323
-1.191199
-1.204207
-1.214057
-1.22544
-1.236191
-1.247495
-1.258521
-1.269688
-1.280978
-1.291811
-1.302456
-1.313124
-1.323782
-1.334548
-1.345201
-1.355909
-1.366817
-1.377345
-1.387839
-1.397831
-1.407814
-1.417506
-1.427503
-1.437091
-1.446741
-1.456374
-1.465844
-1.474621
-1.483824
-1.493533
-1.503629
-1.513744
-1.523462
-1.533108
-1.542168
-1.551362
-1.56034
-1.569445
-1.578276
-1.586962
-1.595766
-1.604359
-1.612794
-1.620983
-1.629581
-1.638197
-1.647352
-1.656436
-1.665482
-1.674529
-1.683368
-1.691592
-1.700063
-1.708263
-1.716468
-1.724781
-1.732884
-1.74111
-1.749322
-1.758048
-1.766588
-1.775654
-1.784649
-1.792729
-1.800604
-1.808656
-1.816284
-1.824824
-1.833149
-1.841748
-1.848989
-1.856405
-1.863817
-1.872112
-1.880776
-1.889148
-1.896948
-1.904194
-1.911802
-1.91966
-1.927702
-1.935444
-1.94203