1.210016
1.210045
1.210017
1.209805
1.210295
1.214485
1.221094
1.230202
1.237021
1.244276
1.251789
1.257167
1.263566
1.269719
1.276069
1.28309
1.290526
1.297165
1.303755
1.310505
1.317182
1.323621
1.329665
1.336323
1.34271
1.34919
1.355193
1.361511
1.367643
1.373981
1.379675
1.385579
1.391236
1.397043
1.398432
1.404281
1.408779
1.415348
1.421258
1.427683
1.433339
1.438737
1.44397
1.449699
1.45489
1.460199
1.465512
1.470838
1.475782
1.480111
1.484458
1.489046
1.493418
1.497908
1.50235
1.506681
1.510946
1.515327
1.519702
1.524184
1.529003
1.533269
1.537259
1.540975
1.545069
1.548891
1.553016
1.557406
1.561397
1.564961
1.568848
1.571999
1.575151
1.578164
1.581534
1.584934
1.587912
1.591222
1.594503
1.597663
1.601219
1.604177
1.607266
1.610246
1.612888
1.615573
1.618008
1.621058
1.623696
1.626294
1.628244
1.630166
1.632223
1.633953
1.63562
1.637141
1.639314
1.641497
1.643199
1.644562
1.645918
1.647531
1.64908
1.650773
1.652159
1.653553
1.654968
1.655882
1.656971
1.657871
1.659137
1.660326
1.660931
1.660907
1.660825
1.661069
1.661753
1.662378
1.662898
1.663329
1.663448
1.663628
1.663671
1.663834
1.664006
1.664245
1.664039
1.66351
1.663325
1.663022
1.663074
1.662741
1.662316
1.661929
1.661455
1.660427
1.659629
1.659854
1.658276
1.656181
1.654986
1.653894
1.652401
1.650879
1.649639
1.648442
1.647082
1.645848
1.644528
1.643043
1.641239
1.639818
1.638474
1.636791
1.63446
1.631936
1.629981
1.627922
1.625357
1.62285
1.620688
1.61876
1.616793
1.614387
1.611403
1.608425
1.60591
1.603205
1.600591
1.597654
1.594825
1.591836
1.58844
1.585348
1.581837
1.578693
1.575377
1.5713
1.567661
1.564346
1.560968
1.55739
1.553641
1.549614
1.545739
1.541905
1.53776
1.533275
1.529245
1.525603
1.521553
1.516869
1.512101
1.507427
1.502799
1.497861
1.49322
1.488747
1.484222
1.479102
1.473464
1.468529
1.463483
1.458993
1.453841
1.448475
1.442718
1.437829
1.432701
1.427274
1.421487
1.415717
1.409918
1.404252
1.398602
1.39275
1.387323
1.381518
1.375726
1.369549
1.363797
1.357918
1.351113
1.344236
1.337808
1.331818
1.326045
1.319809
1.312722
1.306065
1.299698
1.292615
1.287174
1.280084
1.276473
1.270581
1.263446
1.256044
1.249741
1.242602
1.235422
1.227543
1.219932
1.212886
1.205824
1.198337
1.191355
1.184259
1.1768
1.169857
1.161538
1.153859
1.146075
1.139055
1.131412
1.123596
1.115141
1.107509
1.099241
1.091176
1.082228
1.074617
1.066537
1.058269
1.050223
1.041371
1.033547
1.025703
1.017118
1.007662
0.999341
0.991294
0.983073
0.974775
0.965676
0.956491
0.946325
0.939265
0.929794
0.921736
0.912346
0.90378
0.894809
0.885516
0.876576
0.867802
0.858857
0.8498
0.840594
0.832131
0.823
0.813537
0.80426
0.794794
0.785533
0.776228
0.766581
0.7566
0.747837
0.738863
0.729513
0.719999
0.710638
0.700899
0.690501
0.680607
0.670191
0.661166
0.652036
0.642671
0.632662
0.622919
0.613779
0.603543
0.593035
0.582215
0.572647
0.563173
0.554114
0.544476
0.534205
0.524625
0.514456
0.503966
0.493721
0.483373
0.473876
0.46427
0.454368
0.444636
0.434903
0.424421
0.413594
0.402719
0.39211
0.381683
0.372137
0.361847
0.35131
0.340894
0.330995
0.321097
0.310866
0.300185
0.289639
0.278731
0.267867
0.25682
0.246119
0.235677
0.224979
0.213772
0.203531
0.193629
0.183252
0.172957
0.162407
0.152603
0.142558
0.132803
0.12168
0.110932
0.10098
0.090679
0.080032
0.069944
0.059341
0.049164
0.038911
0.02853
0.017583
0.007014
-0.003609
-0.013791
-0.024835
-0.036879
-0.046471
-0.056053
-0.065932
-0.077574
-0.087574
-0.096604
-0.106436
-0.117589
-0.12947
-0.140796
-0.15064
-0.160922
-0.17193
-0.183147
-0.193909
-0.204066
-0.214403
-0.22528
-0.23593
-0.24608
-0.256889
-0.267832
-0.279143
-0.289289
-0.299239
-0.309162
-0.319895
-0.330339
-0.340308
-0.35066
-0.361475
-0.372444
-0.382823
-0.392968
-0.403091
-0.41332
-0.424045
-0.434723
-0.445191
-0.456024
-0.465924
-0.476267
-0.486353
-0.495956
-0.506273
-0.51663
-0.525358
-0.534353
-0.544651
-0.555205
-0.565636
-0.575721
-0.585597
-0.595627
-0.605344
-0.614657
-0.623758
-0.633938
-0.644313
-0.654535
-0.664543
-0.6741
-0.683734
-0.693792
-0.704042
-0.713886
-0.723499
-0.733055
-0.742436
-0.751562
-0.760941
-0.771069
-0.781112
-0.790853
-0.799914
-0.808842
-0.818169
-0.82764
-0.836921
-0.846306
-0.856343
-0.866088
-0.87577
-0.884624
-0.893929
-0.902605
-0.910807
-0.9194
-0.927985
-0.93704
-0.946587
-0.955294
-0.964838
-0.973715
-0.982564
-0.991657
-1.000527
-1.009145
-1.018964
-1.027244
-1.035336
-1.04362
-1.052816
-1.061432
-1.070118
-1.078383
-1.086266
-1.093936
-1.101352
-1.109116
-1.116342
-1.124247
-1.131679
-1.139207
-1.146336
-1.155859
-1.163929
-1.171456
-1.17906
-1.18666
-1.194914
-1.202901
-1.210913
-1.218636
-1.226105
-1.232862
-1.239803
-1.246628
-1.25414
-1.260597
-1.267968
-1.274914
-1.281924
-1.288933
-1.295882
-1.303705
-1.310309
-1.315988
-1.321866
-1.328499
-1.335239
-1.3425
-1.349972
-1.356943
-1.363421
-1.369116
-1.375144
-1.38113
-1.386749
-1.39272
-1.399074
-1.404864
-1.410792
-1.416962
-1.422629
-1.428497
-1.433796
-1.439244
-1.445158
-1.450931
-1.456438
-1.462007
-1.467089
-1.472498
-1.478382
-1.484068
-1.489106
-1.493445
-1.497887
-1.502373
-1.507062
-1.512088
-1.517347
-1.522607
-1.527483
-1.531828
-1.535853
-1.540468
-1.544652
-1.549363
-1.553912
-1.558272
-1.562627
-1.566743
-1.571043
-1.57514
-1.579084
-1.583032
-1.586517
-1.589461
-1.592654
-1.595862
-1.599778
-1.603464
-1.607152
-1.610268
-1.613758
-1.616984
-1.620068
-1.622871
-1.625961
-1.629404
-1.632564
-1.635448
-1.638509
-1.641273
-1.644194
-1.646624
-1.64898
-1.651298
-1.653571
-1.655767
-1.657803
-1.659966
-1.662324
-1.664802
-1.667097
-1.668797
-1.670469
-1.67228
-1.674157
-1.676074
-1.677928
-1.680035
-1.681973
-1.683478
-1.68482
-1.685676
-1.68654
-1.687752
-1.688872
-1.689655
-1.690639
-1.691532
-1.692665
-1.693517
-1.694555
-1.695753
-1.696661
-1.696436
-1.6961
-1.696193
-1.697004
-1.697621
-1.697441
-1.697568
-1.697772
-1.697995
-1.697711
-1.697116
-1.696372
-1.696101
-1.695818
-1.69504
-1.694182
-1.693505
-1.693143
-1.692988
-1.692307
-1.691338
-1.690373
-1.689403
-1.68812
-1.686866
-1.685924
-1.685155
-1.684171
-1.682802
-1.681051
-1.679393
-1.67786
-1.676434
-1.674307
-1.67239
-1.670817
-1.669405
-1.667668
-1.665774
-1.663775
-1.661863
-1.659483
-1.657041
-1.654396
-1.652039
-1.649751
-1.647381
-1.644645
-1.641975
-1.63976
-1.637181
-1.633968
-1.630438
-1.627422
-1.62461
-1.621553
-1.618218
-1.615049
-1.611846
-1.608437
-1.605217
-1.601573
-1.597895
-1.594334
-1.590751
-1.586747
-1.582752
-1.579187
-1.575489
-1.571655
-1.567228
-1.563035
-1.559207
-1.555267
-1.550132
-1.545506
-1.541482
-1.537244
-1.533034
-1.528399
-1.523407
-1.518872
-1.513883
-1.509181
-1.504448
-1.499783
-1.494459
-1.488934
-1.483659
-1.478151
-1.473445
-1.467874
-1.462338
-1.456403
-1.450988
-1.445128
-1.439299
-1.433035
-1.426847
-1.423027
-1.421003
-1.415672
-1.408565
-1.402484
-1.395782
-1.389102
-1.381993
-1.37545
-1.368809
-1.361757
-1.355036
-1.349036
-1.342978
-1.336942
-1.330477
-1.323326
-1.315798
-1.308823
-1.302194
-1.295688
-1.288847
-1.281794
-1.275031
-1.268268
-1.261101
-1.254206
-1.246743
-1.239943
-1.232491
-1.224702
-1.217369
-1.210225
-1.203216
-1.195967
-1.188597
-1.181045
-1.173557
-1.164918
-1.156445
-1.14798
-1.140542
-1.132935
-1.125272
-1.116644
-1.108612
-1.100805
-1.093397
-1.084971
-1.076547
-1.068007
-1.059083
-1.050768
-1.041573
-1.031612
-1.026408
-1.017164
-1.008516
-0.99926
-0.990441
-0.982462
-0.973761
-0.964505
-0.955687
-0.94772
-0.940365
-0.931728
-0.922715
-0.912788
-0.904233
-0.894914
-0.885372
-0.8759
-0.866485
-0.856962
-0.847711
-0.838769
-0.830274
-0.821475
-0.811704
-0.801348
-0.791559
-0.782568
-0.773641
-0.764433
-0.754607
-0.745325
-0.736016
-0.727163
-0.71782
-0.708182
-0.698447
-0.688389
-0.678969
-0.668541
-0.658744
-0.649485
-0.640181
-0.630263
-0.620167
-0.610087
-0.600494
-0.590522
-0.580623
-0.570719
-0.561343
-0.551608
-0.541759
-0.530366
-0.520101
-0.510102
-0.499961
-0.490161
-0.478987
-0.46836
-0.458109
-0.448512
-0.438488
-0.428975
-0.419031
-0.408888
-0.397738
-0.38666
-0.376124
-0.366151
-0.356238
-0.345521
-0.334981
-0.32502
-0.314922
-0.304304
-0.293814
-0.282864
-0.272197
-0.26196
-0.251508
-0.241104
-0.231362
-0.221282
-0.211141
-0.200424
-0.189777
-0.17877
-0.168038
-0.15652
-0.146113
-0.135126
-0.125068
-0.114211
-0.102905
-0.091812
-0.080868
-0.069172
-0.059335
-0.04871
-0.039391
-0.029689
-0.020111
-0.010229
-0.000667
0.008633
0.018889
0.030005
0.042687
0.054147
0.065831
0.07676
0.087754
0.098275
0.108796
0.118586
0.130282
0.142081
0.153449
0.164639
0.175105
0.185286
0.195605
0.206032
0.215641
0.225399
0.23571
0.245632
0.255939
0.266688
0.277033
0.287799
0.298499
0.308648
0.318697
0.329574
0.340219
0.350887
0.361844
0.372063
0.382298
0.39237
0.402039
0.410911
0.420549
0.430951
0.440994
0.450891
0.461537
0.472057
0.482169
0.492422
0.502404
0.512117
0.521787
0.531693
0.54113
0.550993
0.561224
0.571183
0.581564
0.591147
0.600801
0.610443
0.620171
0.62918
0.63911
0.648918
0.659478
0.669616
0.679098
0.688292
0.697857
0.707832
0.717683
0.726721
0.736432
0.746266
0.755458
0.765004
0.774649
0.784473
0.794094
0.803213
0.811322
0.820109
0.829906
0.839089
0.848513
0.857566
0.866286
0.87567
0.88432
0.893528
0.902553
0.9118
0.92131
0.932101
0.939281
0.948746
0.956233
0.965548
0.974058
0.982198
0.990373
0.998015
1.005859
1.013305
1.021161
1.029225
1.0377
1.046394
1.053784
1.060741
1.068814
1.076996
1.085648
1.093622
1.102444
1.110568
1.118718
1.126269
1.134161
1.141965
1.148751
1.156418
1.1631
1.170053
1.177163
1.184538
1.192474
1.200369
1.20777
1.214931
1.221803
1.228818
1.235547
1.242984
1.250261
1.257361
1.263595
1.270178
1.276987
1.283656
1.290608
1.296715
1.302526
1.309074
1.314909
1.321403
1.327749
1.334605
1.340995
1.347108
1.352882
1.359089
1.365546
1.373446
1.376126
1.383088
1.385274
1.390812
1.397064
1.402459
1.408136
1.413744
1.419246
1.424061
1.42959
1.435079
1.440574
1.44573
1.450079
1.455186
1.460227
1.465131
1.469656
1.47365
1.478208
1.482803
1.487834
1.492651
1.497372
1.502067
1.506266
1.509896
1.513631
1.51773
1.521917
1.525636
1.529588
1.533505
1.537417
1.541298
1.5455
1.549492
1.553218
1.556716
1.559836
1.562786
1.565958
1.569719
1.573406
1.576949
1.580166
1.583136
1.586212
1.588948
1.591438
1.593998
1.597042
1.600017
1.602616
1.605062
1.607191
1.609599
1.611826
1.613983
1.616079
1.618062
1.620166
1.622146
1.624336
1.626262
1.628273
1.630043
1.631341
1.632361
1.633496
1.634598
1.635715
1.637024
1.638351
1.639939
1.640995
1.641962
1.642444
1.642838
1.643614
1.644518
1.645095
1.645392
1.645915
1.646478
1.647324
1.647866
1.647937
1.648104
1.647918
1.647346
1.646761
1.646605
1.646964
1.647163
1.646885
1.64625
1.645977
1.645856
1.645651
1.645208
1.644951
1.644745
1.643984
1.643898
1.641452
1.639841
1.638783
1.637811
1.636292
1.634681
1.633101
1.63154
1.629908
1.62823
1.627163
1.626281
1.624791
1.622538
1.620468
1.618908
1.617668
1.615785
1.6136
1.61165
1.609659
1.607415
1.605027
1.602439
1.600456
1.597933
1.595161
1.591924
1.588854
1.586047
1.583398
1.580623
1.577571
1.574781
1.571979
1.568793
1.565069
1.561277
1.558382
1.555725
1.552518
1.548576
1.544762
1.541051
1.537218
1.53311
1.528818
1.524477
1.520391
1.516215
1.511803
1.507695
1.503637
1.499518
1.49524
1.490428
1.485706
1.481525
1.476749
1.47163
1.466978
1.462448
1.457836
1.452701
1.447011
1.441593
1.436531