1.192225	1.210016
1.192221	1.210045
1.192205	1.210017
1.19232	1.209805
1.191608	1.210295
1.187249	1.214485
1.180593	1.221094
1.171145	1.230202
1.163785	1.237021
1.155397	1.244276
1.147156	1.251789
1.139737	1.257167
1.132032	1.263566
1.124062	1.269719
1.116143	1.276069
1.108115	1.28309
1.099688	1.290526
1.091515	1.297165
1.083354	1.303755
1.075184	1.310505
1.066952	1.317182
1.058414	1.323621
1.049639	1.329665
1.041141	1.336323
1.032897	1.34271
1.024149	1.34919
1.014971	1.355193
1.005264	1.361511
0.996521	1.367643
0.987265	1.373981
0.978582	1.379675
0.968454	1.385579
0.958548	1.391236
0.947659	1.397043
0.943568	1.398432
0.934192	1.404281
0.927334	1.408779
0.917504	1.415348
0.909393	1.421258
0.899992	1.427683
0.891032	1.433339
0.882105	1.438737
0.873837	1.44397
0.865691	1.449699
0.857132	1.45489
0.845715	1.460199
0.835798	1.465512
0.825867	1.470838
0.816029	1.475782
0.806103	1.480111
0.795952	1.484458
0.786316	1.489046
0.777291	1.493418
0.767773	1.497908
0.757566	1.50235
0.7479	1.506681
0.739182	1.510946
0.730306	1.515327
0.721238	1.519702
0.711936	1.524184
0.702108	1.529003
0.692434	1.533269
0.683003	1.537259
0.673023	1.540975
0.662972	1.545069
0.653805	1.548891
0.644243	1.553016
0.634142	1.557406
0.624084	1.561397
0.614539	1.564961
0.604423	1.568848
0.594994	1.571999
0.58468	1.575151
0.57432	1.578164
0.56488	1.581534
0.555414	1.584934
0.54544	1.587912
0.534506	1.591222
0.524049	1.594503
0.513641	1.597663
0.503386	1.601219
0.493362	1.604177
0.482966	1.607266
0.471744	1.610246
0.461819	1.612888
0.451644	1.615573
0.44046	1.618008
0.429984	1.621058
0.419651	1.623696
0.409157	1.626294
0.399047	1.628244
0.387964	1.630166
0.377525	1.632223
0.368413	1.633953
0.359235	1.63562
0.349141	1.637141
0.338319	1.639314
0.327867	1.641497
0.318046	1.643199
0.307531	1.644562
0.296919	1.645918
0.286606	1.647531
0.276104	1.64908
0.266096	1.650773
0.255454	1.652159
0.244993	1.653553
0.234479	1.654968
0.224496	1.655882
0.21364	1.656971
0.202414	1.657871
0.19122	1.659137
0.180854	1.660326
0.1704	1.660931
0.159908	1.660907
0.150177	1.660825
0.140582	1.661069
0.131179	1.661753
0.120628	1.662378
0.109086	1.662898
0.098534	1.663329
0.087542	1.663448
0.076929	1.663628
0.066654	1.663671
0.055675	1.663834
0.045023	1.664006
0.034383	1.664245
0.023605	1.664039
0.012324	1.66351
0.000986	1.663325
-0.011097	1.663022
-0.026936	1.663074
-0.030788	1.662741
-0.04088	1.662316
-0.047661	1.661929
-0.054951	1.661455
-0.06444	1.660427
-0.073684	1.659629
-0.08266	1.659854
-0.092329	1.658276
-0.104891	1.656181
-0.117154	1.654986
-0.132329	1.653894
-0.145803	1.652401
-0.158646	1.650879
-0.170261	1.649639
-0.181828	1.648442
-0.19296	1.647082
-0.204345	1.645848
-0.214875	1.644528
-0.225437	1.643043
-0.235806	1.641239
-0.245537	1.639818
-0.255763	1.638474
-0.265632	1.636791
-0.275696	1.63446
-0.285619	1.631936
-0.29549	1.629981
-0.305049	1.627922
-0.315268	1.625357
-0.326276	1.62285
-0.336939	1.620688
-0.347517	1.61876
-0.3576	1.616793
-0.367205	1.614387
-0.377257	1.611403
-0.387698	1.608425
-0.397784	1.60591
-0.408384	1.603205
-0.418916	1.600591
-0.429655	1.597654
-0.440012	1.594825
-0.450052	1.591836
-0.46007	1.58844
-0.469498	1.585348
-0.479717	1.581837
-0.489358	1.578693
-0.498764	1.575377
-0.508436	1.5713
-0.518561	1.567661
-0.52833	1.564346
-0.538129	1.560968
-0.548444	1.55739
-0.558685	1.553641
-0.568875	1.549614
-0.578771	1.545739
-0.588328	1.541905
-0.597692	1.53776
-0.607714	1.533275
-0.617737	1.529245
-0.627316	1.525603
-0.637347	1.521553
-0.647558	1.516869
-0.657286	1.512101
-0.667034	1.507427
-0.676328	1.502799
-0.685305	1.497861
-0.693879	1.49322
-0.70338	1.488747
-0.712385	1.484222
-0.721747	1.479102
-0.731609	1.473464
-0.740906	1.468529
-0.750317	1.463483
-0.759574	1.458993
-0.76909	1.453841
-0.778749	1.448475
-0.788232	1.442718
-0.797111	1.437829
-0.806165	1.432701
-0.815172	1.427274
-0.825157	1.421487
-0.834794	1.415717
-0.844473	1.409918
-0.853202	1.404252
-0.861451	1.398602
-0.869441	1.39275
-0.877694	1.387323
-0.886296	1.381518
-0.894375	1.375726
-0.903191	1.369549
-0.911989	1.363797
-0.920713	1.357918
-0.929809	1.351113
-0.938961	1.344236
-0.947876	1.337808
-0.956658	1.331818
-0.965191	1.326045
-0.973021	1.319809
-0.981426	1.312722
-0.990675	1.306065
-1.000284	1.299698
-1.01086	1.292615
-1.019627	1.287174
-1.029855	1.280084
-1.034757	1.276473
-1.040434	1.270581
-1.047403	1.263446
-1.054757	1.256044
-1.061588	1.249741
-1.069741	1.242602
-1.077394	1.235422
-1.085193	1.227543
-1.092853	1.219932
-1.100123	1.212886
-1.107332	1.205824
-1.114302	1.198337
-1.121397	1.191355
-1.128786	1.184259
-1.136519	1.1768
-1.14509	1.169857
-1.154345	1.161538
-1.1629	1.153859
-1.171368	1.146075
-1.179374	1.139055
-1.187537	1.131412
-1.194881	1.123596
-1.202188	1.115141
-1.209162	1.107509
-1.216502	1.099241
-1.223221	1.091176
-1.230812	1.082228
-1.23813	1.074617
-1.245652	1.066537
-1.252659	1.058269
-1.259152	1.050223
-1.265693	1.041371
-1.272078	1.033547
-1.278551	1.025703
-1.285042	1.017118
-1.291931	1.007662
-1.298319	0.999341
-1.304477	0.991294
-1.310476	0.983073
-1.31618	0.974775
-1.322689	0.965676
-1.329322	0.956491
-1.335245	0.946325
-1.339697	0.939265
-1.345178	0.929794
-1.349997	0.921736
-1.356665	0.912346
-1.362877	0.90378
-1.36919	0.894809
-1.375353	0.885516
-1.38118	0.876576
-1.386835	0.867802
-1.392428	0.858857
-1.397977	0.8498
-1.403457	0.840594
-1.408775	0.832131
-1.414294	0.823
-1.41949	0.813537
-1.424253	0.80426
-1.42938	0.794794
-1.434658	0.785533
-1.439872	0.776228
-1.44509	0.766581
-1.450181	0.7566
-1.454762	0.747837
-1.458999	0.738863
-1.462985	0.729513
-1.467394	0.719999
-1.472175	0.710638
-1.47717	0.700899
-1.481851	0.690501
-1.486424	0.680607
-1.490825	0.670191
-1.494944	0.661166
-1.498961	0.652036
-1.502719	0.642671
-1.50665	0.632662
-1.510795	0.622919
-1.514945	0.613779
-1.519506	0.603543
-1.523661	0.593035
-1.527548	0.582215
-1.531374	0.572647
-1.535105	0.563173
-1.538372	0.554114
-1.54127	0.544476
-1.544585	0.534205
-1.547628	0.524625
-1.550715	0.514456
-1.553993	0.503966
-1.557015	0.493721
-1.560781	0.483373
-1.564241	0.473876
-1.567608	0.46427
-1.570626	0.454368
-1.573058	0.444636
-1.576051	0.434903
-1.578958	0.424421
-1.582064	0.413594
-1.585057	0.402719
-1.587904	0.39211
-1.590522	0.381683
-1.592797	0.372137
-1.594904	0.361847
-1.596742	0.35131
-1.599241	0.340894
-1.601245	0.330995
-1.6031	0.321097
-1.604832	0.310866
-1.606737	0.300185
-1.609021	0.289639
-1.611421	0.278731
-1.614053	0.267867
-1.616324	0.25682
-1.618535	0.246119
-1.620367	0.235677
-1.621298	0.224979
-1.622418	0.213772
-1.62354	0.203531
-1.625146	0.193629
-1.626605	0.183252
-1.627691	0.172957
-1.628462	0.162407
-1.629225	0.152603
-1.63018	0.142558
-1.631199	0.132803
-1.63174	0.12168
-1.632372	0.110932
-1.633084	0.10098
-1.633807	0.090679
-1.634537	0.080032
-1.634908	0.069944
-1.635483	0.059341
-1.636313	0.049164
-1.637123	0.038911
-1.637238	0.02853
-1.637297	0.017583
-1.637413	0.007014
-1.637527	-0.003609
-1.637524	-0.013791
-1.637554	-0.024835
-1.638003	-0.036879
-1.638459	-0.046471
-1.638449	-0.056053
-1.637642	-0.065932
-1.636505	-0.077574
-1.635888	-0.087574
-1.635298	-0.096604
-1.63367	-0.106436
-1.632978	-0.117589
-1.632353	-0.12947
-1.631785	-0.140796
-1.630951	-0.15064
-1.62994	-0.160922
-1.62863	-0.17193
-1.627631	-0.183147
-1.626687	-0.193909
-1.625641	-0.204066
-1.624023	-0.214403
-1.622489	-0.22528
-1.621256	-0.23593
-1.620035	-0.24608
-1.618581	-0.256889
-1.616979	-0.267832
-1.615449	-0.279143
-1.613634	-0.289289
-1.611643	-0.299239
-1.609217	-0.309162
-1.607047	-0.319895
-1.605292	-0.330339
-1.60392	-0.340308
-1.602135	-0.35066
-1.599658	-0.361475
-1.59685	-0.372444
-1.594653	-0.382823
-1.592838	-0.392968
-1.590593	-0.403091
-1.588242	-0.41332
-1.585711	-0.424045
-1.583219	-0.434723
-1.580572	-0.445191
-1.577632	-0.456024
-1.575073	-0.465924
-1.572353	-0.476267
-1.569481	-0.486353
-1.566562	-0.495956
-1.563054	-0.506273
-1.559833	-0.51663
-1.556768	-0.525358
-1.55389	-0.534353
-1.550618	-0.544651
-1.547262	-0.555205
-1.544286	-0.565636
-1.541173	-0.575721
-1.537942	-0.585597
-1.534127	-0.595627
-1.530377	-0.605344
-1.526672	-0.614657
-1.523213	-0.623758
-1.519159	-0.633938
-1.515482	-0.644313
-1.511402	-0.654535
-1.507107	-0.664543
-1.502654	-0.6741
-1.498177	-0.683734
-1.494117	-0.693792
-1.490035	-0.704042
-1.485672	-0.713886
-1.48091	-0.723499
-1.476003	-0.733055
-1.471556	-0.742436
-1.467513	-0.751562
-1.463054	-0.760941
-1.458148	-0.771069
-1.453149	-0.781112
-1.448272	-0.790853
-1.443636	-0.799914
-1.438397	-0.808842
-1.433039	-0.818169
-1.427933	-0.82764
-1.423041	-0.836921
-1.418197	-0.846306
-1.412728	-0.856343
-1.407228	-0.866088
-1.401669	-0.87577
-1.396337	-0.884624
-1.390782	-0.893929
-1.385089	-0.902605
-1.379828	-0.910807
-1.374633	-0.9194
-1.368926	-0.927985
-1.362865	-0.93704
-1.356584	-0.946587
-1.351319	-0.955294
-1.346001	-0.964838
-1.340668	-0.973715
-1.334221	-0.982564
-1.327521	-0.991657
-1.321095	-1.000527
-1.314935	-1.009145
-1.307703	-1.018964
-1.302314	-1.027244
-1.297283	-1.035336
-1.291031	-1.04362
-1.284265	-1.052816
-1.277346	-1.061432
-1.270208	-1.070118
-1.263468	-1.078383
-1.256795	-1.086266
-1.249777	-1.093936
-1.243591	-1.101352
-1.236969	-1.109116
-1.230575	-1.116342
-1.223278	-1.124247
-1.215776	-1.131679
-1.208453	-1.139207
-1.201559	-1.146336
-1.194687	-1.155859
-1.187614	-1.163929
-1.179988	-1.171456
-1.172756	-1.17906
-1.165753	-1.18666
-1.158519	-1.194914
-1.151442	-1.202901
-1.143958	-1.210913
-1.136516	-1.218636
-1.129223	-1.226105
-1.121525	-1.232862
-1.11372	-1.239803
-1.106652	-1.246628
-1.099539	-1.25414
-1.091766	-1.260597
-1.08304	-1.267968
-1.074633	-1.274914
-1.066151	-1.281924
-1.057507	-1.288933
-1.048003	-1.295882
-1.036611	-1.303705
-1.027291	-1.310309
-1.021248	-1.315988
-1.014256	-1.321866
-1.006353	-1.328499
-0.997972	-1.335239
-0.989365	-1.3425
-0.980894	-1.349972
-0.972983	-1.356943
-0.964469	-1.363421
-0.95647	-1.369116
-0.948391	-1.375144
-0.940822	-1.38113
-0.933441	-1.386749
-0.925123	-1.39272
-0.917587	-1.399074
-0.908877	-1.404864
-0.898802	-1.410792
-0.888411	-1.416962
-0.879259	-1.422629
-0.870086	-1.428497
-0.862229	-1.433796
-0.853683	-1.439244
-0.843803	-1.445158
-0.83433	-1.450931
-0.825378	-1.456438
-0.816386	-1.462007
-0.807373	-1.467089
-0.7978	-1.472498
-0.788145	-1.478382
-0.779563	-1.484068
-0.770808	-1.489106
-0.762026	-1.493445
-0.753076	-1.497887
-0.744233	-1.502373
-0.735193	-1.507062
-0.725454	-1.512088
-0.715324	-1.517347
-0.706191	-1.522607
-0.697013	-1.527483
-0.688223	-1.531828
-0.678914	-1.535853
-0.669079	-1.540468
-0.659832	-1.544652
-0.651099	-1.549363
-0.641196	-1.553912
-0.630682	-1.558272
-0.620712	-1.562627
-0.611016	-1.566743
-0.601388	-1.571043
-0.591746	-1.57514
-0.58128	-1.579084
-0.571001	-1.583032
-0.561486	-1.586517
-0.552047	-1.589461
-0.541656	-1.592654
-0.531975	-1.595862
-0.52205	-1.599778
-0.511746	-1.603464
-0.500906	-1.607152
-0.490879	-1.610268
-0.480999	-1.613758
-0.47113	-1.616984
-0.461835	-1.620068
-0.451948	-1.622871
-0.441317	-1.625961
-0.431312	-1.629404
-0.421535	-1.632564
-0.411314	-1.635448
-0.40105	-1.638509
-0.390498	-1.641273
-0.380682	-1.644194
-0.371373	-1.646624
-0.361423	-1.64898
-0.350289	-1.651298
-0.340231	-1.653571
-0.330671	-1.655767
-0.320387	-1.657803
-0.309215	-1.659966
-0.298687	-1.662324
-0.288743	-1.664802
-0.278322	-1.667097
-0.267584	-1.668797
-0.257282	-1.670469
-0.247522	-1.67228
-0.237725	-1.674157
-0.227094	-1.676074
-0.21564	-1.677928
-0.204356	-1.680035
-0.193442	-1.681973
-0.18298	-1.683478
-0.171647	-1.68482
-0.160616	-1.685676
-0.149811	-1.68654
-0.139917	-1.687752
-0.129583	-1.688872
-0.119164	-1.689655
-0.108373	-1.690639
-0.097625	-1.691532
-0.087186	-1.692665
-0.07614	-1.693517
-0.064484	-1.694555
-0.051949	-1.695753
-0.039568	-1.696661
-0.03275	-1.696436
-0.024978	-1.6961
-0.014879	-1.696193
-0.007148	-1.697004
0.003337	-1.697621
0.013216	-1.697441
0.023147	-1.697568
0.03277	-1.697772
0.045194	-1.697995
0.058306	-1.697711
0.070667	-1.697116
0.083252	-1.696372
0.094869	-1.696101
0.105929	-1.695818
0.116377	-1.69504
0.126803	-1.694182
0.137774	-1.693505
0.148342	-1.693143
0.158611	-1.692988
0.168799	-1.692307
0.178892	-1.691338
0.188965	-1.690373
0.198509	-1.689403
0.20912	-1.68812
0.220085	-1.686866
0.230961	-1.685924
0.241002	-1.685155
0.25152	-1.684171
0.261907	-1.682802
0.272274	-1.681051
0.282644	-1.679393
0.292697	-1.67786
0.302304	-1.676434
0.313391	-1.674307
0.324369	-1.67239
0.335019	-1.670817
0.345333	-1.669405
0.355502	-1.667668
0.365476	-1.665774
0.376047	-1.663775
0.386142	-1.661863
0.396369	-1.659483
0.407061	-1.657041
0.418078	-1.654396
0.428299	-1.652039
0.43798	-1.649751
0.448656	-1.647381
0.459543	-1.644645
0.470548	-1.641975
0.480541	-1.63976
0.490264	-1.637181
0.499963	-1.633968
0.509819	-1.630438
0.519133	-1.627422
0.528984	-1.62461
0.53904	-1.621553
0.549475	-1.618218
0.559926	-1.615049
0.57017	-1.611846
0.580125	-1.608437
0.590008	-1.605217
0.600029	-1.601573
0.610587	-1.597895
0.620534	-1.594334
0.630076	-1.590751
0.640256	-1.586747
0.650608	-1.582752
0.660509	-1.579187
0.67068	-1.575489
0.680602	-1.571655
0.690281	-1.567228
0.699685	-1.563035
0.708502	-1.559207
0.716884	-1.555267
0.726677	-1.550132
0.736472	-1.545506
0.746291	-1.541482
0.755917	-1.537244
0.765519	-1.533034
0.77486	-1.528399
0.784961	-1.523407
0.794359	-1.518872
0.804075	-1.513883
0.813236	-1.509181
0.822584	-1.504448
0.83198	-1.499783
0.842066	-1.494459
0.851984	-1.488934
0.860841	-1.483659
0.870492	-1.478151
0.879669	-1.473445
0.88944	-1.467874
0.898607	-1.462338
0.907541	-1.456403
0.916485	-1.450988
0.92641	-1.445128
0.936444	-1.439299
0.947287	-1.433035
0.958389	-1.426847
0.966134	-1.423027
0.971188	-1.421003
0.979031	-1.415672
0.988092	-1.408565
0.995232	-1.402484
1.00431	-1.395782
1.012995	-1.389102
1.022181	-1.381993
1.030474	-1.37545
1.0386	-1.368809
1.04595	-1.361757
1.053184	-1.355036
1.062191	-1.349036
1.070765	-1.342978
1.079865	-1.336942
1.088604	-1.330477
1.097596	-1.323326
1.106586	-1.315798
1.115994	-1.308823
1.124863	-1.302194
1.13383	-1.295688
1.142496	-1.288847
1.15045	-1.281794
1.158338	-1.275031
1.165736	-1.268268
1.173864	-1.261101
1.181609	-1.254206
1.189982	-1.246743
1.197562	-1.239943
1.205404	-1.232491
1.213283	-1.224702
1.220503	-1.217369
1.227939	-1.210225
1.23501	-1.203216
1.241911	-1.195967
1.248503	-1.188597
1.255624	-1.181045
1.262404	-1.173557
1.269699	-1.164918
1.277089	-1.156445
1.284665	-1.14798
1.291867	-1.140542
1.299024	-1.132935
1.306391	-1.125272
1.3135	-1.116644
1.320184	-1.108612
1.326932	-1.100805
1.333212	-1.093397
1.340465	-1.084971
1.347767	-1.076547
1.35494	-1.068007
1.362222	-1.059083
1.368419	-1.050768
1.373982	-1.041573
1.380821	-1.031612
1.38496	-1.026408
1.391846	-1.017164
1.397815	-1.008516
1.404087	-0.99926
1.410443	-0.990441
1.416295	-0.982462
1.422497	-0.973761
1.428633	-0.964505
1.435139	-0.955687
1.44131	-0.94772
1.447088	-0.940365
1.452295	-0.931728
1.457793	-0.922715
1.463503	-0.912788
1.468697	-0.904233
1.474832	-0.894914
1.48061	-0.885372
1.485994	-0.8759
1.491376	-0.866485
1.49654	-0.856962
1.501486	-0.847711
1.506175	-0.838769
1.510826	-0.830274
1.515772	-0.821475
1.520906	-0.811704
1.526067	-0.801348
1.530945	-0.791559
1.535894	-0.782568
1.540718	-0.773641
1.545589	-0.764433
1.550376	-0.754607
1.554765	-0.745325
1.559413	-0.736016
1.56345	-0.727163
1.567801	-0.71782
1.572437	-0.708182
1.577551	-0.698447
1.582223	-0.688389
1.586409	-0.678969
1.59048	-0.668541
1.594258	-0.658744
1.597622	-0.649485
1.601188	-0.640181
1.604619	-0.630263
1.608522	-0.620167
1.612753	-0.610087
1.616702	-0.600494
1.620384	-0.590522
1.62373	-0.580623
1.627085	-0.570719
1.63072	-0.561343
1.634649	-0.551608
1.638046	-0.541759
1.641421	-0.530366
1.644621	-0.520101
1.647715	-0.510102
1.650699	-0.499961
1.653212	-0.490161
1.656521	-0.478987
1.659948	-0.46836
1.662968	-0.458109
1.665629	-0.448512
1.667433	-0.438488
1.669637	-0.428975
1.671977	-0.419031
1.674365	-0.408888
1.676977	-0.397738
1.679262	-0.38666
1.681608	-0.376124
1.683887	-0.366151
1.686065	-0.356238
1.687733	-0.345521
1.689511	-0.334981
1.69178	-0.32502
1.693687	-0.314922
1.695453	-0.304304
1.696804	-0.293814
1.698538	-0.282864
1.700465	-0.272197
1.702452	-0.26196
1.703883	-0.251508
1.704973	-0.241104
1.705995	-0.231362
1.706645	-0.221282
1.706839	-0.211141
1.707595	-0.200424
1.709019	-0.189777
1.710641	-0.17877
1.711803	-0.168038
1.71267	-0.15652
1.713345	-0.146113
1.71403	-0.135126
1.714841	-0.125068
1.715579	-0.114211
1.715719	-0.102905
1.716315	-0.091812
1.716875	-0.080868
1.717395	-0.069172
1.71748	-0.059335
1.71753	-0.04871
1.717675	-0.039391
1.71812	-0.029689
1.718298	-0.020111
1.71771	-0.010229
1.717493	-0.000667
1.717161	0.008633
1.717084	0.018889
1.717157	0.030005
1.716322	0.042687
1.716226	0.054147
1.71574	0.065831
1.715098	0.07676
1.713787	0.087754
1.712536	0.098275
1.711783	0.108796
1.711216	0.118586
1.710091	0.130282
1.708843	0.142081
1.707857	0.153449
1.706759	0.164639
1.705646	0.175105
1.704011	0.185286
1.702242	0.195605
1.700809	0.206032
1.699594	0.215641
1.697782	0.225399
1.695759	0.23571
1.694092	0.245632
1.692705	0.255939
1.690972	0.266688
1.689105	0.277033
1.68693	0.287799
1.684836	0.298499
1.682986	0.308648
1.680664	0.318697
1.6778	0.329574
1.675539	0.340219
1.673793	0.350887
1.67188	0.361844
1.669533	0.372063
1.666562	0.382298
1.663726	0.39237
1.661379	0.402039
1.658869	0.410911
1.65572	0.420549
1.652618	0.430951
1.650112	0.440994
1.647251	0.450891
1.64401	0.461537
1.640622	0.472057
1.637523	0.482169
1.634571	0.492422
1.631687	0.502404
1.628154	0.512117
1.624446	0.521787
1.621352	0.531693
1.618379	0.54113
1.614683	0.550993
1.610708	0.561224
1.60735	0.571183
1.603764	0.581564
1.60029	0.591147
1.596068	0.600801
1.591387	0.610443
1.58694	0.620171
1.58303	0.62918
1.578588	0.63911
1.574147	0.648918
1.569416	0.659478
1.564861	0.669616
1.560858	0.679098
1.556754	0.688292
1.552233	0.697857
1.547858	0.707832
1.543241	0.717683
1.538539	0.726721
1.533008	0.736432
1.527559	0.746266
1.522846	0.755458
1.518126	0.765004
1.513395	0.774649
1.508091	0.784473
1.502746	0.794094
1.497456	0.803213
1.492442	0.811322
1.486607	0.820109
1.480547	0.829906
1.474874	0.839089
1.469787	0.848513
1.464544	0.857566
1.458967	0.866286
1.452962	0.87567
1.447502	0.88432
1.441846	0.893528
1.436115	0.902553
1.429735	0.9118
1.423626	0.92131
1.416532	0.932101
1.411783	0.939281
1.405484	0.948746
1.400365	0.956233
1.394259	0.965548
1.389177	0.974058
1.38236	0.982198
1.375097	0.990373
1.368628	0.998015
1.362612	1.005859
1.356127	1.013305
1.34937	1.021161
1.342374	1.029225
1.335838	1.0377
1.329271	1.046394
1.322486	1.053784
1.316126	1.060741
1.309185	1.068814
1.302385	1.076996
1.295139	1.085648
1.28821	1.093622
1.280577	1.102444
1.273813	1.110568
1.266576	1.118718
1.259364	1.126269
1.251531	1.134161
1.243669	1.141965
1.236404	1.148751
1.228961	1.156418
1.221601	1.1631
1.213959	1.170053
1.206457	1.177163
1.199429	1.184538
1.191765	1.192474
1.183808	1.200369
1.175961	1.20777
1.168178	1.214931
1.160592	1.221803
1.152833	1.228818
1.144675	1.235547
1.136482	1.242984
1.12864	1.250261
1.120413	1.257361
1.112571	1.263595
1.104028	1.270178
1.096012	1.276987
1.087811	1.283656
1.079333	1.290608
1.070993	1.296715
1.063121	1.302526
1.054795	1.309074
1.046696	1.314909
1.037348	1.321403
1.028669	1.327749
1.019641	1.334605
1.010889	1.340995
1.002204	1.347108
0.993458	1.352882
0.984018	1.359089
0.973847	1.365546
0.961217	1.373446
0.955961	1.376126
0.943634	1.383088
0.940082	1.385274
0.930573	1.390812
0.921754	1.397064
0.913552	1.402459
0.904105	1.408136
0.896367	1.413744
0.887431	1.419246
0.878757	1.424061
0.869433	1.42959
0.861321	1.435079
0.853529	1.440574
0.842417	1.44573
0.832315	1.450079
0.821579	1.455186
0.812039	1.460227
0.802779	1.465131
0.793505	1.469656
0.783599	1.47365
0.773389	1.478208
0.763913	1.482803
0.753937	1.487834
0.743928	1.492651
0.734378	1.497372
0.725099	1.502067
0.716368	1.506266
0.70742	1.509896
0.697797	1.513631
0.688548	1.51773
0.679782	1.521917
0.670443	1.525636
0.660116	1.529588
0.649896	1.533505
0.640228	1.537417
0.630872	1.541298
0.621458	1.5455
0.611221	1.549492
0.60063	1.553218
0.590433	1.556716
0.580787	1.559836
0.570832	1.562786
0.560418	1.565958
0.550146	1.569719
0.540213	1.573406
0.529895	1.576949
0.519722	1.580166
0.509245	1.583136
0.498909	1.586212
0.489083	1.588948
0.47914	1.591438
0.468334	1.593998
0.457657	1.597042
0.447801	1.600017
0.43755	1.602616
0.427068	1.605062
0.415761	1.607191
0.405132	1.609599
0.395324	1.611826
0.385661	1.613983
0.374659	1.616079
0.363876	1.618062
0.354031	1.620166
0.344433	1.622146
0.33394	1.624336
0.32317	1.626262
0.312464	1.628273
0.30197	1.630043
0.292184	1.631341
0.282269	1.632361
0.272062	1.633496
0.262615	1.634598
0.252779	1.635715
0.241765	1.637024
0.23036	1.638351
0.219266	1.639939
0.209033	1.640995
0.198689	1.641962
0.188058	1.642444
0.176607	1.642838
0.166119	1.643614
0.156414	1.644518
0.146301	1.645095
0.135214	1.645392
0.124488	1.645915
0.114534	1.646478
0.103878	1.647324
0.093161	1.647866
0.082709	1.647937
0.071919	1.648104
0.062135	1.647918
0.051895	1.647346
0.040965	1.646761
0.030414	1.646605
0.01966	1.646964
0.008533	1.647163
-0.003223	1.646885
-0.014944	1.64625
-0.026295	1.645977
-0.037677	1.645856
-0.042556	1.645651
-0.051426	1.645208
-0.05945	1.644951
-0.068815	1.644745
-0.077702	1.643984
-0.086824	1.643898
-0.097443	1.641452
-0.1113	1.639841
-0.125204	1.638783
-0.138373	1.637811
-0.150722	1.636292
-0.162562	1.634681
-0.174063	1.633101
-0.185607	1.63154
-0.196935	1.629908
-0.207837	1.62823
-0.21825	1.627163
-0.228802	1.626281
-0.238669	1.624791
-0.24911	1.622538
-0.259015	1.620468
-0.269149	1.618908
-0.278293	1.617668
-0.288488	1.615785
-0.299389	1.6136
-0.31022	1.61165
-0.321175	1.609659
-0.331384	1.607415
-0.341048	1.605027
-0.351257	1.602439
-0.361443	1.600456
-0.371453	1.597933
-0.381188	1.595161
-0.391614	1.591924
-0.402144	1.588854
-0.412152	1.586047
-0.422162	1.583398
-0.432874	1.580623
-0.443311	1.577571
-0.453804	1.574781
-0.463493	1.571979
-0.473259	1.568793
-0.483379	1.565069
-0.493588	1.561277
-0.503527	1.558382
-0.513311	1.555725
-0.523705	1.552518
-0.53378	1.548576
-0.543801	1.544762
-0.553367	1.541051
-0.562912	1.537218
-0.57248	1.53311
-0.581999	1.528818
-0.59195	1.524477
-0.60117	1.520391
-0.610885	1.516215
-0.620599	1.511803
-0.630772	1.507695
-0.640941	1.503637
-0.65101	1.499518
-0.660652	1.49524
-0.670209	1.490428
-0.679561	1.485706
-0.688533	1.481525
-0.69782	1.476749
-0.707881	1.47163
-0.71776	1.466978
-0.727	1.462448
-0.736617	1.457836
-0.745618	1.452701
-0.755084	1.447011
-0.764347	1.441593
-0.772715	1.436531