1.192225
1.192221
1.192205
1.19232
1.191608
1.187249
1.180593
1.171145
1.163785
1.155397
1.147156
1.139737
1.132032
1.124062
1.116143
1.108115
1.099688
1.091515
1.083354
1.075184
1.066952
1.058414
1.049639
1.041141
1.032897
1.024149
1.014971
1.005264
0.996521
0.987265
0.978582
0.968454
0.958548
0.947659
0.943568
0.934192
0.927334
0.917504
0.909393
0.899992
0.891032
0.882105
0.873837
0.865691
0.857132
0.845715
0.835798
0.825867
0.816029
0.806103
0.795952
0.786316
0.777291
0.767773
0.757566
0.7479
0.739182
0.730306
0.721238
0.711936
0.702108
0.692434
0.683003
0.673023
0.662972
0.653805
0.644243
0.634142
0.624084
0.614539
0.604423
0.594994
0.58468
0.57432
0.56488
0.555414
0.54544
0.534506
0.524049
0.513641
0.503386
0.493362
0.482966
0.471744
0.461819
0.451644
0.44046
0.429984
0.419651
0.409157
0.399047
0.387964
0.377525
0.368413
0.359235
0.349141
0.338319
0.327867
0.318046
0.307531
0.296919
0.286606
0.276104
0.266096
0.255454
0.244993
0.234479
0.224496
0.21364
0.202414
0.19122
0.180854
0.1704
0.159908
0.150177
0.140582
0.131179
0.120628
0.109086
0.098534
0.087542
0.076929
0.066654
0.055675
0.045023
0.034383
0.023605
0.012324
0.000986
-0.011097
-0.026936
-0.030788
-0.04088
-0.047661
-0.054951
-0.06444
-0.073684
-0.08266
-0.092329
-0.104891
-0.117154
-0.132329
-0.145803
-0.158646
-0.170261
-0.181828
-0.19296
-0.204345
-0.214875
-0.225437
-0.235806
-0.245537
-0.255763
-0.265632
-0.275696
-0.285619
-0.29549
-0.305049
-0.315268
-0.326276
-0.336939
-0.347517
-0.3576
-0.367205
-0.377257
-0.387698
-0.397784
-0.408384
-0.418916
-0.429655
-0.440012
-0.450052
-0.46007
-0.469498
-0.479717
-0.489358
-0.498764
-0.508436
-0.518561
-0.52833
-0.538129
-0.548444
-0.558685
-0.568875
-0.578771
-0.588328
-0.597692
-0.607714
-0.617737
-0.627316
-0.637347
-0.647558
-0.657286
-0.667034
-0.676328
-0.685305
-0.693879
-0.70338
-0.712385
-0.721747
-0.731609
-0.740906
-0.750317
-0.759574
-0.76909
-0.778749
-0.788232
-0.797111
-0.806165
-0.815172
-0.825157
-0.834794
-0.844473
-0.853202
-0.861451
-0.869441
-0.877694
-0.886296
-0.894375
-0.903191
-0.911989
-0.920713
-0.929809
-0.938961
-0.947876
-0.956658
-0.965191
-0.973021
-0.981426
-0.990675
-1.000284
-1.01086
-1.019627
-1.029855
-1.034757
-1.040434
-1.047403
-1.054757
-1.061588
-1.069741
-1.077394
-1.085193
-1.092853
-1.100123
-1.107332
-1.114302
-1.121397
-1.128786
-1.136519
-1.14509
-1.154345
-1.1629
-1.171368
-1.179374
-1.187537
-1.194881
-1.202188
-1.209162
-1.216502
-1.223221
-1.230812
-1.23813
-1.245652
-1.252659
-1.259152
-1.265693
-1.272078
-1.278551
-1.285042
-1.291931
-1.298319
-1.304477
-1.310476
-1.31618
-1.322689
-1.329322
-1.335245
-1.339697
-1.345178
-1.349997
-1.356665
-1.362877
-1.36919
-1.375353
-1.38118
-1.386835
-1.392428
-1.397977
-1.403457
-1.408775
-1.414294
-1.41949
-1.424253
-1.42938
-1.434658
-1.439872
-1.44509
-1.450181
-1.454762
-1.458999
-1.462985
-1.467394
-1.472175
-1.47717
-1.481851
-1.486424
-1.490825
-1.494944
-1.498961
-1.502719
-1.50665
-1.510795
-1.514945
-1.519506
-1.523661
-1.527548
-1.531374
-1.535105
-1.538372
-1.54127
-1.544585
-1.547628
-1.550715
-1.553993
-1.557015
-1.560781
-1.564241
-1.567608
-1.570626
-1.573058
-1.576051
-1.578958
-1.582064
-1.585057
-1.587904
-1.590522
-1.592797
-1.594904
-1.596742
-1.599241
-1.601245
-1.6031
-1.604832
-1.606737
-1.609021
-1.611421
-1.614053
-1.616324
-1.618535
-1.620367
-1.621298
-1.622418
-1.62354
-1.625146
-1.626605
-1.627691
-1.628462
-1.629225
-1.63018
-1.631199
-1.63174
-1.632372
-1.633084
-1.633807
-1.634537
-1.634908
-1.635483
-1.636313
-1.637123
-1.637238
-1.637297
-1.637413
-1.637527
-1.637524
-1.637554
-1.638003
-1.638459
-1.638449
-1.637642
-1.636505
-1.635888
-1.635298
-1.63367
-1.632978
-1.632353
-1.631785
-1.630951
-1.62994
-1.62863
-1.627631
-1.626687
-1.625641
-1.624023
-1.622489
-1.621256
-1.620035
-1.618581
-1.616979
-1.615449
-1.613634
-1.611643
-1.609217
-1.607047
-1.605292
-1.60392
-1.602135
-1.599658
-1.59685
-1.594653
-1.592838
-1.590593
-1.588242
-1.585711
-1.583219
-1.580572
-1.577632
-1.575073
-1.572353
-1.569481
-1.566562
-1.563054
-1.559833
-1.556768
-1.55389
-1.550618
-1.547262
-1.544286
-1.541173
-1.537942
-1.534127
-1.530377
-1.526672
-1.523213
-1.519159
-1.515482
-1.511402
-1.507107
-1.502654
-1.498177
-1.494117
-1.490035
-1.485672
-1.48091
-1.476003
-1.471556
-1.467513
-1.463054
-1.458148
-1.453149
-1.448272
-1.443636
-1.438397
-1.433039
-1.427933
-1.423041
-1.418197
-1.412728
-1.407228
-1.401669
-1.396337
-1.390782
-1.385089
-1.379828
-1.374633
-1.368926
-1.362865
-1.356584
-1.351319
-1.346001
-1.340668
-1.334221
-1.327521
-1.321095
-1.314935
-1.307703
-1.302314
-1.297283
-1.291031
-1.284265
-1.277346
-1.270208
-1.263468
-1.256795
-1.249777
-1.243591
-1.236969
-1.230575
-1.223278
-1.215776
-1.208453
-1.201559
-1.194687
-1.187614
-1.179988
-1.172756
-1.165753
-1.158519
-1.151442
-1.143958
-1.136516
-1.129223
-1.121525
-1.11372
-1.106652
-1.099539
-1.091766
-1.08304
-1.074633
-1.066151
-1.057507
-1.048003
-1.036611
-1.027291
-1.021248
-1.014256
-1.006353
-0.997972
-0.989365
-0.980894
-0.972983
-0.964469
-0.95647
-0.948391
-0.940822
-0.933441
-0.925123
-0.917587
-0.908877
-0.898802
-0.888411
-0.879259
-0.870086
-0.862229
-0.853683
-0.843803
-0.83433
-0.825378
-0.816386
-0.807373
-0.7978
-0.788145
-0.779563
-0.770808
-0.762026
-0.753076
-0.744233
-0.735193
-0.725454
-0.715324
-0.706191
-0.697013
-0.688223
-0.678914
-0.669079
-0.659832
-0.651099
-0.641196
-0.630682
-0.620712
-0.611016
-0.601388
-0.591746
-0.58128
-0.571001
-0.561486
-0.552047
-0.541656
-0.531975
-0.52205
-0.511746
-0.500906
-0.490879
-0.480999
-0.47113
-0.461835
-0.451948
-0.441317
-0.431312
-0.421535
-0.411314
-0.40105
-0.390498
-0.380682
-0.371373
-0.361423
-0.350289
-0.340231
-0.330671
-0.320387
-0.309215
-0.298687
-0.288743
-0.278322
-0.267584
-0.257282
-0.247522
-0.237725
-0.227094
-0.21564
-0.204356
-0.193442
-0.18298
-0.171647
-0.160616
-0.149811
-0.139917
-0.129583
-0.119164
-0.108373
-0.097625
-0.087186
-0.07614
-0.064484
-0.051949
-0.039568
-0.03275
-0.024978
-0.014879
-0.007148
0.003337
0.013216
0.023147
0.03277
0.045194
0.058306
0.070667
0.083252
0.094869
0.105929
0.116377
0.126803
0.137774
0.148342
0.158611
0.168799
0.178892
0.188965
0.198509
0.20912
0.220085
0.230961
0.241002
0.25152
0.261907
0.272274
0.282644
0.292697
0.302304
0.313391
0.324369
0.335019
0.345333
0.355502
0.365476
0.376047
0.386142
0.396369
0.407061
0.418078
0.428299
0.43798
0.448656
0.459543
0.470548
0.480541
0.490264
0.499963
0.509819
0.519133
0.528984
0.53904
0.549475
0.559926
0.57017
0.580125
0.590008
0.600029
0.610587
0.620534
0.630076
0.640256
0.650608
0.660509
0.67068
0.680602
0.690281
0.699685
0.708502
0.716884
0.726677
0.736472
0.746291
0.755917
0.765519
0.77486
0.784961
0.794359
0.804075
0.813236
0.822584
0.83198
0.842066
0.851984
0.860841
0.870492
0.879669
0.88944
0.898607
0.907541
0.916485
0.92641
0.936444
0.947287
0.958389
0.966134
0.971188
0.979031
0.988092
0.995232
1.00431
1.012995
1.022181
1.030474
1.0386
1.04595
1.053184
1.062191
1.070765
1.079865
1.088604
1.097596
1.106586
1.115994
1.124863
1.13383
1.142496
1.15045
1.158338
1.165736
1.173864
1.181609
1.189982
1.197562
1.205404
1.213283
1.220503
1.227939
1.23501
1.241911
1.248503
1.255624
1.262404
1.269699
1.277089
1.284665
1.291867
1.299024
1.306391
1.3135
1.320184
1.326932
1.333212
1.340465
1.347767
1.35494
1.362222
1.368419
1.373982
1.380821
1.38496
1.391846
1.397815
1.404087
1.410443
1.416295
1.422497
1.428633
1.435139
1.44131
1.447088
1.452295
1.457793
1.463503
1.468697
1.474832
1.48061
1.485994
1.491376
1.49654
1.501486
1.506175
1.510826
1.515772
1.520906
1.526067
1.530945
1.535894
1.540718
1.545589
1.550376
1.554765
1.559413
1.56345
1.567801
1.572437
1.577551
1.582223
1.586409
1.59048
1.594258
1.597622
1.601188
1.604619
1.608522
1.612753
1.616702
1.620384
1.62373
1.627085
1.63072
1.634649
1.638046
1.641421
1.644621
1.647715
1.650699
1.653212
1.656521
1.659948
1.662968
1.665629
1.667433
1.669637
1.671977
1.674365
1.676977
1.679262
1.681608
1.683887
1.686065
1.687733
1.689511
1.69178
1.693687
1.695453
1.696804
1.698538
1.700465
1.702452
1.703883
1.704973
1.705995
1.706645
1.706839
1.707595
1.709019
1.710641
1.711803
1.71267
1.713345
1.71403
1.714841
1.715579
1.715719
1.716315
1.716875
1.717395
1.71748
1.71753
1.717675
1.71812
1.718298
1.71771
1.717493
1.717161
1.717084
1.717157
1.716322
1.716226
1.71574
1.715098
1.713787
1.712536
1.711783
1.711216
1.710091
1.708843
1.707857
1.706759
1.705646
1.704011
1.702242
1.700809
1.699594
1.697782
1.695759
1.694092
1.692705
1.690972
1.689105
1.68693
1.684836
1.682986
1.680664
1.6778
1.675539
1.673793
1.67188
1.669533
1.666562
1.663726
1.661379
1.658869
1.65572
1.652618
1.650112
1.647251
1.64401
1.640622
1.637523
1.634571
1.631687
1.628154
1.624446
1.621352
1.618379
1.614683
1.610708
1.60735
1.603764
1.60029
1.596068
1.591387
1.58694
1.58303
1.578588
1.574147
1.569416
1.564861
1.560858
1.556754
1.552233
1.547858
1.543241
1.538539
1.533008
1.527559
1.522846
1.518126
1.513395
1.508091
1.502746
1.497456
1.492442
1.486607
1.480547
1.474874
1.469787
1.464544
1.458967
1.452962
1.447502
1.441846
1.436115
1.429735
1.423626
1.416532
1.411783
1.405484
1.400365
1.394259
1.389177
1.38236
1.375097
1.368628
1.362612
1.356127
1.34937
1.342374
1.335838
1.329271
1.322486
1.316126
1.309185
1.302385
1.295139
1.28821
1.280577
1.273813
1.266576
1.259364
1.251531
1.243669
1.236404
1.228961
1.221601
1.213959
1.206457
1.199429
1.191765
1.183808
1.175961
1.168178
1.160592
1.152833
1.144675
1.136482
1.12864
1.120413
1.112571
1.104028
1.096012
1.087811
1.079333
1.070993
1.063121
1.054795
1.046696
1.037348
1.028669
1.019641
1.010889
1.002204
0.993458
0.984018
0.973847
0.961217
0.955961
0.943634
0.940082
0.930573
0.921754
0.913552
0.904105
0.896367
0.887431
0.878757
0.869433
0.861321
0.853529
0.842417
0.832315
0.821579
0.812039
0.802779
0.793505
0.783599
0.773389
0.763913
0.753937
0.743928
0.734378
0.725099
0.716368
0.70742
0.697797
0.688548
0.679782
0.670443
0.660116
0.649896
0.640228
0.630872
0.621458
0.611221
0.60063
0.590433
0.580787
0.570832
0.560418
0.550146
0.540213
0.529895
0.519722
0.509245
0.498909
0.489083
0.47914
0.468334
0.457657
0.447801
0.43755
0.427068
0.415761
0.405132
0.395324
0.385661
0.374659
0.363876
0.354031
0.344433
0.33394
0.32317
0.312464
0.30197
0.292184
0.282269
0.272062
0.262615
0.252779
0.241765
0.23036
0.219266
0.209033
0.198689
0.188058
0.176607
0.166119
0.156414
0.146301
0.135214
0.124488
0.114534
0.103878
0.093161
0.082709
0.071919
0.062135
0.051895
0.040965
0.030414
0.01966
0.008533
-0.003223
-0.014944
-0.026295
-0.037677
-0.042556
-0.051426
-0.05945
-0.068815
-0.077702
-0.086824
-0.097443
-0.1113
-0.125204
-0.138373
-0.150722
-0.162562
-0.174063
-0.185607
-0.196935
-0.207837
-0.21825
-0.228802
-0.238669
-0.24911
-0.259015
-0.269149
-0.278293
-0.288488
-0.299389
-0.31022
-0.321175
-0.331384
-0.341048
-0.351257
-0.361443
-0.371453
-0.381188
-0.391614
-0.402144
-0.412152
-0.422162
-0.432874
-0.443311
-0.453804
-0.463493
-0.473259
-0.483379
-0.493588
-0.503527
-0.513311
-0.523705
-0.53378
-0.543801
-0.553367
-0.562912
-0.57248
-0.581999
-0.59195
-0.60117
-0.610885
-0.620599
-0.630772
-0.640941
-0.65101
-0.660652
-0.670209
-0.679561
-0.688533
-0.69782
-0.707881
-0.71776
-0.727
-0.736617
-0.745618
-0.755084
-0.764347
-0.772715