2.20711
2.207077
2.207054
2.207364
2.206954
2.207456
2.206998
2.207167
2.207424
2.207269
2.206892
2.206395
2.206004
2.205623
2.205183
2.204093
2.203647
2.202713
2.201541
2.200269
2.198883
2.197535
2.196329
2.195157
2.193643
2.191955
2.190007
2.188254
2.186645
2.184899
2.18297
2.180946
2.178861
2.176846
2.1745
2.172246
2.169764
2.167676
2.165299
2.162619
2.159927
2.15727
2.15472
2.151787
2.149054
2.145885
2.141877
2.138536
2.135293
2.131905
2.128797
2.125287
2.121719
2.117819
2.113833
2.109668
2.105611
2.101757
2.097854
2.093811
2.089771
2.085652
2.081117
2.076491
2.071831
2.066815
2.062119
2.05738
2.052316
2.046756
2.04113
2.036289
2.030805
2.024703
2.019917
2.014123
2.008619
2.003107
1.997975
1.992349
1.98641
1.980494
1.974414
1.967329
1.960117
1.952731
1.944769
1.936675
1.929965
1.924652
1.920092
1.913452
1.90747
1.900138
1.891744
1.88447
1.876515
1.868476
1.859919
1.85116
1.842493
1.834051
1.826286
1.818022
1.809321
1.800949
1.792511
1.784013
1.775429
1.76643
1.757281
1.748605
1.740303
1.731716
1.723128
1.714486
1.705781
1.697002
1.687865
1.679121
1.670097
1.661097
1.652418
1.643491
1.63405
1.625247
1.616109
1.606877
1.598211
1.588865
1.579468
1.569984
1.560629
1.551364
1.542838
1.533587
1.524475
1.515278
1.506175
1.496526
1.487003
1.47697
1.467662
1.458747
1.449544
1.439991
1.43026
1.420659
1.411495
1.402245
1.392165
1.3825
1.372879
1.362421
1.351991
1.341797
1.331537
1.321094
1.310917
1.3005
1.290055
1.279726
1.269189
1.258215
1.24695
1.236303
1.225638
1.213909
1.202514
1.19176
1.180482
1.168879
1.157253
1.145666
1.133501
1.121369
1.1094
1.097334
1.08538
1.072454
1.05853
1.045195
1.032084
1.018721
1.004957
0.992687
0.980444
0.968807
0.956182
0.943529
0.931401
0.920171
0.909292
0.896315
0.881619
0.868196
0.853725
0.843703
0.82895
0.815989
0.801714
0.786538
0.770098
0.754739
0.739156
0.724503
0.710753
0.696844
0.682752
0.669363
0.654845
0.641681
0.628289
0.615324
0.60165
0.588163
0.574471
0.560589
0.546682
0.533012
0.520029
0.507481
0.494511
0.481413
0.467918
0.45482
0.441569
0.42866
0.415644
0.403499
0.391345
0.378564
0.365943
0.352751
0.340126
0.327571
0.31487
0.302309
0.289619
0.276664
0.264456
0.251337
0.238649
0.226582
0.214191
0.201791
0.18921
0.175869
0.163284
0.150049
0.137429
0.124421
0.111865
0.099498
0.086779
0.073362
0.060659
0.047146
0.034032
0.020039
0.006003
-0.008662
-0.02143
-0.033821
-0.045562
-0.058158
-0.070778
-0.082516
-0.094798
-0.108316
-0.12374
-0.137917
-0.151192
-0.165013
-0.178776
-0.192295
-0.206173
-0.22053
-0.234316
-0.248347
-0.262121
-0.276433
-0.291051
-0.305589
-0.320054
-0.333756
-0.348243
-0.362125
-0.375948
-0.389891
-0.404153
-0.419124
-0.433706
-0.448367
-0.463012
-0.477175
-0.491394
-0.505509
-0.520301
-0.534062
-0.548207
-0.562283
-0.576253
-0.590831
-0.604818
-0.619557
-0.634611
-0.648684
-0.662108
-0.675517
-0.68919
-0.702282
-0.716197
-0.729412
-0.742463
-0.755016
-0.76646
-0.779388
-0.792875
-0.805638
-0.819065
-0.831937
-0.84452
-0.856901
-0.86929
-0.880831
-0.893163
-0.905471
-0.917924
-0.928347
-0.942889
-0.955078
-0.968532
-0.981567
-0.994175
-1.007269
-1.018407
-1.029828
-1.040825
-1.051876
-1.061625
-1.071702
-1.082362
-1.092557
-1.104089
-1.115095
-1.126188
-1.136879
-1.147669
-1.159668
-1.170454
-1.181835
-1.192266
-1.202702
-1.213356
-1.224199
-1.235091
-1.245713
-1.256355
-1.267247
-1.277685
-1.288086
-1.298627
-1.309624
-1.320534
-1.331322
-1.342251
-1.353096
-1.363995
-1.374517
-1.385095
-1.395898
-1.406402
-1.417157
-1.427372
-1.437486
-1.447504
-1.458048
-1.468606
-1.479027
-1.489485
-1.500313
-1.510988
-1.521073
-1.530798
-1.541006
-1.551675
-1.562253
-1.572222
-1.58176
-1.591281
-1.601118
-1.61131
-1.622084
-1.632437
-1.642495
-1.652145
-1.661881
-1.671104
-1.680995
-1.690395
-1.699775
-1.708812
-1.718319
-1.727565
-1.736728
-1.746113
-1.755062
-1.763497
-1.772012
-1.780145
-1.788777
-1.797324
-1.80565
-1.813787
-1.821823
-1.829669
-1.837099
-1.845047
-1.853148
-1.861991
-1.870676
-1.877748
-1.884386
-1.891203
-1.898102
-1.905118
-1.911961
-1.919154
-1.925975
-1.93312
-1.940021
-1.946546
-1.952062
-1.958454
-1.96507
-1.97202
-1.975925
-1.981107
-1.986541
-1.992222
-1.997763
-2.003152
-2.008671
-2.014055
-2.019594
-2.0244
-2.029687
-2.034598
-2.039799
-2.045525
-2.050764
-2.055156
-2.060741
-2.065293
-2.069954
-2.074585
-2.079071
-2.083738
-2.088171
-2.091559
-2.095632
-2.100034
-2.104486
-2.108004
-2.112312
-2.116751
-2.120699
-2.124809
-2.129142
-2.132882
-2.136465
-2.140354
-2.144307
-2.147858
-2.151503
-2.154449
-2.157602
-2.160673
-2.163977
-2.167297
-2.170474
-2.173261
-2.175885
-2.178312
-2.180995
-2.18384
-2.186668
-2.189296
-2.19148
-2.193467
-2.195386
-2.197208
-2.199222
-2.20142
-2.203052
-2.204551
-2.205995
-2.207694
-2.20968
-2.210725
-2.211781
-2.212847
-2.214137
-2.215007
-2.215424
-2.215448
-2.216761
-2.219461
-2.219262
-2.21934
-2.219155
-2.219264
-2.219442
-2.21953
-2.219848
-2.21998
-2.219844
-2.219463
-2.21872
-2.217704
-2.217092
-2.216485
-2.216041
-2.215577
-2.215157
-2.214382
-2.21331
-2.212139
-2.210764
-2.209468
-2.208053
-2.206521
-2.205056
-2.203553
-2.201851
-2.200247
-2.198802
-2.197074
-2.195349
-2.193091
-2.19121
-2.189221
-2.186995
-2.184687
-2.182484
-2.17992
-2.17713
-2.174435
-2.171683
-2.169071
-2.166164
-2.163559
-2.160698
-2.157696
-2.154591
-2.151414
-2.147981
-2.1445
-2.140908
-2.137369
-2.133682
-2.129069
-2.125037
-2.120637
-2.117328
-2.113175
-2.109176
-2.105714
-2.101371
-2.097037
-2.09265
-2.088129
-2.083257
-2.078289
-2.073168
-2.067726
-2.062868
-2.058222
-2.05308
-2.048161
-2.042933
-2.037403
-2.031163
-2.0246
-2.019294
-2.012266
-2.005647
-2.001225
-1.996921
-1.99009
-1.983964
-1.977507
-1.969661
-1.96231
-1.955024
-1.947792
-1.941233
-1.934103
-1.926005
-1.91798
-1.910169
-1.902434
-1.894517
-1.88652
-1.878159
-1.870008
-1.862009
-1.854137
-1.846296
-1.837802
-1.829627
-1.822188
-1.814537
-1.80675
-1.79859
-1.790408
-1.782001
-1.773712
-1.765222
-1.75671
-1.74885
-1.74033
-1.732096
-1.723889
-1.715612
-1.706958
-1.698671
-1.690143
-1.681081
-1.672456
-1.663294
-1.654583
-1.645974
-1.637214
-1.628539
-1.62024
-1.612129
-1.603468
-1.594285
-1.585448
-1.57595
-1.566837
-1.557965
-1.549434
-1.540271
-1.531095
-1.521771
-1.512475
-1.503063
-1.493646
-1.483995
-1.474918
-1.46536
-1.455991
-1.445826
-1.435546
-1.425276
-1.415396
-1.405293
-1.395771
-1.385496
-1.375199
-1.364777
-1.354069
-1.34342
-1.332676
-1.322126
-1.31141
-1.300616
-1.289114
-1.278444
-1.266934
-1.255517
-1.243775
-1.231854
-1.220242
-1.209139
-1.196868
-1.184789
-1.173008
-1.160425
-1.148012
-1.135562
-1.123047
-1.109839
-1.098086
-1.086898
-1.074845
-1.062947
-1.04818
-1.03489
-1.01991
-1.007419
-0.995693
-0.979665
-0.96575
-0.952578
-0.938842
-0.925587
-0.912719
-0.899372
-0.886164
-0.872445
-0.859891
-0.845839
-0.832762
-0.819622
-0.806096
-0.792519
-0.77876
-0.765519
-0.752255
-0.739266
-0.726698
-0.713424
-0.699986
-0.687102
-0.673018
-0.659501
-0.646551
-0.633936
-0.62145
-0.608577
-0.595263
-0.582135
-0.569094
-0.556026
-0.542835
-0.529981
-0.517535
-0.50434
-0.491756
-0.478751
-0.465471
-0.452236
-0.439786
-0.427523
-0.415454
-0.402904
-0.390175
-0.377278
-0.364754
-0.352041
-0.339489
-0.326937
-0.314509
-0.302309
-0.289774
-0.277011
-0.264475
-0.252053
-0.23928
-0.226606
-0.214123
-0.20146
-0.188734
-0.175767
-0.16288
-0.150046
-0.136742
-0.123962
-0.110478
-0.096606
-0.082357
-0.068339
-0.056833
-0.043471
-0.030644
-0.017524
-0.004277
0.008868
0.024111
0.037899
0.053054
0.066588
0.080563
0.094398
0.10828
0.122759
0.13709
0.151236
0.16554
0.180689
0.195355
0.209338
0.223573
0.237966
0.252081
0.266411
0.280854
0.295225
0.310033
0.324873
0.339422
0.353669
0.367218
0.381527
0.39562
0.410457
0.425336
0.440146
0.45458
0.468305
0.483009
0.49738
0.511317
0.526442
0.540906
0.554809
0.568652
0.582825
0.597472
0.61092
0.625809
0.640111
0.653504
0.667301
0.682112
0.69563
0.708443
0.720819
0.733889
0.746582
0.759215
0.771057
0.784402
0.798334
0.810412
0.823955
0.835445
0.847042
0.859154
0.871617
0.885065
0.897598
0.908939
0.920239
0.932081
0.944886
0.956204
0.966469
0.977623
0.988047
0.998272
1.011074
1.022649
1.033599
1.044726
1.055753
1.067099
1.078195
1.089119
1.099671
1.110541
1.121688
1.13303
1.14413
1.153468
1.165137
1.178147
1.190723
1.202341
1.214991
1.226501
1.237208
1.24618
1.258009
1.268803
1.28081
1.291099
1.301794
1.313297
1.324686
1.336298
1.347753
1.358408
1.369823
1.380853
1.392113
1.403216
1.4144
1.425895
1.436274
1.446547
1.457202
1.468263
1.478921
1.490334
1.50146
1.512117
1.522461
1.533373
1.544345
1.555541
1.566492
1.576951
1.586726
1.596757
1.60734
1.618086
1.628618
1.638773
1.648871
1.65919
1.66859
1.67805
1.68781
1.697115
1.70714
1.716942
1.726177
1.735397
1.744274
1.753058
1.76211
1.771153
1.7806
1.789368
1.797746
1.80595
1.814243
1.822477
1.830567
1.838482
1.8464
1.854481
1.86311
1.870142
1.878159
1.885402
1.892831
1.899501
1.906248
1.912647
1.919703
1.926023
1.930646
1.937491
1.943774
1.950061
1.956264
1.962391
1.967808
1.974494
1.98006
1.985904
1.991992
1.997107
2.002986
2.00886
2.014887
2.021031
2.027844
2.034583
2.040936
2.046349
2.050291
2.054603
2.058136
2.064982
2.069979
2.075299
2.082449
2.087512
2.092536
2.097061
2.101643
2.106814
2.111589
2.116099
2.119959
2.124569
2.129167
2.133808
2.137855
2.142197
2.146591
2.150506
2.154809
2.15933
2.163174
2.166445
2.170749
2.174019
2.177376
2.18063
2.18425
2.187829
2.190871
2.193883
2.197317
2.200524
2.203439
2.206376
2.209361
2.212331
2.215381
2.218132
2.220568
2.22259
2.224662
2.227045
2.229584
2.231548
2.232977
2.234376
2.236126
2.238013
2.239916
2.241473
2.242807
2.243748
2.244408
2.245264
2.246285
2.247475
2.248575
2.249467
2.250109
2.250019
2.250085
2.250304
2.250622
2.251065
2.251414
2.25164
2.252095
2.251755
2.251699
2.251758
2.251322
2.251348
2.2516
2.251318
2.250728
2.249706
2.248695
2.247744
2.246624
2.24582
2.244557
2.243491
2.242181
2.241102
2.239682
2.238181
2.236499
2.23456
2.232935
2.231019
2.228989
2.226929
2.224689
2.222314
2.219696
2.217152
2.214584
2.212028
2.209239
2.206497
2.203671
2.200634
2.19775
2.194072
2.189602
2.186505
2.183482
2.18026
2.176576
2.172769
2.168939
2.164584
2.160588
2.156615
2.15228
2.147869
2.143546
2.139108
2.13448
2.129632
2.12478
2.119779
2.114486
2.109397
2.104521
2.099354
2.093921
2.088054
2.082282
2.076763
2.070967
2.065544
2.059629
2.05346
2.046902
2.039672
2.03352
2.027353
2.02138
2.014577
2.008471
2.001146
1.994122
1.986636
1.979045
1.971514
1.968033
1.96301
1.956648
1.95005
1.944035
1.937056
1.930089
1.922442
1.915094
1.908811
1.899659
1.891656
1.883577
1.874802
1.866963
1.859005
1.851054
1.843353
1.835525
1.827638
1.819932
1.811953
1.803842
1.795753
1.787525
1.779431
1.771103
1.763159
1.754815
1.746927
1.738913
1.730909
1.722733
1.714408
1.706169
1.697883
1.689807
1.681741
1.673039
1.664154
1.655131
1.646226
1.637582
1.628521
1.619749
1.610643
1.601708
1.592162
1.582757
1.573365
1.563885
1.554384
1.5451
1.535886
1.526475
1.517049
1.507042
1.496797
1.486853
1.476365
1.466164
1.455986
1.445639
1.435149
1.424648
1.413897
1.403287
1.392294
1.381524
1.370721
1.359454
1.347956
1.336054
1.324673
1.313022
1.301584
1.290004
1.27845
1.266411
1.253409
1.241261
1.229132
1.21732
1.205325
1.193178
1.180654
1.168314
1.155454
1.142624
1.129545
1.116297
1.103105
1.09037