0.5684711907
0.5791002458
0.5734628323
0.8324347867
0.8301309521
0.8259247086
0.8238128602
0.8296248066
0.8317541083
0.8315446688
0.829171021
0.8260992416
0.8254011099
0.8263784942
0.8245458985
0.8223816902
0.8221024376
0.8227133028
0.8257501757
0.826064335
0.8236906872
0.8198160562
0.8192924575
0.818786312
0.8175122216
0.8158541588
0.817651848
0.8184721527
0.823498701
0.8226783962
0.8262737745
0.8251218572
0.820042949
0.8178438342
0.8181230869
0.8173376887
0.8162381313
0.8151211206
0.817058436
0.816220678
0.8143357224
0.8117875417
0.8120842477
0.8078605509
0.8027641895
0.8066388204
0.8095535202
0.8149989475
0.8184721527
0.8201302155
0.8171980624
0.8153829199
0.8164475708
0.8158541588
0.7883303165
0.7858344957
0.7527430531
0.7540171434
0.7632848418
0.768730269
0.7740884298
0.767770338
0.7928856259
0.7876147315
0.7821343977
0.782867436
0.780598508
0.7980518005
0.8014900991
0.8026245631
0.7996575034
0.7970395095
0.7942818893
0.7907039643
0.7922049475
0.7930077989
0.7979819873
0.8001461956
0.7994829705
0.8001461956
0.7971791358
0.7978598143
0.7963762844
0.7903374452
0.7848571113
0.7806857744
0.7794465906
0.7756766795
0.7793418709
0.783164142
0.7834608479
0.779289511
0.776427171
0.7760781052
0.7737568173
0.7724478203
0.77827722
0.795817779
0.7942818893
0.79826124
0.7896916734
0.7903025386
0.7877892645
0.7904596182
0.7895345937
0.7909483104
0.7915591757
0.7878416244
0.8007221542
0.8047538648
0.8098327729
0.8119795279
0.8088379353
0.8014028326
0.797667828
0.7974234819
0.7966031772
0.7874751052
0.7884873962
0.7930776121
0.7902152721
0.7937757438
0.7940200899
0.7975282017
0.796114485
0.7891157147
0.7834084881
0.785136364
0.7867071603
0.7889586351
0.7927983594
0.7911577499
0.7899011129
0.7896742201
0.7842636994
0.7833386749
0.7805286948
0.7814188127
0.7851538173
0.7871260394
0.7891157147
0.7862184681
0.7857472292
0.7864453609
0.7852759903
0.7817853318
0.7802145355
0.7788182721
0.7772474758
0.782151851
0.7849094712
0.7901280057
0.7900581925
0.7895171404
0.7872656657
0.7848047515
0.7823787438
0.7809301205
0.774751655
0.7773347423
0.7810522936
0.7882081435
0.79826124
0.7952418204
0.7874925585
0.7823612905
0.7774569153
0.780598508
0.7863057346
0.7944040623
0.7969347898
0.7960621251
0.7939328234
0.7917860685
0.7904596182
0.7872133058
0.7852236305
0.7780154207
0.7803890684
0.7838797269
0.7874401986
0.7875274651
0.7867595202
0.7851189107
0.7860439352
0.7861661083
0.7835306611
0.7790975248
0.7793593242
0.7818900516
0.7876845447
0.792414387
0.8000938357
0.802258044
0.7945436887
0.7882255968
0.7845080455
0.7819773181
0.7829197959
0.7840193533
0.781732972
0.7816107989
0.7842462461
0.7833386749
0.7824834635
0.7824311037
0.7816980654
0.7798480164
0.781017387
0.7816980654
0.7838099138
0.7878765309
0.7911053901
0.7922398541
0.7926063732
0.7900407392
0.7910181236
0.7900581925
0.7892204345
0.7912275631
0.7972838556
0.7963064712
0.7979819873
0.795102194
0.7942120761
0.8026594697
0.8058708755
0.7975631083
0.7889411818
0.7874925585
0.7905992446
0.7986975723
0.804945851
0.8059755953
0.8031132553
0.7978947208
0.8002858219
0.801664632
0.8012806596
0.7986626657
0.7951371006
0.7987150256
0.8022929506
0.8058534222
0.8066911803
0.8048760378
0.7975107484
0.7860090286
0.7858868556
0.7814188127
0.7811570133
0.7847000317
0.7852934436
0.7856948694
0.790983217
0.7923096672
0.7915068158
0.7882081435
0.7777536213
0.7694807606
0.76974256
0.8000589291
0.7859217622
0.7865849873
0.7922398541
0.7943517025
0.7896742201
0.788120877
0.7794116841
0.7762177315
0.7817853318
0.7847523916
0.7904945248
0.7912275631
0.7885397561
0.7853458035
0.7793767775
0.7800923625
0.7801272691
0.7775092752
0.7735299245
0.7762177315
0.7773521955
0.7813140929
0.7863231879
0.7865849873
0.7835132078
0.7777536213
0.7701439857
0.7725699934
0.7786262859
0.770754851
0.7822042109
0.7822042109
0.7887666489
0.7931125187
0.7877892645
0.7808254008
0.777439462
0.7796211236
0.7836702874
0.7864977208
0.7819075049
0.7805461481
0.7793767775
0.7813315462
0.7843509658
0.7863231879
0.7840717132
0.7801796289
0.7772474758
0.777736168
0.7811570133
0.7880859704
0.7873180256
0.7847523916
0.7813140929
0.7782248602
0.77970839
0.7763922645
0.7756243196
0.7740011634
0.7757988525
0.7761130118
0.7790800715
0.7817155187
0.7801447223
0.7790800715
0.7750483609
0.7734077514
0.7655537698
0.7616965922
0.7649254513
0.7626216167
0.765623583
0.7702312522
0.7707897576
0.7692189612
0.7677005248
0.7652570638
0.7646985585
0.7640702399
0.7664962476
0.7662169949
0.7643494926
0.7652919704
0.7662519015
0.7735473778
0.7735473778
0.7671943793
0.7603701419
0.7574903487
0.7577346948
0.7523241741
0.7574379888
0.7604050485
0.7639131603
0.7665486075
0.7702137989
0.7708944773
0.7634244681
0.7568096702
0.7525859735
0.7579964941
0.7666358739
0.7738266305
0.774577122
0.7702487055
0.7669325799
0.7646985585
0.7631277621
0.7620980179
0.7639480669
0.7627786963
0.7668278602
0.7670023931
0.7680321373
0.7669849398
0.7662344482
0.7667231404
0.7575427085
0.7566874972
0.7573507223
0.7575252552
0.755361047
0.7581535738
0.7626565232
0.765030171
0.7690095217
0.7639131603
0.7531968387
0.753214292
0.7501948724
0.7533713716
0.7598116366
0.7621503778
0.7634244681
0.7651174375
0.7611729934
0.7594102108
0.7589040654
0.7581710271
0.7574030822
0.7547501817
0.7586597193
0.759183318
0.7598814497
0.7540345967
0.7539124237
0.7526906932
0.7508755508
0.749636367
0.7460758954
0.7465994941
0.7469660133
0.7550992476
0.7594102108
0.7615220592
0.7573158157
0.7541742231
0.753510998
0.7557275661
0.7565653242
0.7571761894
0.7577870546
0.7552912338
0.7586073594
0.7730412323
0.7748912813
0.7768111435
0.7749261879
0.770580318
0.7656061297
0.7635117346
0.7716275156
0.7736520975
0.7729539658
0.7663915278
0.7726398066
0.7783121266
0.7817678786
0.7831815952
0.777858341
0.7734950179
0.7741407897
0.7766889704
0.776723877
0.7749087346
0.7764097177
0.7796560302
0.7777885279
0.7792022446
0.773442658
0.7709991971
0.7669500332
0.7667405937
0.769445854
0.7740535233
0.7782423135
0.7797432966
0.7811046534
0.7780852338
0.7728317928
0.7669151266
0.7639306136
0.7666882338
0.7730412323
0.7786960991
0.7839844467
0.782867436
0.7782074069
0.769620387
0.7657806626
0.7594625707
0.7618362185
0.7610682736
0.7598116366
0.7581012139
0.7592356779
0.7596545569
0.7647509183
0.7630754023
0.7572983624
0.7521147346
0.7504915784
0.752202001
0.758764439
0.75834556
0.7633546549
0.7624819903
0.7631975753
0.7554134068
0.751364243
0.7460758954
0.746232975
0.7494792874
0.751067537
0.7562686182
0.7585899061
0.7593054911
0.7549072614
0.7515387759
0.7520449214
0.7563907912
0.7524463471
0.7467391205
0.7401941358
0.7439116871
0.7492349413
0.7518180286
0.7538077039
0.7533015585
0.7521321879
0.7478735845
0.7469834666
0.7444876457
0.74551739
0.7467740271
0.7505962981
0.7502995921
0.7443131128
0.7450636044
0.7428295829
0.7424456105
0.7398101633
0.7413111465
0.7413285998
0.740682828
0.7412413333
0.7433357284
0.7436324344
0.747070733
0.74694856
0.7372096227
0.7303504788
0.7268074604
0.7267900071
0.7290938417
0.7307344512
0.7304901051
0.7299665064
0.731973635
0.7339633103
0.7346090822
0.7341029367
0.7285353364
0.7256031832
0.7244338126
0.7251493976
0.7309787973
0.731135877
0.728692416
0.7289542154
0.7297745201
0.7263711281
0.726004609
0.7197563302
0.7098777667
0.7076437452
0.7130542659
0.7207511679
0.7255682766
0.7288844022
0.7259173425
0.716283125
0.7106457115
0.7120943348
0.7146599688
0.720698808
0.7222696044
0.7202973823
0.7186393195
0.71986105
0.7165623777
0.7154977269
0.7132462521
0.7144854359
0.7213969397
0.7181506273
0.7169812567
0.7170510699
0.7228281097
0.7222346978
0.7287447759
0.7264060347
0.7140840102
0.7192327315
0.7152359275
0.7248352384
0.7284480699
0.7310660638
0.7301410393
0.7332302721
0.7232818953
0.7252366641
0.7259697024
0.7243639995
0.7235960546
0.7267551005
0.72839571
0.7293730944
0.734958148
0.7309264374
0.7334222583
0.7331779122
0.727557952
0.7281513639
0.7285178831
0.7271914328
0.7253588371
0.727261246
0.7320434482
0.7352024941
0.7335618846
0.7346090822
0.7287273226
0.719442171
0.7206639014
0.7272437927
0.7332128188
0.7308217177
0.7288669489
0.7290414819
0.7304901051
0.7366336641
0.7360577054
0.7312056901
0.7283084436
0.7226186702
0.725114491
0.7285004298
0.7346963486
0.7296872537
0.731973635
0.7321830745
0.7298443333
0.7258998892
0.7247828785
0.7276103119
0.7267376472
0.7286400561
0.7310486105
0.7343647361
0.7362322384
0.7334397116
0.7351501342
0.7282560837
0.727261246
0.7255159168
0.7286226028
0.7261093287
0.7287622292
0.7340156702
0.7376983149
0.7383091802
0.7379252077
0.7320609015
0.7289716687
0.7250446779
0.7260744221
0.7265805676
0.7307868111
0.7356562797
0.7380648341
0.7399323364
0.7383440868
0.7297221603
0.7223045109
0.7162307651
0.7168416304
0.7223568708
0.7248352384
0.7247828785
0.7222346978
0.7211351403
0.7219379918
0.7236658678
0.718726586
0.715864246
0.7128273731
0.7109424175
0.7115532827
0.7152882873
0.7204893685
0.7230899091
0.71986105
0.7187789458
0.7149217682
0.7115009229
0.7099301265
0.7146599688
0.7101221128
0.7126528402
0.7142236365
0.7129320929
0.7061602154
0.7013256533
0.7025473838
0.7017096258
0.6989694588
0.7020761449
0.7045370592
0.7065092812
0.7082197039
0.6991265385
0.7024426641
0.7036294879
0.6992312582
0.6912900101
0.6873804726
0.6934367651
0.6984982199
0.6999468432
0.7187614926
0.7149392215
0.7157595262
0.7164227514
0.7139618371
0.710732978
0.7108376978
0.7131240791
0.7157769795
0.7154802736
0.7178015615
0.7199308632
0.7193723578
0.7219554451
0.7281164573
0.7502123257
0.8002858219
0.7306122782
0.7362147851
0.7436847943
0.7484669964
0.7534062782
0.7515736825
0.7548723548
0.752917586
0.7490604084
0.7498458065
0.7492349413
0.7479084911
0.7457791894
0.7445749122
0.7463027882
0.7565653242
0.7609810072
0.7594974773
0.7511198969
0.745220684
0.723561148
0.7227582965
0.7195817973
0.7202973823
0.7226012169
0.7230550025
0.7245908923
0.7246083456
0.7208907942
0.7145377958
0.7078880913
0.7157944328
0.7189360255
0.7240149336
0.7279419244
0.7341552966
0.7266852874
0.7287622292
0.7228804696
0.7160911388
0.7140665569
0.7109424175
0.7139269305
0.7152359275
0.7191280117
0.7175572154
0.7161434987
0.7168067238
0.704589419
0.7131938922
0.7067710806
0.6974161158
0.7035422215
0.6968227039
0.7093541679
0.7071725063
0.7197737835
0.7084116901
0.7027044634
0.6986552996
0.6965609045
0.6974335691
0.6992836181
0.7050955645
0.7047464987
0.7024426641
0.7033851418
0.7017445323
0.6999817498
0.6960023991
0.6937509244
0.690923491
0.690207906
0.6946410423
0.6946061357
0.6969448769
0.6970146901
0.6955486135
0.6995279642
0.7012558402
0.6932622322
0.6901031862
0.6887941893
0.6897192138
0.6948679351
0.6971194098
0.6934193118
0.6932273256
0.6888989091
0.6890385354
0.6876771786
0.6878168049
0.6904522521
0.6875550055
0.6855827835
0.685076638
0.6909060377
0.6919532352
0.6934716717
0.6928084466
0.6935065783
0.6928433532
0.6889687222
0.6842737865
0.6834011219
0.6853209841
0.6881658708
0.690923491
0.6882705905
0.6862983685
0.6820397651
0.680242076
0.6831393225
0.6845879458
0.681917592
0.6820048585
0.6829996962
0.6886894695
0.6895621342
0.692057955
0.689073442
0.6764372582
0.6703635124
0.6671172
0.6675011724
0.669805007
0.6730687727
0.6756344067
0.6785491066
0.680783128
0.6801199029
0.6670124802
0.6620557452
0.6581462076
0.6573084496
0.6649355384
0.6746919289
0.6752504343
0.675232981
0.6671172
0.6652496977
0.6632600223
0.6656685767
0.6670124802
0.6690719688
0.6691243286
0.6683389305
0.6724753608
0.6771353899
0.6824935507
0.6810972873
0.6774495492
0.6707125782
0.671655056
0.6662445354
0.6673266395
0.672370641
0.6809402077
0.6858969427
0.687642272
0.6836978279
0.6801722628
0.6770132168
0.670817298
0.6739065308
0.6778684282
0.6790901587
0.6781825874
0.674936275
0.6741334236
0.6774146426
0.6819350453
0.6805213286
0.6765594312
0.6745697559
0.6781825874
0.6764023516
0.6801199029
0.6848846518
0.6861587421
0.6807656747
0.678810906
0.6756867666
0.6735749182
0.6695606609
0.6720913884
0.673801811
0.6757042199
0.6813067268
0.6805387819
0.6785665599
0.6742032368
0.6734352919
0.6754075139
0.6758612995
0.6746395691
0.6695257544
0.665982736
0.6673091862
0.6696479274
0.6758787528
0.6768386839
0.67565186
0.669682834
0.6695257544
0.6722310147
0.67565186
0.6767688708
0.6792472383
0.6796835706
0.6784094803
0.6798231969
0.6772924695
0.6735400116
0.6698573669
0.6659129228
0.6651275246
0.6668903072
0.6724753608
0.6779906012
0.6792123317
0.6814812597
0.6835931081
0.6818477789
0.6794043179
0.6766816043
0.6746919289
0.6730164129
0.6775368156
0.6800849963
0.6842214267
0.683226589
0.6796835706
0.6785840132
0.6734178386
0.671236177
0.6709569243
0.6725277207
0.6858969427
0.6932447789
0.6958104129
0.6929480729
0.6895970408
0.6867347008
0.6857573164
0.6851115446
0.6874677391
0.6860016625
0.6866997942
0.687223393
0.6901555461
0.6919183287
0.6987949259
0.6902428126
0.6808703945
0.6688625292
0.6658780162
0.6702413394
0.6777637084
0.6825459106
0.6807307682
0.6790203455
0.6755122337
0.6742730499
0.6734178386
0.673260759
0.6714805231
0.6720913884
0.674395223
0.6759834726
0.6772052031
0.6726848003
0.6724579075
0.6721612015
0.6695955675
0.6686530897
0.6633647421
0.6654067773
0.6654067773
0.6671521066
0.6739065308
0.6798231969
0.6769783103
0.6725102674
0.6688625292
0.6645864726
0.6653544174
0.6664539749
0.6666459611
0.6666285078
0.6670299335
0.6668903072
0.655842373
0.6511997972
0.6550395216
0.6635567283
0.6618986655
0.6626666104
0.6659478294
0.6650228049
0.6627364236
0.6630156762
0.6671521066
0.6715852429
0.6712885369
0.6635043684
0.6588617926
0.6539574174
0.6563659718
0.6596122842
0.6660525491
0.6632076625
0.6618113991
0.6617590392
0.6642199534
0.6615321464
0.6619684787
0.6583556471
0.6565230514
0.6550395216
0.6411467007
0.6449166119
0.6256132704
0.6272364266
0.6267651877
0.6275505858
0.6422811647
0.6322804281
0.6324026012
0.6323502413
0.6304303791
0.6356314603
0.6450562382
0.6549522551
0.6522120882
0.6461383424
0.6446199059
0.6422811647
0.6456671035
0.6471157268
0.6475171525
0.651304517
0.650588932
0.6497860805
0.6497511739
0.6487912428
0.6501875062
0.645998716
0.6443057467
0.6447246257
0.6443930131
0.6498209871
0.6474124327
0.6472029932
0.6487214297
0.6472378998
0.6434505353
0.6326120407
0.6287199564
0.6321408018
0.6416004863
0.647726592
0.652438981
0.6500478799
0.6475869657
0.6462605154
0.6394886379
0.6414259534
0.6399598768
0.6375687758
0.6320011754
0.6295053546
0.632454961
0.6349507819
0.6346540759
0.6295402612
0.6274109595
0.6241821004
0.6223145981
0.6197664174
0.6215990131
0.6220527987
0.6247231525
0.6285279702
0.6310936042
0.6476742321
0.645579837
0.6415306732
0.638179641
0.6380400147
0.64289203
0.6405881954
0.6409896211
0.6406754618
0.6397678906
0.6439217742
0.6602406027
0.6602406027
0.6570815568
0.649576641
0.6462779687
0.6459114496
0.649157762
0.6543064833
0.6534512719
0.6529102199
0.6417750193
0.6388254128
0.6413386869
0.6385112535
0.6348460621
0.6354569274
0.6391570254
0.6412514205
0.6443581065
0.6386508799
0.6376036823
0.6373244297
0.6369055506
0.6335370652
0.6300289534
0.6287723163
0.6300987666
0.6298369672
0.6347587957
0.6364692183
0.6388603194
0.6352474878
0.6315997497
0.6280567313
0.624758059
0.6261717757
0.6265557482
0.6283883439
0.6337290514
0.6375164159
0.6358059932
0.6370626303
0.632751667
0.6269571739
0.6257354434
0.631320497
0.6355441938
0.6379003883
0.6332752658
0.6318790024
0.634060664
0.6339733975
0.6357710866
0.6336243316
0.6280218247
0.6267651877
0.6324724143
0.6385636134
0.648738883
0.6509205445
0.6504667589
0.6452307712
0.6336941448
0.6287897696
0.6269397206
0.6187017665
0.6216339197
0.6225589442
0.6276378523
0.6247755123
0.6231698094
0.6236585016
0.62720152
0.6228905567