43.645
43.648
43.663
43.717
43.852
44.033
44.252
44.486
44.804
45.198
45.652
46.1
46.527
46.921
47.296
47.637
47.955
48.237
48.53
48.86
49.26
49.703
50.145
50.557
50.925
51.263
51.562
51.864
52.142
52.434
52.725
53.096
53.516
53.959
54.364
54.761
55.145
55.51
55.83
56.151
56.5
56.92
57.421
57.959
58.442
58.775
58.977
59.12
59.32
59.626
60.043
60.499
61.11
61.845
62.896
63.94
64.935
65.506
65.804
65.984
66.119
66.264
66.289
66.458
66.745
67.075
67.317
67.407
67.528
67.682
67.962
68.333
68.792
69.283
69.715
70.047
70.272
70.457
70.666
70.945
71.299
71.726
72.212
72.726
73.186
73.581
73.895
74.206
74.514
74.879
75.275
75.717
76.164
76.618
77.048
77.441
77.76
77.995
78.185
78.397
78.721
79.128
79.578
79.984
80.351
80.701
81.064
81.429
81.739
81.992
82.223
82.532
82.946
83.433
83.91
84.312
84.645
84.954
85.282
85.628
85.953
86.256
86.571
86.963
87.442
87.949
88.401
88.742
89.001
89.235
89.506
89.831
90.193
90.586
91.013
91.482
91.942
92.337
92.63
92.865
93.094
93.383
93.738
94.175
94.66
95.178
95.661
96.069
96.361
96.553
96.713
96.922
97.253
97.691
98.197
98.689
99.141
99.53
99.866
100.13
100.336
100.536
100.814
101.229
101.762
102.317
102.785
103.094
103.288
103.457
103.679
103.958
104.255
104.58
104.971
105.499
106.085
106.631
106.985
107.2
107.358
107.609
107.971
108.413
108.858
109.278
109.667
110.029
110.347
110.608
110.82
111.023
111.311
111.744
112.324
112.98
113.618
114.173
114.599
114.926
115.196
115.456
115.742
116.081
116.49
116.937
117.374
117.752
118.074
118.364
118.644
118.911
119.175
119.463
119.795
120.172
120.574
120.977
121.32
121.618
121.879
122.204
122.554
122.924
123.246
123.619
124.108
124.734
125.352
125.827
126.108
126.274
126.458
126.747
127.133
127.55
127.934
128.299
128.668
129.053
129.422
129.715
129.913
130.076
130.355
130.883
131.617
132.404
133.051
133.53
133.875
134.169
134.428
134.672
134.915
135.225
135.657
136.216
136.806
137.273
137.542
137.682
137.82
138.041
138.33
138.694
139.138
139.647
140.152
140.582
140.888
141.106
141.272
141.483
141.757
142.122
142.559
143.051
143.571
144.045
144.437
144.711
144.921
145.139
145.444
145.879
146.397
146.914
147.346
147.698
148.013
148.335
148.621
148.866
149.085
149.386
149.808
150.326
150.847
151.273
151.594
151.833
152.095
152.407
152.768
153.123
153.467
153.853
154.306
154.802
155.249
155.588
155.836
156.059
156.35
156.703
157.093
157.477
157.867
158.288
158.708
159.113
159.452
159.743
159.994
160.262
160.596
161.004
161.489
162.015
162.558
163.048
163.449
163.744
163.963
164.175
164.441
164.8
165.232
165.701
166.171
166.611
166.998
167.329
167.6
167.823
168.044
168.346
168.809
169.401
170.001
170.491
170.834
171.082
171.289
171.506
171.747
172.023
172.352
172.758
173.241
173.716
174.09
174.315
174.457
174.622
174.893
175.263
175.7
176.159
176.63
177.079
177.472
177.785
177.995
178.147
178.302
178.559
178.941
179.235
180.754
181.005
181.306
181.519
181.71
181.927
182.188
182.496
182.867
183.299
183.758
184.178
184.517
184.775
184.993
185.207
185.446
185.73
186.077
186.495
186.968
187.445
187.866
188.198
188.473
188.79
189.197
189.687
190.157
190.585
190.991
191.418
191.864
192.253
192.562
192.767
192.97
193.228
193.604
194.036
194.471
194.866
195.247
195.637
196.033
196.382
196.661
196.879
197.119
197.446
197.889
198.389
198.831
199.164
199.413
199.704
200.054
200.425
200.724
200.961
201.227
201.595
202.082
202.59
203.031
203.356
203.606
203.843
204.138
204.498
204.942
205.42
205.928
206.404
206.812
207.111
207.322
207.509
207.75
208.086
208.509
208.978
209.47
209.963
210.403
210.736
210.95
211.117
211.335
211.681
212.159
212.758
213.388
213.991
214.467
214.836
215.104
215.335
215.534
215.786
216.142
216.659
217.232
217.747
218.088
218.309
218.493
218.75
219.065
219.435
219.822
220.255
220.732
221.228
221.688
222.038
222.295
222.488
222.734
223.061
223.494
223.95
224.388
224.78
225.167
225.551
225.912
226.213
226.481
226.753
227.085
227.487
227.943
228.411
228.849
229.243
229.59
229.883
230.148
230.412
230.735
231.119
231.568
232.025
232.459
232.839
233.192
233.521
233.841
234.133
234.414
234.738
235.161
235.703
236.272
236.775
237.15
237.44
237.703
237.988
238.271
238.56
238.87
239.263
239.738
240.264
240.749
241.109
241.332
241.493
241.725
242.069
242.501
242.946
243.407
243.917
244.508
245.101
245.566
245.832
245.983
246.157
246.467
246.898
247.4
247.877
248.266
248.562
248.812
249.08
249.379
249.698
250.047
250.458
250.932
251.409
251.813
252.106
252.303
252.465
252.655
252.911
253.244
253.655
254.131
254.608
255.029
255.355
255.626
255.891
256.206
256.584
257.012
257.454
257.899
258.337
258.761
259.122
259.393
259.567
259.715
259.907
260.209
260.612
261.059
261.479
261.846
262.193
262.547
262.904
263.22
263.495
263.76
264.092
264.533
265.052
265.544
265.919
266.178
266.411
266.681
267.006
267.329
267.64
267.966
268.36
268.835
269.32
269.741
270.055
270.312
270.581
270.901
271.263
271.647
272.051
272.473
272.911
273.328
273.696
273.98
274.213
274.44
274.715
275.072
275.504
275.998
276.492
276.962
277.345
277.642
277.841
278.027
278.26
278.602
279.029
279.506
279.969
280.394
280.751
281.049
281.28
281.475
281.673
281.952
282.368
282.938
283.583
284.171
284.597
284.866
285.081
285.33
285.637
285.968
286.327
286.74
287.224
287.719
288.14
288.414
288.573
288.704
288.938
289.302
289.778
290.275
290.764
291.205
291.634
292.04
292.431
292.746
293.016
293.322
293.745
294.271
294.797
295.258
295.623
295.926
296.193
296.454
296.722
297.03
297.392
297.827
298.292
298.759
299.163
299.498
299.768
300.045
300.364
300.728
301.09
301.453
301.839
302.261
302.66
302.994
303.246
303.441
303.625
303.826
304.082
304.347
304.323
304.398
304.63
305.535
306.303
306.877
307.065
307.274
307.551
307.875
308.238
308.622
309.003
309.417
309.844
310.261
310.572
310.774
310.92
311.145
311.516
312.142
312.92
313.761
314.392
314.818
315.09
315.34
315.611
315.905
316.28
316.745
317.28
317.797
318.222
318.524
318.722
318.879
319.064
319.335
319.713
320.193
320.738
321.275
321.73
322.051
322.271
322.464
322.713
323.065
323.513
324.025
324.549
325.05
325.491
325.833
326.062
326.215
326.392
326.681
327.124
327.653
328.179
328.626
328.996
329.331
329.652
329.951
330.21
330.475
330.833
331.319
331.891
332.426
332.84
333.116
333.317
333.548
333.853
334.213
334.567
334.922
335.313
335.789
336.284
336.742
337.082
337.358
337.615
337.944
338.324
338.742
339.165
339.591
340.026
340.435
340.819
341.137
341.409
341.645
341.91
342.243
342.648
343.099
343.552
343.987
344.384
344.736
345.036
345.294
345.551
345.852
346.237
346.685
347.145
347.571
347.955
348.313
348.623
348.876
349.084
349.323
349.694
350.236
350.907
351.535
352.017
352.321
352.547
352.769
353.038
353.347
353.698
354.101
354.564
355.076
355.55
355.906
356.101
356.209
356.363
356.65
357.084
357.565
358.024
358.388
358.649
358.815
358.981
359.207
359.504
359.703
0.355
0.701
1.212
1.704
2.104
2.404
2.64
2.862
3.083
3.337
3.644
4.034
4.515
5.037
5.54
5.93
6.221
6.448
6.687
6.968
7.304
7.707
8.168
8.655
9.107
9.481
9.78
10.037
10.31
10.642
11.035
11.448
11.841
12.24
12.666
13.11
13.497
13.791
14.005
14.228
14.536
14.952
15.414
15.843
16.219
16.578
16.959
17.354
17.715
18.01
18.261
18.534
18.907
19.392
19.922
20.399
20.759
21.055
21.34
21.67
21.997
22.306
22.599
22.954
23.395
23.889
24.342
24.703
24.954
25.164
25.372
25.641
25.952
26.325
26.747
27.214
27.674
28.055
28.335
28.541
28.757
29.042
29.415
29.878
30.396
30.95
31.462
31.904
32.213
32.412
32.547
32.73
33.047
33.509
34.039
34.543
34.966
35.31
35.612
35.894
36.168
36.433
36.731
37.132
37.696
38.362
38.987
39.414
39.651
39.813
40.032
40.344
40.701
41.088
41.497
41.96
42.438
42.884
43.235
43.483
43.687
43.936
44.311
44.79
45.292
45.751
46.145
46.512
46.851
47.171
47.433
47.671
47.923
48.264
48.683
49.151
49.602
50.016
50.383
50.723
51.035
51.41
51.874
52.438
52.915
53.278
53.524
53.767
53.977
54.24
54.561
54.98
55.357
55.683
55.994
56.391
56.903
57.449
57.947
58.294
58.54
58.759
59.046
59.378
59.725
60.082
60.496
60.965
61.45
61.983
62.521
63.214
63.899
64.65
65.209
65.566
65.748
65.881
66.182
66.541
66.943
67.227
67.391
67.457
67.561
67.833
68.288
68.811
69.289
69.657
69.923
70.13
70.325
70.542
70.811
71.15
71.598
72.117
72.65
73.088
73.406
73.662
73.934
74.279
74.675
75.098
75.564
76.069
76.602
77.039
77.355
77.537
77.705
77.921
78.236
78.607
79.009
79.419
79.834
80.24
80.606
80.913
81.143
81.347
81.603
81.983
82.465
82.96
83.394
83.739
84.05
84.374
84.726
85.057
85.341
85.617
85.96
86.412
86.926
87.401
87.763
88.028
88.279
88.589
88.945
89.315
89.654
90.015
90.421
90.897
91.375
91.781
92.085
92.311
92.538
92.807
93.139
93.522
93.944
94.388
94.834
95.255
95.619
95.901
96.136
96.391
96.722
97.125
97.568
98.044
98.529
99
99.382
99.655
99.832
100.001
100.241
100.595
101.044
101.524
101.977
102.382
102.735
103.044
103.292
103.505
103.726
104.024
104.453
104.996
105.563
106.01
106.284
106.458
106.652
106.928
107.255
107.585
107.934
108.332
108.807
109.296
109.706
109.966
110.115
110.269
110.555
111.016
111.617
112.251
112.877
113.441
113.973
114.373
114.677
114.87
115.088
115.368
115.76
116.243
116.785