5.86897391604119
5.77331362572958
5.48100763575387
5.0403991143675
4.87017531848866
5.09532354934122
5.20883218642794
5.74049229003795
5.62067437954192
5.29563387316802
4.91630398763122
5.01743146491847
4.87184765236144
5.29675523844775
5.50139984853986
5.49050190226415
5.35454531723325
4.96769615233017
5.13719291251736
5.76169683998923
6.0453221148758
6.26266116277731
6.69445175816322
6.72135238231832
6.34652070758691
6.44945560471053
6.66556643281729
6.78002036808514
6.75478509583166
7.23030104446417
7.21435118671436
7.55265986678795
7.72405086610495
7.38591886025789
6.92756520384386
6.37650554160723
6.06194102760032
5.80908681739852
5.04203714551245
4.41329394729572
4.13234185666831
4.18252067620671
3.74104396188584
3.72124339526395
3.72477232633512
3.77125646887849
3.62187082124745
3.87644047140479
3.93409424997085
3.93978668140712
4.13172319331149
4.41496203127302
4.65654248301278
5.43900045453847
5.36500673853
5.80541187206109
6.11023866125931
6.51312328894979
6.68642856261818
6.97913404276935
7.02017103355864
7.5057270567071
7.26865756545918
7.08288370556995
6.89176651280203
6.32939605729986
6.29871424042024
6.43131401514705
6.3931487394488
6.82201601386993
6.82936894018442
6.66216165940703
6.62979870529969
6.76123522291986
6.73964757524714
6.66667383415472
6.69304989978157
7.24142119956088
7.280064892065
7.33210364800538
7.10843954136847
6.91094993388691
6.74521068843512
6.93263957905124
6.91034766298409
6.70446147628286
7.10600010136091
7.31997444629529
7.13303490078771
7.15061914691491
7.11014374945738
6.92525872485214
7.03653677393791
6.91138645886586
6.89051825778571
6.46936393653932
6.52110519979585
6.10614358339693
5.77210847679603
5.63001989971027
5.28720997319167
5.40606680018049
5.22648382375495
5.0456905378085
5.09982236727453
5.6353037340522
6.19709559664067
6.70982605863897
6.70582447847723
6.38365811570607
6.71031661800336
6.45031651210991
6.00658978169446
5.80400819229566
5.45060813335994
5.21324114942817
5.41999431480805
5.64450050787863
6.11893273316283
6.1847605785636
5.89191363760561
5.95452491925325
6.1832627939696
6.20012577212046
6.21419960457824
6.22960972560164
6.33629120915798
6.27731298102086
6.32163453389102
6.18254820440044
6.16057685187834
6.06687333487295
5.5581468815481
5.67326197912761
5.63645302721654
5.6401565075665
5.88476106350677
5.94350251175266
5.80419822333657
5.80607121298897
5.97897396084226
6.14418318361446
6.35894740198085
6.80973806581792
6.65941258415709
6.27721705480852
5.85392260762219
5.48358428667276
5.39879887177567
5.2278231479602
4.68274217797706
4.59909846714523
4.84941731112712
5.28685723186653
5.36259947630253
5.4834185407489
5.51100036243723
5.1170374796226
4.77332778951732
4.42593404715573
4.15984687667397
4.39475893883605
4.68956811725159
4.87083162377691
5.125724265991
5.61413318326479
5.81726725907645
6.0796127001489
6.30048583970896
6.73442991784917
6.59675273227535
6.52572180054685
6.25580850987403
6.09660621080389
6.09500096456696
6.27057811093527
6.22590138822827
5.96912331023929
6.11821753646574
6.55011741487836
6.50172931915836
6.31610056284349
6.38636469200118
6.53348332395569
6.61494410632878
6.67679465668486
6.34500653053891
6.10342911443879
5.60369847559679
5.6767578217268
5.61871699910777
5.98595836050554
5.99035821658688
6.27344679038667
6.17907543266244
6.09543323965043
6.27618129456638
6.04511204861333
6.0423933297597
5.93660371712699
5.57161601459137
5.59790708230854
5.42660836643633
5.2021033876216
5.07206083572004
4.92514225241722
4.88023724960996
4.94910285958958
5.00676210230698
5.00192481055479
5.22287262684978
5.48246838554436
5.32870777407696
5.35017035339688
5.5642983016966
5.44834840321853
5.51454052537503
5.28034942762534
5.39877215814691
5.42873574268981
5.42743770318355
5.16519972375404
5.10473888922109
5.28212345542577
5.35991900650825
5.41829071384707
5.5528867251953
5.79122875657658
6.07737300522906
6.0260664455677
5.94522979070277
5.96705543252257
5.99125130176635
5.68236586238133
5.53279079083731
5.37462728764894
5.10117444116623
5.21552334330284
5.45883168112063
5.91730312035235
6.23294528642831
6.40670833455307
6.63361450431601
6.63434730772296
6.28062304247463
6.26025268629399
6.11104492714533
5.71564922242482
5.52634855641215
5.32718327585421
5.39801871239047
5.24497936889942
5.57700548919245
5.70443253398784
5.98458321575264
6.33485717299624
6.77535276858833
6.52990916185402
6.51923463865516
6.91537589646908
7.29270408123311
7.11085166061936
6.33269276193925
5.90400459025635
5.56939271212554
5.44720700271723
5.52586528258288
5.07043950059306
4.67001374100379
4.34023854749723
4.54004434801734
5.03525613370446
6.06983308351329
6.77648263365903
6.76420589986287
6.11736148608976
6.20553892471066
6.13109046988545
6.10039226055182
5.99223909890232
6.09705487834137
6.20060904594973
6.81927604553889
7.15773286482647
7.51205879384969
8.07835008149941
7.81617585050215
7.54399190138525
7.31269741097157
7.1085907162221
6.97686763422076
6.88586947925462
7.01286182045483
6.90912672872446
6.6716765682668
6.69722147576265
6.87894336387227
6.70725001484801
6.64244396574707
6.68150293375273
6.57555728924297
6.66711885892464
6.88796589198387
6.74298799309722
6.52201467742933
6.27186947203434
6.34969720089692
6.52241963175612
6.38856310222203
6.00071521188032
5.62125175819976
5.43121646739636
5.83834066939566
6.17006019008595
6.36787886090353
6.30177902219181
6.43747332795858
6.54192179500227
6.43489182001628
6.23563425601355
5.70404154360335
5.69072115690201
5.68393893083817
5.80230944835809
5.74509310546287
5.53598003383376
5.10853647439962
4.90937635442905
4.99489032283761
4.79166123150549
4.90869515689583
5.17161949444593
5.24873991927445
5.15631804932132
5.50981403446939
5.72927317308927
6.01970556628466
6.24513398667517
6.28922179529373
6.13676833025149
6.31423850149377
6.44843684405033
6.90760951603683
7.10106536557656
7.29919427876444
7.32180979401626
7.40607915017606
7.3206137520016
7.40291904932007
7.02272947063974
6.80254238563632
6.56731127774901
6.46054054638751
6.63291387868914
7.13848569530934
6.93032763590818
6.77098812592671
6.97788639488096
6.72417249153563
6.67050359711334
6.59293936177075
6.15837662027371
5.94691699920974
5.5665719957803
5.6551962805549
5.22528838886822
5.1449404719839
4.62947064878248
4.35191665315814
4.30994104259491
4.49052365515097
4.82653010612831
4.80754491231135
4.54894180777614
4.68341426859139
4.80504020605171
4.73137282130359
4.78185611549698
4.7508291463913
4.90240804365582
5.23380700080106
5.20897546861852
5.52914255912863
5.66377864092
5.69687864832977
5.70935330582988
5.86782219436514
5.61774195165826
5.69965261582468
6.05588492653624
5.77939036914315
5.72569354683626
6.03578838505032
6.03566331669752
5.4053400680528
5.04106968716201
5.22615233190724
5.4030712309925
5.53855364911302
5.62776259808058
6.00566755437453
6.0660549264284
6.15885685846335
6.16302418454895
6.42623053302078
6.13271878698358
5.91374231506505
5.93123367061954
5.44510694722043
5.14916426096663
5.16834161077225
5.21029111483465
5.2685687173449
5.40050307986458
5.67322494432411
5.42064576307289
5.20837198345986
5.47568615948052
5.44008660639849
5.23159705514961
5.08720048125231
4.79277409699426
4.6205853315822
4.44758513969674
4.06148061719519
3.94682390119998
4.06324614520464
4.33670961642606
4.64698446807025
4.81729477967857
5.03807685004969
5.67285520341704
5.70179942017181
5.5906549392298
6.05741610316617
6.41380383862684
6.22766570198187
6.03035034021514
5.87710214471747
5.96664987106785
5.72785188661398
5.63451446774811
5.61809165734376
5.60633401792452
6.1087220556996
6.25326403673523
6.28522567928333
6.11984524643594
5.87256993474821
5.62792834400443
5.08993073553654
5.11674059406667
5.13560284447858
5.09908409971624
5.60341737536695
5.47788153406174
5.60171620291767
5.62499713037663
5.60961372298198
5.92124702336109
6.17020347227654
6.39631976860746
6.62324597359196
6.33172135725729
6.29341947777564
6.54271956109733
6.6010554478885
6.60694641015664
6.27593237211663
6.30230843774348
6.4920966274809
6.04942994242463
5.52001864065335
5.57975517157032
5.42351019262881
5.62873339563461
5.82624607397737
6.06944573589636
5.98768685371149
5.79797880486033
5.78202712572674
5.91949545929394
6.0413861045301
6.15442968162533
5.88756417314215
6.24511577283739
6.59393869433731
7.10613245524882
7.31873711958164
7.60452012711802
5.53146057355095
5.22825481591575
5.03054391030507
5.17409475500114
5.44240583507666
5.48968106530789
5.70914141818363
5.46722461757274
5.60155227837759
5.77282488774898
5.89302043181512
6.20485226302611
6.43511281458143
6.88858151970106
6.67179131544486
6.49013014012786
6.23071955545078
5.92404527597306
5.56868297957978
4.82120225501174
4.61743373051718
4.58158161221783
4.94004754656996
5.15380393257883
5.45289275574632
5.88143339534314
6.28185551216487
6.70269716252926
7.16512525445617
6.92773519966321
7.10156321047607
7.5833422907955
7.89617527595683
7.97577824687568
7.90999836458108
7.69306548526221
7.1051155159724
7.05125355486957
7.07505114819374
7.04489388984238
7.21557758512533
7.58702391454011
7.74377463104416
7.65019678951951
7.77529549871783
7.60365254131145
7.1393484240925
6.92879038799898
6.40528158392644
6.57234133261777
6.64354711718902
6.71099113712939
7.24984388528138
7.11017167734199
6.87442147507775
6.65350705081871
6.4236587391253
6.14311099569675
6.39029098830006
6.30164545404804
6.10180504723614
5.82215949590596
5.68484597995995
5.78046741408427
5.58399960290254
5.63592118315317
5.81630921120887
5.67909101434728
5.768273856814
5.60730967250196
5.5377613471693
5.61376647799735
5.50448162989337
5.24327880357807
5.23132384758281
5.24743216572136
5.38712440888232
5.61998832498529
6.17271212486769
6.36407338306196
5.93034908523103
5.72736254150544
5.54287639994773
5.7380091368197
5.66197364959534
5.37623921229306
5.03795421020859
4.99247213230746
5.10796030999763
5.04304831707357
5.03331028870091
5.0718365019513
5.04153990774087
5.16444263523004
5.2672142149415
5.1592741551941
4.98663884719231
5.09337891859352
5.0863644660979
5.09359444900733
5.35248351079579
5.36941995142572
5.81037332147418
5.97876753734735
5.8702337064881
5.93136845301916
6.16764564232336
6.06406354683039
6.33019382339492
6.21382197100813
5.85996656612774
5.14021823097373
5.31786386218668
5.12973495307163
5.25157277817821
5.04873831999814
5.25966457917891
4.97300093258555
4.92222227065605
5.45283204295369
5.74993434354658
6.08221849320825
5.94827453725278
6.09565848411106
6.44636289505435
6.810971749764
6.99651368678542
6.95532248550287
7.00179873538319
6.86416708440384
6.53430233952817
6.31301999574584
5.9522943312523
5.6298237973901
5.13122120223503
5.42170580843207
6.07642285002452
6.25924485393646
6.78765075186191
6.9549527445958
7.26932601330596
7.33797457505196
7.14911650529751
7.23156933470205
7.76422452098315
8.13047444247739
7.8990384912569
7.94314876360873
7.93278144714054
7.89379108459055
7.79224286765043
7.94509703712398
7.51001216561039
7.41398941992683
7.44257543120513
7.2249674256323
6.62596590670144
6.19808825080005
5.77265064203415
5.95519822412343
6.28011973342379
6.96939388944895
7.47563111827628
7.98062859187827
8.38610201304617
8.70854158338413
8.60019171228654
8.17850676123262
7.72610842264692
7.52917008732236
7.31977045131208
6.85010175173702
6.78194739212297
6.4907840169044
6.11689824748205
5.74374467433873
5.26204148501008
5.02161609414996
4.8770316141595
4.19671441642992
3.48427711576349
2.94250681436204
2.56349749237029
2.40521499210838
2.39767173118902
2.38272940223277
2.94270291668221
3.39059697318326
3.78680380081322
4.08780811258794
4.30043857985762
4.64355965943842
5.25332434224536
5.52809708483968
5.99050028452161
6.20791583054183
6.71226367726276
7.04343496143566
7.30993558603518
7.42209093497435
7.40316493613019
7.35705599864523
7.07802364652054
7.13209324537413
7.23529224314565
7.23929382330739
7.09540571904831
7.20690111993167
7.03098398192468
6.55757355294031
6.51399755316355
6.29527364646233
6.02532332098601
5.87033388259593
6.0271708112655
5.83437126701401
5.90652781391774
5.75431052163879
5.68575727897721
5.86882031267585
6.43956609792028
6.49848300613684
6.15045967211575
5.79552661516632
5.47613907691348
5.65777900275306
5.54420661723409
5.50101917933011
5.41793979390571
5.633470207715
5.86246732605585
5.85629283504616
5.90503306496337
6.16710226282939
5.94057979791582
5.85312302014335
5.57091660322036
5.56327832678054
5.4876022592885
5.59311684297064
5.54599096620926
5.2235768952442
4.89342801449905
4.78002471410753
4.69212534007684
4.76462977128229
5.0191280839083
4.86478948665513
5.14463326525323
4.99854917928499
5.00871037582223
4.86150765664993
5.20230131132555
5.29825180878589
5.02254621413293
4.62787420590048
4.85831477088592
5.05227544729631
5.20818195241895
4.99499292745714
5.11462171760415
5.48762593727763
5.96049966517521
6.14920716720396
5.97915852773183
5.57137437767673
5.31177558334252
5.56439422790894
5.28835926635601
5.32850135058204
5.22746676386751
5.12983695056324
5.14665803688718
5.58036290662447
5.79493102267069
5.68562492508929
5.68894530771781
5.70000353576604
5.8203800039542
6.19975420982961
6.4039331528023
6.12430217254235
5.73111277070572
5.24547539241515
5.10332245976921
5.05060463124335
4.94189837605306
5.01002328996269
5.43099607995914
5.44402322387212
5.76108910493508
5.97886103504799
6.3789055182996
6.28633429487662
6.41635316878905
6.72226610984729
6.57317856202803
7.14588051345074
7.29132225807303
6.70302986863283
6.5500743087956
6.10008930371663
6.70131351798539
6.45162972981433
6.48793172990701
6.59290900537443
6.84949583806665
6.70324904181419
6.35367996009294
6.04269325095526
6.44803249685146
6.23274979123607
6.56578252963077
6.32717761185744
6.55083928998264
5.81356135021478
6.00195557423359
6.02470344337333
6.21103828946639
5.9255048115077
5.91497417762735
6.53720926803893
6.59617838925715
6.97870541045343
7.02119707975395
6.72127345568791
7.06384113816396
6.49892256675543
6.69113380404641
6.67376144556545
6.31902145529655
6.58793298489111
6.39998439277014
5.7480965673139
6.48005545932011
6.82294856236461
6.56746184547471
7.22797453025088
7.64543447806621
7.01999010943662
6.50402851261497
6.81811885971151
6.97562727186748
6.15888721485966
5.9422694349345
6.59684926561562
6.90787786658022
6.32938512899719
6.30474302072763
6.86306514721775
6.95256916035745
6.66088365512233
6.31895709973637
6.71384281699886
5.68574635067454
6.35534531199457
6.8432642770319
6.35896561581864
6.33793045455878
6.41563129368477
6.18603129731318
5.91048568086878
5.68401057193347
5.6242740410165
5.49870784331498
5.671645804588
6.08717508559794
6.09510781908197
6.02794368511559
5.67485811844565
5.14805200260579
5.13803257043933
4.79401324509168
4.46011565296607
4.65998550548239
5.08137599949209
5.09874410807756
5.6518066853428
5.64740440074975
5.92588305220574
6.21031277159456
6.4402982941993
6.58989218670903
6.50002996809286
6.6010439124579
6.23434835906581
6.83097965057269
7.32737230007632
6.97512639132835
6.4814652103648
6.82030998439725
6.76855839996597
6.85168392711276
7.16243203497544
7.57493235476145
7.44081658160286
7.61922537261907
7.36770016544778
7.80082279950382
7.35872377905857
7.2017435681984
7.02105865458678
7.20577975465194
7.38786045536595
7.25561524334805
7.21307743232514
7.27961501027166
7.28676940575428
7.1456595188856
6.90809461124988
6.61932999846782
6.41350816732677
6.44810535220261
6.61421069579391
6.39536839914707
6.56102203956126
6.79926268057886
6.88289576667198
6.96579362084644
6.77235355663279
6.82052551481105
6.8349296248607
6.69949031282294
6.31726260569429
6.25135704791896
6.17541202275561
6.404083720528
6.23903052963285
6.15678958787456
6.14379705025338
5.97578289646203
6.02735659241093
5.94534818064838
5.53431286054835
5.33156613235362
5.39432494608733
5.2755282247632
5.66378653358304
6.0113739497531
6.26839245040086
6.31988964823105
6.34539448528377
5.98845729904987
6.12641133495805
6.36946710755853
6.26376856411475
5.93343754499173
5.47583551295037
5.14676064150671
5.20528595221087
4.93030557186578
4.89217550958725
4.77021990166299
4.4385571474338
4.43531781638344
4.50805295620085
4.90693630729356
5.03932298011826
5.33926755009776
5.54550647812413
5.69275199981523
5.85757266071464
6.04522740291931
6.27946524951932
5.97218869913879
5.9510163269676
5.58572202482924
5.57254492031849
5.47600793728142
5.52506023095271
5.37874968626799
5.25613898731133
5.21991712810492
5.33820993325028
5.18556522291128
5.63483806693278
5.51312834581864
5.69962650932386
6.11980821163244
5.9660791708172
6.04678468605008
5.51919355380161
5.49570134582432
5.45848865384232
5.4658901503909
5.64151343848161
5.61107325851662
5.24487433576819
5.17981754283372
5.10471581835989
4.98265274879269
4.61758095903928
4.82800815906471
4.586460188669
4.34520363967789
4.64301658350841
4.50147168948059
4.57155094818473
4.85562367635294
5.02637112006814
5.3663818832829
5.94947361490707
5.68181823299187
5.78305438617791
5.86603602400619
5.62359041497157
5.55336332061739
5.21126555515624
4.85609450405972
5.01936334597971
5.26829915254566
5.30314040284784
5.5922267934308
5.8445880157565
6.08666874090747
6.39350694492527
6.520881776719
6.54664950016377
6.64932879643045
6.62095770843803
6.56893595207958
6.51669562966769
6.33256040805134
6.09432705256885
5.93573916696005
5.7851677984891
5.95781798112508
6.15329981655463
6.15377034069745
6.18464340287383
5.9238078889539
5.76146309573763
6.08769296571901
6.1896018166473
6.02111288881765
5.76503725783931
5.65572751749035
5.47898225699199
5.3002662592451
5.3877005732843
5.53968108567202
5.54149943381106
5.17978779356534
5.24463573449318
5.27870653945698
5.30410937901809
5.27568972079158
5.01328660256614
5.14623790436223
5.38677288181303
5.97664866088483
6.21671918547207
6.30585892185603
6.24108626479104
6.2193176929963
6.47269646172636
6.20042387193223
5.80869400563025
5.25785290944706
5.21432123000892
5.12333703898509
5.1959471104497
5.47429826504117
6.03918587292546
6.16583093695188
5.83868066103435
5.92044986439396
5.68769280280601
5.54759439106241
5.45962459019228
5.33793611855555
5.79727757210555
5.91792117658124
6.08824180936431
6.21861221034603
6.34208563808585
6.35941306910027
6.2211396839029
6.16666816636214
5.85307141426962
5.73512952906562
5.71235980332054
5.65222378222811
5.61157535331161
5.74787010859742
5.71745967790081
6.05126225450597
6.37210143563041
6.79309668936014
7.30908439268262
7.63248565365572
7.27904431002101
7.46587821526943
7.23589572830432
7.41062350270384
7.33541795935463
6.97547973978141
6.62786075295919
6.24325128297595
6.04665354641801
5.96849493283565
6.12319780684455
5.93485883146702
5.53759256560581
5.27398794121437
4.7805195233674
4.88443553921979
5.00571571732613
5.05661367989314
5.0580121990712
5.18558525813284
5.44832472522941
5.45937202497497
5.44085644460894
5.54940059664293
5.69162092048867
5.941771590035
5.89225423637222
6.26126962557041
6.16346010239997
6.37755951568716
6.64564535130205
7.13119833881088
7.61394760955642
7.953235586975
7.39430572543074
7.2145211825337
6.9011794241702
6.47534536086847
5.89699833398773
5.85834249892509
5.39449190626704
5.01895019542591
4.34685442050929
4.61197352551269
5.01996075985911
5.49475665477112
5.73171929150402
6.23654009087948
6.43792928103118
6.40346505717118
6.69740604265222
7.55428332686267
8.08404615570323
8.22811700546811
8.16134750465377
7.9781612239861
7.91815452114196
7.76150823064122
7.6412252601537
7.74048278342818
7.94303098079104
8.14089032917967
7.97865542611805
7.65794131334641
7.47621517534131
7.57354931734551
7.23648707090446
6.79155640581131
6.66668415532947
6.75015695965006
6.54319251375186
7.0388887875241
7.27623877187394
7.22050260686285
6.67022371113935
6.40008335462212
6.23092112192228
6.1373451017814
6.26932924879103
6.47539878812598
5.95444356411113
5.90747311209886
5.69974429214154
5.64666613319147
5.60534743504441
5.70089115679418
6.09508960524418
5.91982937965336
6.15838390580882
6.13607559728767
5.82785557010979
5.89851979657085
5.72309078941654
5.98148382768927
5.83010072918096
5.43595024383713
5.56508756800069
5.85535239388844
5.83029501011735
6.01601544274908
5.79114254441106
5.78994164537299
5.74092274373764
5.8472781995976
6.09046814746977
6.01208975357812
5.81322075144817
5.84378417838218
5.66696727678852
5.51682514776141
5.73058214089821
5.51818025729274
5.57406699002953
5.9278386112561
6.14287178729382
6.21953079489841
6.35866083759968
5.83100777830274
5.83100777830274
