0.216427505016327
0.211756095290184
0.213496297597885
0.218818560242653
0.22561739385128
0.224645242094994
0.219695165753365
0.225445419549942
0.227965533733368
0.226323932409286
0.223980829119682
0.220766291022301
0.224458739161491
0.219919368624687
0.219256043434143
0.2209332883358
0.23138302564621
0.230662032961845
0.225620031356812
0.222484916448593
0.228801041841507
0.230899974703789
0.22748900949955
0.228422805666924
0.226813614368439
0.224074304103851
0.22926564514637
0.229893580079079
0.235973253846168
0.231868833303452
0.234651625156403
0.227655053138733
0.224510177969933
0.221373438835144
0.223518893122673
0.21184241771698
0.208498761057854
0.215401396155357
0.225205287337303
0.230695337057114
0.223633140325546
0.219400718808174
0.221875667572021
0.219537392258644
0.219800502061844
0.220559552311897
0.219302877783775
0.221357434988022
0.222743943333626
0.220137655735016
0.222124651074409
0.22389680147171
0.223787248134613
0.223598763346672
0.231775939464569
0.225212261080742
0.221242368221283
0.218956619501114
0.223301216959953
0.233410954475403
0.233633920550346
0.230796530842781
0.227028012275696
0.223634198307991
0.222946032881737
0.225176975131035
0.226287886500359
0.228045403957367
0.226464316248894
0.220007911324501
0.218172043561935
0.223924115300179
0.228505149483681
0.228129386901855
0.229483604431152
0.234106197953224
0.234674498438835
0.23356968164444
0.235059142112732
0.236578702926636
0.234670460224152
0.230023831129074
0.235749930143356
0.232386916875839
0.23785063624382
0.238932803273201
0.238098621368408
0.232033342123032
0.228795662522316
0.225318312644958
0.219908282160759
0.222366064786911
0.218053609132767
0.221769958734512
0.223196089267731
0.231694251298904
0.231891602277756
0.234435722231865
0.229776367545128
0.227749347686768
0.228164732456207
0.221623107790947
0.222787991166115
0.221489459276199
0.224881798028946
0.223725393414497
0.230605989694595
0.234244704246521
0.236352309584618
0.238076284527779
0.233534917235374
0.237126186490059
0.2286456823349
0.221777677536011
0.222270965576172
0.224236905574799
0.225588008761406
0.22935962677002
0.22594803571701
0.223875761032104
0.229913577437401
0.228699520230293
0.223415613174438
0.221824958920479
0.223012581467628
0.22512774169445
0.225640997290611
0.229749172925949
0.229087173938751
0.227393746376038
0.226422667503357
0.222633227705955
0.229852825403213
0.230927497148514
0.229619458317757
0.227754294872284
0.228477865457535
0.225693359971046
0.2232985496521
0.224391534924507
0.222411289811134
0.226222485303879
0.226349368691444
0.230611696839333
0.228556215763092
0.229636952280998
0.226538524031639
0.228700041770935
0.229706391692162
0.22440230846405
0.224115833640099
0.226821601390839
0.224535748362541
0.226493582129478
0.224909871816635
0.218431830406189
0.216915756464004
0.221138998866081
0.217615112662315
0.210566565394402
0.2144765406847
0.215496748685837
0.218332573771477
0.21994212269783
0.220047026872635
0.219354227185249
0.222785636782646
0.229553401470184
0.234116524457932
0.234360843896866
0.233066439628601
0.234231054782867
0.232211023569107
0.225279599428177
0.219286262989044
0.221155673265457
0.232621520757675
0.230118989944458
0.231208264827728
0.232782229781151
0.228464797139168
0.2274359613657
0.224990710616112
0.224051639437675
0.225559994578361
0.230635076761246
0.229698106646538
0.226044163107872
0.229618117213249
0.227574914693832
0.227905809879303
0.229352921247482
0.232499405741692
0.22702631354332
0.228698864579201
0.221349060535431
0.214179515838623
0.209505081176758
0.20670910179615
0.219077542424202
0.221333518624306
0.218342706561089
0.216538801789284
0.215377807617187
0.217535063624382
0.220876589417458
0.217446520924568
0.213767901062965
0.216379061341286
0.222519978880882
0.225099086761475
0.225948452949524
0.223386183381081
0.224335521459579
0.224246814846992
0.219906806945801
0.21936921775341
0.219810202717781
0.219091534614563
0.222164288163185
0.215849533677101
0.219627782702446
0.221303418278694
0.224824130535126
0.219375163316727
0.221761226654053
0.221559092402458
0.219142407178879
0.221486285328865
0.219181194901466
0.220085099339485
0.22503587603569
0.220892354846001
0.222196251153946
0.222337022423744
0.214797645807266
0.214541777968407
0.213256523013115
0.214907631278038
0.218975558876991
0.223213329911232
0.225957170128822
0.221699208021164
0.219799995422363
0.219046801328659
0.220747500658035
0.217626452445984
0.21441188454628
0.217307507991791
0.224080517888069
0.226286485791206
0.22056919336319
0.218584880232811
0.216732874512672
0.2125583589077
0.217075765132904
0.225811079144478
0.227441430091858
0.225344270467758
0.219516038894653
0.222835972905159
0.222146168351173
0.227068901062012
0.224631920456886
0.221320271492004
0.214105993509293
0.205654323101044
0.207049384713173
0.209949910640716
0.215069264173508
0.219121813774109
0.219319611787796
0.220340609550476
0.2247633934021
0.219656556844711
0.221436232328415
0.218968018889427
0.222831666469574
0.219568535685539
0.217120289802551
0.217888712882996
0.221111670136452
0.224982514977455
0.228164002299309
0.230142384767532
0.230274021625519
0.233059972524643
0.228946194052696
0.22423267364502
0.220981657505035
0.226592868566513
0.227602452039719
0.220671579241753
0.217142105102539
0.220610320568085
0.223356977105141
0.224906951189041
0.224631384015083
0.222590148448944
0.221366733312607
0.218676403164864
0.222875833511353
0.225037440657616
0.22373965382576
0.217688605189323
0.214272171258926
0.216621369123459
0.219285354018211
0.221354156732559
0.223742112517357
0.225002840161324
0.218591585755348
0.219517752528191
0.216911971569061
0.214267909526825
0.214565590023994
0.218687027692795
0.221529752016067
0.225423023104668
0.226606622338295
0.22397181391716
0.218353793025017
0.217784807085991
0.21810182929039
0.220091357827187
0.215765759348869
0.217959806323051
0.21760593354702
0.213435903191566
0.21207919716835
0.212020918726921
0.205423936247826
0.208042353391647
0.209042236208916
0.212882131338119
0.217774629592895
0.215934544801712
0.215118736028671
0.213448122143745
0.209144160151482
0.20879516005516
0.218505814671516
0.220923513174057
0.220102116465569
0.221811637282372
0.225495189428329
0.229527309536934
0.23645406961441
0.227711692452431
0.228915750980377
0.225506886839867
0.222605124115944
0.217168509960175
0.212609007954597
0.214267298579216
0.213536083698273
0.213568940758705
0.209746390581131
0.215182811021805
0.21639309823513
0.217114925384521
0.214299023151398
0.21156445145607
0.209333807229996
0.208842799067497
0.213520586490631
0.207823470234871
0.205772772431374
0.207127377390861
0.206196501851082
0.203584864735603
0.201774477958679
0.204938590526581
0.216606542468071
0.216214537620544
0.216211214661598
0.221466466784477
0.21545122563839
0.212017968297005
0.210398942232132
0.211094424128532
0.217230960726738
0.214938104152679
0.216612443327904
0.214257225394249
0.216481387615204
0.216174319386482
0.21872116625309
0.213384762406349
0.203358694911003
0.204961836338043
0.203554823994637
0.206606641411781
0.210259914398193
0.21845930814743
0.22165285050869
0.214661777019501
0.212862253189087
0.208799824118614
0.205763936042786
0.206081286072731
0.215019464492798
0.214774236083031
0.214886382222176
0.216016680002212
0.216438874602318
0.212177082896233
0.209978252649307
0.213702023029327
0.209913060069084
0.209965452551842
0.205497920513153
0.208744689822197
0.209264665842056
0.209645345807075
0.213478818535805
0.216201454401016
0.21199843287468
0.210564181208611
0.20589753985405
0.206275835633278
0.20909757912159
0.206820756196976
0.2031539529562
0.198372438549995
0.198243275284767
0.196181729435921
0.195248067378998
0.198386713862419
0.205036267638206
0.210102319717407
0.208572924137115
0.209772035479546
0.214262440800667
0.21669813990593
0.209979698061943
0.218196868896484
0.217132642865181
0.208550661802292
0.205745309591293
0.209914416074753
0.212799593806267
0.208352982997894
0.20696884393692
0.208534240722656
0.21490652859211
0.221087321639061
0.225846827030182
0.221403405070305
0.209542810916901
0.207683116197586
0.203777283430099
0.206215068697929
0.188791632652283
0.18566757440567
0.188500285148621
0.200279951095581
0.204943045973778
0.200158476829529
0.204085767269134
0.21398451924324
0.216202601790428
0.214402884244919
0.21339039504528
0.2118970900774
0.209793835878372
0.214248761534691
0.215374782681465
0.219250842928886
0.214099556207657
0.207367360591888
0.20881450176239
0.2108493745327
0.21298348903656
0.212594673037529
0.2084940969944
0.205876708030701
0.202831149101257
0.207700029015541
0.20195198059082
0.208217069506645
0.201004147529602
0.204618871212006
0.205835565924644
0.210970103740692
0.212420016527176
0.20569820702076
0.202790811657906
0.20926471054554
0.212756305932999
0.200687423348427
0.194627776741982
0.201297134160995
0.196746900677681
0.20298807322979
0.203479826450348
0.203025236725807
0.205621540546417
0.205929577350616
0.205990850925446
0.207447052001953
0.206924587488174
0.207597941160202
0.208860069513321
0.218151941895485
0.219088613986969
0.218629330396652
0.213999897241592
0.213073343038559
0.220598474144936
0.214179590344429
0.210155010223389
0.208652555942535
0.203970581293106
0.199055656790733
0.204815104603767
0.20999251306057
0.208222761750221
0.208759427070618
0.220580562949181
0.215691268444061
0.216997519135475
0.219249278306961
0.211516469717026
0.203985974192619
0.207723826169968
0.21452596783638
0.209263786673546
0.206179559230804
0.208614349365234
0.21531417965889
0.211731418967247
0.213651046156883
0.219353020191193
0.212742775678635
0.209670215845108
0.218756973743439
0.225778505206108
0.211978852748871
0.212516009807587
0.212471053004265
0.204033181071281
0.203146487474442
0.209546238183975
0.210922732949257
0.210126414895058
0.211453512310982
0.211628496646881
0.208198308944702
0.205770820379257
0.207881405949593
0.206666618585587
0.192396596074104
0.191489726305008
0.197870314121246
0.19510281085968
0.190415307879448
0.196668058633804
0.199505403637886
0.208948194980621
0.202190026640892
0.191414043307304
0.19239242374897
0.198090925812721
0.205477774143219
0.203943744301796
0.203787222504616
0.20485021173954
0.201206222176552
0.202780708670616
0.215187385678291
0.212184205651283
0.210770770907402
0.204249680042267
0.20357109606266
0.206055387854576
0.205444768071175
0.201911076903343
0.196016162633896
0.193666726350784
0.194819360971451
0.196643739938736
0.200782582163811
0.203072369098663
0.209874242544174
0.20505878329277
0.199358344078064
0.20353963971138
0.199391886591911
0.19746521115303
0.196769282221794
0.192052066326141
0.19218410551548
0.196751400828361
0.200695395469666
0.205244943499565
0.202292576432228
0.20624215900898
0.206468939781189
0.209551930427551
0.213291615247726
0.210012957453728
0.203129798173904
0.194839343428612
0.192195013165474
0.193383976817131
0.195338159799576
0.201637163758278
0.20731121301651
0.205282613635063
0.20814174413681
0.21266458928585
0.212444990873337
0.206188321113586
0.201435416936874
0.200631201267242
0.201613813638687
0.202188044786453
0.201784193515778
0.199622482061386
0.198559954762459
0.200370147824287
0.203127831220627
0.199668765068054
0.200522288680077
0.201451793313026
0.20404826104641
0.211479008197784
0.207117885351181
0.207883954048157
0.210994049906731
0.214835718274116
0.213824644684792
0.216733023524284
0.205304995179176
0.201524898409843
0.205051615834236
0.203637719154358
0.202597513794899
0.204279884696007
0.205110758543015
0.205848410725594
0.206916660070419
0.210497826337814
0.210167497396469
0.210076317191124
0.216315805912018
0.214961692690849
0.210601568222046
0.207852885127068
0.198763579130173
0.204304412007332
0.206104382872581
0.191946655511856
0.195489048957825
0.194683164358139
0.192955538630486
0.193375319242477
0.198157727718353
0.194560334086418
0.190500825643539
0.195688188076019
0.195463582873344
0.193629950284958
0.194758743047714
0.201165273785591
0.202899619936943
0.20221808552742
0.196145534515381
0.189660340547562
0.186905100941658
0.181401133537292
0.17711529135704
0.175067082047462
0.171250745654106
0.180505007505417
0.186459720134735
0.190465673804283
0.185593664646149
0.186186954379082
0.185439512133598
0.189207226037979
0.186318457126617
0.186028003692627
0.183377891778946
0.193853050470352
0.201968401670456
0.206847429275513
0.201063916087151
0.211215525865555
0.215344965457916
0.214708030223846
0.214743062853813
0.212575182318687
0.207372486591339
0.210211768746376
0.208490714430809
0.203526377677917
0.204641073942184
0.205055400729179
0.198727428913116
0.202751368284225
0.202575728297234
0.207639679312706
0.195631086826324
0.195503100752831
0.183994591236115
0.179208323359489
0.188816487789154
0.192440494894981
0.18418450653553
0.185890406370163
0.201063588261604
0.206343308091164
0.205736964941025
0.193019285798073
0.186861231923103
0.18695718050003
0.185679435729981
0.186576336622238
0.189499661326408
0.200148358941078
0.195953503251076
0.190217912197113
0.196599408984184
0.201105147600174
0.204268544912338
0.200660988688469
0.196225762367249
0.200110659003258
0.204939514398575
0.210841089487076
0.208866894245148
0.20750766992569
0.202917918562889
0.19709038734436
0.195357128977776
0.194923922419548
0.190144538879395
0.19801539182663
0.200920581817627
0.200155377388
0.194005087018013
0.190333694219589
0.191048264503479
0.199376821517944
0.19060917198658
0.177196130156517
0.183853477239609
0.186398670077324
0.184199512004852
0.184950560331345
0.179893583059311
0.185236796736717
0.193100363016129
0.206983134150505
0.209372013807297
0.193337962031364
0.199879020452499
0.195726796984673
0.191579088568687
0.19726225733757
0.199913859367371
0.193400278687477
0.196938127279282
0.205095440149307
0.204518407583237
0.204421490430832
0.203849047422409
0.206202104687691
0.196271568536758
0.1895622164011
0.191381856799126
0.194049924612045
0.185519084334374
0.182448223233223
0.192827895283699
0.201718986034393
0.186088070273399
0.198739990592003
0.202088266611099
0.196670398116112
0.190780788660049
0.20004540681839
0.201478779315948
0.200136289000511
0.207912012934685
0.196222066879272
0.183633744716644
0.194028779864311
0.18812283873558
0.192067936062813
0.179049029946327
0.191832929849625
0.190552532672882
0.195421770215035
0.195453584194183
0.205473989248276
0.20603996515274
0.212881982326508
0.197713062167168
0.206619188189507
0.20041523873806
0.204016700387001
0.188471987843514
0.19515061378479
0.19482795894146
0.191912710666657
0.194681107997894
0.202365458011627
0.207196250557899
0.196901351213455
0.19667075574398
0.196997448801994
0.19845886528492
0.193112909793854
0.190600082278252
0.201355472207069
0.200662463903427
0.190715253353119
0.188304305076599
0.186117097735405
0.191563934087753
0.20312225818634
0.196163043379784
0.19164651632309
0.198619529604912
0.197874143719673
0.188617154955864
0.196441635489464
0.201811984181404
0.205163910984993
0.190706849098206
0.193984657526016
0.193189725279808
0.191202640533447
0.18030671775341
0.186391979455948
0.193628042936325
0.191994041204452
0.194777026772499
0.198756724596024
0.203024119138718
0.19883568584919
0.20179970562458
0.196982711553574
0.201024204492569
0.198452994227409
0.198518037796021
0.196868285536766
0.202541068196297
0.199839100241661
0.199558079242706
0.204754829406738
0.200105100870132
0.201307341456413
0.193314298987389
0.189612299203873
0.177794352173805
0.183771908283234
0.183716922998428
0.169767782092094
0.187756165862083
0.19895301759243
0.197444692254067
0.194675639271736
0.202151596546173
0.195471405982971
0.203657761216164
0.197940424084663
0.203066974878311
0.198396101593971
0.199640452861786
0.204080894589424
0.202365010976791
0.219762235879898
0.211115315556526
0.204237461090088
0.198620960116386
0.208842590451241
0.198910191655159
0.206926241517067
0.208183884620666
0.198471829295158
0.194902196526527
0.196978837251663
0.195762827992439
0.19968281686306
0.181241571903229
0.176978677511215
0.178268283605576
0.177544057369232
0.18025353550911
0.181427389383316
0.186152324080467
0.185639679431915
0.185159802436829
0.182846501469612
0.186968117952347
0.186436474323273
0.187423661351204
0.186289876699448
0.189121603965759
0.183417484164238
0.187276765704155
0.186854541301727
0.185663625597954
0.184554174542427
0.184690833091736
0.185491040349007
0.186168596148491
0.185101553797722
0.1835608035326
0.189887553453445
0.184711366891861
0.191530227661133
0.197664201259613
0.202955439686775
0.21158817410469
0.210746973752975
0.207142949104309
0.198301568627357
0.196106463670731
0.194296851754189
0.18867801129818
0.185123428702354
0.191500931978226
0.193910464644432
0.193052545189857
0.18673087656498
0.182101845741272
0.181813403964043
0.190449386835098
0.188046261668205
0.181258082389832
0.190962940454483
0.1943718791008
0.194879055023193
0.201489508152008
0.187226966023445
0.188617587089539
0.197003722190857
0.196904495358467
0.198172017931938
0.202795550227165
0.202749386429787
0.194264590740204
0.19652684032917
0.195923537015915
0.196057662367821
0.187901422381401
0.188687980175018
0.194606274366379
0.18595640361309
0.184751853346825
0.182938769459724
0.184454068541527
0.183136940002441
0.182409465312958
0.176359906792641
0.179966956377029
0.17879556119442
0.184145420789719
0.18224810063839
0.191909566521645
0.182305634021759
0.186937540769577
0.187819346785545
0.188246980309486
0.19219958782196
0.185709401965141
0.192717790603638
0.191201716661453
0.194310203194618
0.190281316637993
0.184351399540901
0.187106177210808
0.195462569594383
0.195461913943291
0.200614273548126
0.194297403097153
0.195484220981598
0.192048013210297
0.193124935030937
0.186030268669128
0.185948967933655
0.187051728367805
0.191354483366013
0.188661932945251
0.191250666975975
0.199401691555977
0.192651718854904
0.19747057557106
0.193827852606773
0.192159429192543
0.199406161904335
0.199175015091896
0.200510397553444
0.203472346067429
0.203158304095268
0.194565683603287
0.193607270717621
0.194264873862267
0.190282613039017
0.193748027086258
0.192503854632378
0.200516358017921
0.203636988997459
0.20439475774765
0.197997480630875
0.194738626480103
0.19730132818222
0.198197200894356
0.196460992097855
0.196497693657875
0.19698765873909
0.194739729166031
0.192343801259995
0.194977730512619
0.195478647947311
0.197513744235039
0.202724203467369
0.197292327880859
0.194356039166451
0.198309645056725
0.196857124567032
0.193496033549309
0.192592918872833
0.186336696147919
0.188710063695908
0.186735317111015
0.189790293574333
0.188527390360832
0.18706850707531
0.191323190927506
0.192980915307999
0.192658975720406
0.197197005152702
0.199119180440903
0.207015171647072
0.204056844115257
0.1978400349617
0.192349433898926
0.192517399787903
0.196530491113663
0.193465650081634
0.196987926959991
0.198696196079254
0.194893851876259
0.191335260868073
0.19539575278759
0.198751002550125
0.196312770247459
0.193403497338295
0.202142924070358
0.212125524878502
0.205953150987625
0.203441083431244
0.201105698943138
0.190713495016098
0.191087424755096
0.187884405255318
0.191284671425819
0.193633899092674
0.195136055350304
0.193807512521744
0.190162673592567
0.194681540131569
0.195787250995636
0.197342231869698
0.194576010107994
0.184811130166054
0.186058834195137
0.186884507536888
0.179761990904808
0.174846261739731
0.177968502044678
0.181378111243248
0.187316551804543
0.192105337977409
0.192988455295563
0.196392238140106
0.199287086725235
0.197663739323616
0.19323442876339
0.198912501335144
0.196482479572296
0.1934594810009
0.195807710289955
0.197073519229889
0.191120460629463
0.189651325345039
0.187629744410515
0.191269308328629
0.184772565960884
0.194976702332497
0.191138967871666
0.192607015371323
0.183760717511177
0.193309098482132
0.197173446416855
0.20335054397583
0.203376859426498
0.206855952739716
0.206569626927376
0.209439009428024
0.201715618371963
0.195988580584526
0.19058246910572
0.196514740586281
0.190444096922874
0.187873646616936
0.181166023015976
0.193651661276817
0.188421487808228
0.195446446537972
0.188177198171616
0.195728838443756
0.196058839559555
0.200822383165359
0.18852125108242
0.198271676898003
0.202696844935417
0.202914297580719
0.189729332923889
0.179396033287048
0.179313734173775
0.189147472381592
0.182807564735413
0.184329554438591
0.175974190235138
0.18609893321991
0.18445585668087
0.183748617768288
0.184561744332314
0.190020754933357
0.195108026266098
0.202036663889885
0.200406208634377
0.206113591790199
0.206489309668541
0.211553499102592
0.207091435790062
0.205777794122696
0.203828781843185
0.205072432756424
0.199230581521988
0.200259029865265
0.199151143431663
0.192661225795746
0.193239390850067
0.199392020702362
0.196802660822868
0.191000297665596
0.187824636697769
0.184408530592918
0.189684495329857
0.189709678292275
0.193660512566567
0.197402343153954
0.1896862834692
0.184734180569649
0.177875638008118
0.181650042533874
0.186382189393044
0.192061796784401
0.18757626414299
0.186731711030006
0.187762275338173
0.183060392737389
0.179513409733772
0.182810574769974
0.184065192937851
0.183002188801765
0.189337149262428
0.188087671995163
0.194766342639923
0.198649823665619
0.206446766853332
0.207948759198189
0.197733759880066
0.19538588821888
0.195018202066422
0.197615116834641
0.191939920186996
0.191014304757118
0.18393312394619
0.186279162764549
0.183560341596603
0.183212071657181
0.181954130530357
0.190333932638168
0.197994291782379
0.197428494691849
0.201775729656219
0.200811460614204
0.20205070078373
0.20367556810379
0.199287876486778
0.199287876486778
