0.012306206282634
0.012199720410625
0.011891994227261
0.011424680196169
0.011237610814645
0.01145483425373
0.011551852380004
0.012115444885989
0.011992796955115
0.011641122371981
0.011222323645809
0.011305401788252
0.011138809618798
0.011563720091612
0.011770462535391
0.011756234389208
0.0116235787983
0.011200223569951
0.011354495498472
0.012001635320983
0.012316459452831
0.012560003453924
0.013026778611014
0.013080643124656
0.012702147596512
0.012821847324835
0.013079592424382
0.013226129742472
0.01323632465602
0.013758998107975
0.01378443337698
0.01416594784789
0.014385697128822
0.014068825691886
0.013626628598825
0.01304827843533
0.012723323888367
0.012474062413309
0.011676708862047
0.011001961629768
0.010660307190235
0.010668827225128
0.010164555592127
0.010091810722773
0.010047475332407
0.01004915853344
0.009840326132383
0.010063662358408
0.010082213980173
0.010039920693409
0.010205153194292
0.010471586856894
0.010697677790172
0.011507448330016
0.011436553109263
0.011885712912159
0.012205605372456
0.012640966671954
0.012854067412836
0.013210383802527
0.013284981441373
0.013828178918776
0.013610610100987
0.013443070220691
0.01327094991138
0.012704385276006
0.012688415672141
0.012846937215136
0.012820708199291
0.013280668368764
0.013311413315192
0.013171757563747
0.013168904028251
0.013329745434227
0.013334775271677
0.013290868483799
0.013342835495163
0.013945344482875
0.014026079875796
0.014122738059204
0.013920967196225
0.013735693367842
0.013600627408088
0.013817122639063
0.013833908876309
0.013647466794057
0.014093230026266
0.014339844984991
0.014174878800218
0.014220027703073
0.014200786364197
0.014044313166587
0.014181950741269
0.014089739828822
0.014099273113287
0.013702392410946
0.013775230907057
0.013364010746721
0.013013601165105
0.012861666784619
0.012499824335666
0.012602418455472
0.012407531239733
0.012202868350258
0.012248937916224
0.012794999332096
0.013397305461834
0.013955157607313
0.013979449589585
0.013668941651238
0.014018411844392
0.013776487586196
0.013310407347702
0.013090470813257
0.012720626397466
0.012466871878366
0.012674872041582
0.012911122518299
0.013402415402175
0.013477082740941
0.013191831140464
0.013259364120341
0.013495304588462
0.013521117485387
0.013549871302782
0.013581971756593
0.013707815480775
0.013668309150479
0.013727041215191
0.013591619473761
0.013577600427335
0.013482038717282
0.012967323539678
0.013086560335703
0.013043902944883
0.013042067860444
0.013299461339503
0.013359813147113
0.013213261264861
0.013219150387881
0.013399939494599
0.013588061656992
0.013825340987739
0.014325347401807
0.014189208895536
0.013810973441718
0.013370776840366
0.01298649725923
0.012892714457561
0.012694202846026
0.012104430218168
0.011994930604879
0.012228788397805
0.012674367497391
0.012740757190534
0.012847565554706
0.012867972026559
0.012452794575291
0.012066834914014
0.011662297623539
0.011354161563039
0.011567199886083
0.011853217145373
0.012023288069002
0.012273489972821
0.012776624560872
0.012996201152452
0.013290315045634
0.013542666203676
0.014017544236443
0.013893327537239
0.013841536336119
0.013569852293038
0.01339968878295
0.013395562963855
0.013594993157907
0.013583004771813
0.013316825982048
0.013483551309558
0.0139552397908
0.013915830208153
0.013734512630406
0.0138185343225
0.013989027606833
0.014098100698229
0.014195676423856
0.013865103231171
0.013616696880494
0.013102412385973
0.013173095386076
0.013110840874704
0.013500364594533
0.013517374495699
0.013812800203778
0.013729503598902
0.013637142883644
0.013823686915031
0.013582867452569
0.01358240452027
0.013500913871508
0.013123494010774
0.013141963449052
0.012953961961147
0.012706621915203
0.01255938447703
0.012393470581415
0.012320332479681
0.012366514397756
0.012412977196103
0.012401043945765
0.012622521160513
0.012887949895924
0.012713612713064
0.012728476480898
0.012947138651151
0.012811437069746
0.012874206528283
0.012619739405531
0.012734036869971
0.012763586514801
0.012743169639975
0.012462209265864
0.012386745059365
0.012567682928598
0.012630000898106
0.012687802937031
0.012823984095491
0.013070294247107
0.013382610222163
0.013331680387207
0.013254096054809
0.013292219829992
0.013315902198045
0.012994130960823
0.012833069011819
0.012645038395589
0.012342729040271
0.012447824034788
0.012699281577448
0.013191815536004
0.013542796240839
0.01374639698677
0.013997082628833
0.014016013959113
0.013658144405553
0.013653007417482
0.013500026497911
0.013079647560139
0.012881525019794
0.012675071778664
0.012745082746711
0.012562720710473
0.012903396230246
0.01303283106071
0.013324914293562
0.013715371160071
0.014219526279774
0.013985739227065
0.013989778701484
0.014421359560591
0.014860655264481
0.01470272565065
0.013914526715635
0.013465944277741
0.013105855770038
0.012958322887432
0.01302114540113
0.012529816106849
0.012088949554035
0.011717347035806
0.011903901470166
0.012406671954162
0.013500630910642
0.014274123162715
0.014275333028476
0.013612513845047
0.01371152101976
0.013650826954339
0.013621389661618
0.013509868750674
0.013630054297836
0.013756238199236
0.014438179087351
0.014833479578092
0.015251280659152
0.015899829044208
0.01568437202994
0.015435046056449
0.015222868059272
0.015036238723506
0.014940274418398
0.014875656351559
0.015025321843632
0.014939126970476
0.014721154517334
0.014776903009387
0.014996957097428
0.014841783231147
0.014793021375766
0.014854072263161
0.014759101441976
0.014885658810106
0.015147271735017
0.015018782534799
0.014796922490644
0.014543649629194
0.014644123623101
0.014847828398762
0.014728986915712
0.014337497033983
0.013943208752516
0.013726973595867
0.014154751128042
0.014505551861443
0.014722031487958
0.014667517828801
0.014834325339797
0.014967569738977
0.014881437283659
0.014688988524793
0.014130743146934
0.014105840510147
0.014096668208845
0.014222368372
0.014166708305217
0.013936139932357
0.013478802352379
0.013250182456364
0.013314773475474
0.0130768491604
0.013179672145612
0.013430115398404
0.013503675860842
0.013394527868041
0.013766368614351
0.014004970162968
0.014312749401494
0.014559774237356
0.014616537019278
0.014458594921879
0.014658401703554
0.014834583333528
0.015349654292809
0.015583934446438
0.015833522574849
0.015903136149327
0.01604074251509
0.016003610143234
0.016113254357848
0.015748856938725
0.015536919250225
0.015305088996739
0.015200559923954
0.015395549088829
0.015964387814102
0.015773888572377
0.015632640125765
0.015872401605872
0.015640664979143
0.015609574654011
0.015550791614732
0.015100546781751
0.014879193362381
0.014472366377547
0.014562852477069
0.014106731004636
0.013999005098245
0.013427027796015
0.013103132271705
0.013023067870542
0.013179043806042
0.013509109333644
0.013471445369868
0.013188353426587
0.013304224860844
0.013410077191796
0.013316326639344
0.01333674351417
0.013274656490663
0.013411602267639
0.013753167241604
0.013724422786885
0.014055485959598
0.014199623311815
0.014229842908106
0.014246501188784
0.014417745567768
0.014153712911335
0.014230842633812
0.014600635034737
0.014310323428189
0.014250620766095
0.014593539166849
0.014607164980895
0.013942918509569
0.013536395291547
0.013712057813168
0.013890352286959
0.01402301828084
0.014110257612486
0.014521367501307
0.014610774812528
0.014719682496653
0.014734950940137
0.015034512870284
0.014732513523561
0.014496344190034
0.014516041179127
0.013997374952375
0.01366164500597
0.013668483920426
0.013693520755564
0.013749580296511
0.013883038996934
0.014173434867564
0.013902875385866
0.013668142702911
0.013940514382507
0.013893162129969
0.013651062061529
0.013481459271686
0.013148006536073
0.012933728178646
0.012712026259681
0.012251111097285
0.012084777961859
0.012166293577756
0.012424823061467
0.012736279750952
0.012906402689445
0.013134109204431
0.013811463421747
0.013843803143937
0.013728512195574
0.014241441182713
0.014629241129915
0.014455664404383
0.014249247573658
0.014073941874012
0.014171624750261
0.013921000485738
0.013822249224161
0.01379522854207
0.013777280292739
0.014330767350745
0.014509544522484
0.014568283869277
0.014408373529385
0.014138427823095
0.013853381161186
0.013255632573923
0.013264019450762
0.013273441423415
0.013177754877687
0.0137208712119
0.013583035980732
0.01373860411969
0.013771378686152
0.013741642828105
0.014091565550585
0.014391204462732
0.014655832169221
0.014918516600352
0.01461742647347
0.014586989455043
0.014871241329814
0.014963214014179
0.014993566768524
0.014657538256795
0.01469065820196
0.014902158965594
0.014435693817099
0.013863501173328
0.013927561640815
0.013751082485813
0.013963287530719
0.014174594799055
0.01444019102233
0.014368334566871
0.014154014597553
0.014148338735479
0.014290111491931
0.014434110484607
0.014568408704953
0.014293292721077
0.01469328287205
0.015078525768487
0.015658662122447
0.015937919529877
0.016341504948322
0.014032301893952
0.013681744590119
0.013460435903534
0.013595574684098
0.013888479751818
0.013934431764189
0.014170178737013
0.013907012648232
0.014049345084631
0.014235378330044
0.014371523078098
0.014728348173169
0.014998357337595
0.015524059094993
0.015334154903324
0.015158414359406
0.014887047607002
0.014548725239724
0.014157171899861
0.013337937775471
0.013078414807837
0.013005065525752
0.013372492290615
0.013583107761245
0.013892245628047
0.014370346501851
0.014826551198068
0.015301970185431
0.015837257242159
0.015634271311933
0.015844828525914
0.01641168132364
0.016805268444727
0.016930135329743
0.016897903798472
0.016719327404112
0.016132667345779
0.016097483450768
0.016150737309894
0.016154462614528
0.016385763356688
0.016823710835276
0.017044353731589
0.017002444314528
0.017173860342567
0.017028731587022
0.016582176688568
0.01640040033971
0.015889748563363
0.016127286928139
0.016224718052441
0.016288979297307
0.016913265868713
0.016822267942919
0.016600104131953
0.01638091036978
0.016154434526501
0.015863879490384
0.016135229598031
0.016048312758548
0.015849465130984
0.015551549991464
0.015375188390057
0.015476459251697
0.015275515425072
0.015323592764829
0.015509398185132
0.015372800907752
0.015473154227172
0.015314452712744
0.015224050877303
0.015284595139913
0.015163701150289
0.014880597763737
0.014866761809637
0.014870087640107
0.015011955063614
0.015260059728074
0.015862147395378
0.016087251086517
0.015644812644482
0.015419547707261
0.015212522302616
0.015414285883514
0.015328803614009
0.015012951668428
0.014626127520094
0.014553100730171
0.014655880022897
0.01456463658694
0.014533578511024
0.014559046029246
0.014523751862721
0.014648595861197
0.014760101167682
0.014620684684616
0.014404534832345
0.014512290907358
0.014464039837952
0.014453822037863
0.014731027979016
0.014732030825614
0.015224541897629
0.015426914052448
0.015318200903919
0.015399910015114
0.015665917155823
0.015567470701355
0.015876092580695
0.015766082181432
0.015385572637714
0.014572683286562
0.014747999389181
0.014513430032902
0.014632513905223
0.014393229921577
0.014618120351769
0.014292136950776
0.014224775619954
0.014800455340277
0.015133329670591
0.015515724233018
0.015373096352185
0.015534996780813
0.015929791687066
0.016357287298673
0.016594087052365
0.01657963212137
0.016661392207133
0.016533197411051
0.01618778437737
0.015961053661253
0.015573484660051
0.015210269018662
0.014647384955139
0.014961520410173
0.015695300353085
0.015921678408417
0.016520644143522
0.01673630193517
0.017124501356535
0.017246924583192
0.017071967383141
0.01720453766967
0.017816160702034
0.018268296795508
0.018074936736206
0.018174201904649
0.018215164651166
0.018228243268832
0.018169023304686
0.018391432625816
0.017961617151228
0.017904850208118
0.01797701771247
0.017775982339682
0.017157009606888
0.016700588528833
0.016229530467755
0.016429823068269
0.016782857319975
0.017575400536518
0.018172730924266
0.01896123466639
0.019444583840077
0.019871836022115
0.019811571599479
0.019407076961193
0.018980143110129
0.018792400656252
0.018586850393179
0.018119600860519
0.018070274123704
0.017774255446163
0.017376041082682
0.016988246336967
0.016459321738531
0.016180754048211
0.015991976498519
0.015205233979726
0.014371862215018
0.013704719556008
0.013208268878114
0.01295219553633
0.012857785435389
0.012771169241826
0.013326025331079
0.013764798805724
0.01414615723204
0.014441567335659
0.014640931990982
0.014999635862977
0.015659357041044
0.015958808699678
0.01647482320861
0.016746848469205
0.017347572306748
0.017758251512487
0.018081742361148
0.018268908490321
0.018296923696632
0.018283655744857
0.018005001709862
0.01809530783795
0.018237173180862
0.018284169651724
0.018152644863982
0.018303974831737
0.018140311099184
0.017629310823241
0.017587486710559
0.017362868838259
0.017066531829745
0.016905016311118
0.017066575522231
0.016852729928482
0.016917569578647
0.01673911906026
0.016676965457726
0.016892240419967
0.017534100733676
0.017621920551216
0.017271725270843
0.016887624620843
0.016523935644182
0.016703152861679
0.016561711960066
0.016508097117777
0.016405449942808
0.016645774223756
0.016909912990513
0.016924414734886
0.016975533903951
0.017268808277212
0.017032138560683
0.016960476640819
0.016621305390943
0.016603362343099
0.016490103095365
0.01662519922374
0.016587097294801
0.016231898184411
0.01583155641295
0.015676440803318
0.015538849001718
0.015581297292781
0.015844218911696
0.015649428443605
0.015936007463438
0.015773741890458
0.015774093510945
0.015587162488963
0.015941010253158
0.016029529150484
0.015706948561962
0.015256641311143
0.015476024407425
0.01565173894391
0.01582479656109
0.015573331736348
0.015680129697547
0.016100547126319
0.01662608555704
0.016857680703336
0.016688746824657
0.016254789926516
0.015958843029489
0.016209806430931
0.015900758029698
0.015929211201172
0.01579681568459
0.015681377014011
0.015690288200689
0.016164705381752
0.016414040717919
0.016304076091736
0.016305801944958
0.016317369010646
0.016454395930812
0.016898187799635
0.017126098212892
0.016809835349877
0.016369934192959
0.015812382693399
0.015614246629189
0.015542606555569
0.015416837732792
0.015490550078636
0.015934075631351
0.015962746224961
0.016327789668708
0.016569815876039
0.017026260880933
0.016952905357064
0.017119965660304
0.017485539655674
0.017353691335472
0.018009310621281
0.018184964820524
0.017566453979731
0.017402307549231
0.016911099969733
0.017590771969435
0.017349336650971
0.017406081747838
0.017554829697692
0.017871040545841
0.017750657342191
0.017373935520946
0.017045481413863
0.017489863131256
0.017276908031996
0.017659729116317
0.017413283726051
0.017659704149181
0.016838537152407
0.017057017270631
0.017084373968751
0.01731126593095
0.017009506892903
0.017011467853315
0.017710734892975
0.017797784890513
0.018258873782557
0.018341005254456
0.018016596863576
0.018429010244916
0.017836217633994
0.018073798650959
0.018056302930954
0.017667547990829
0.017986536432772
0.017802453744799
0.017093879165188
0.017920329831954
0.018322427625258
0.018070954478138
0.018846075835784
0.019339624084209
0.018688302266549
0.018141135014646
0.018526486102002
0.018702127817676
0.017804565548319
0.017565007966483
0.018317592323404
0.01867351340012
0.01805050015261
0.018051326148667
0.018703147309031
0.018839153697545
0.018543137100599
0.018183529210249
0.018641748962337
0.0175308924568
0.018349675092161
0.018957662285459
0.018357862231919
0.01834200185927
0.018439504764086
0.018226012871419
0.017897478661444
0.017639882324412
0.01758967549608
0.017427410963396
0.017622519762461
0.018066377170015
0.01807199061425
0.017969485960012
0.017593249957605
0.016994265497149
0.01693220240048
0.016570606501988
0.01618022661748
0.016390196063487
0.016836706229157
0.016859068459936
0.017455579093411
0.017468998928591
0.017769241213173
0.018110566918759
0.018372332767373
0.018563029665585
0.018492872015618
0.018623065222815
0.0182693017227
0.018941071624105
0.019517036385889
0.01913825373569
0.01862982715527
0.019011593378127
0.018998302539812
0.019122168658825
0.019481241836363
0.019979203025937
0.019877077039917
0.020120739634902
0.019889743699851
0.020631065798194
0.020085596311486
0.019936760976659
0.019763133276559
0.020030358605407
0.020285073318917
0.020201200389336
0.020185506464256
0.020295719721493
0.020330663307827
0.020225137630228
0.019986676521746
0.01969005863296
0.019474097074501
0.019539011626072
0.01972748228806
0.019513439037823
0.019715726928561
0.020002959255099
0.020121648854743
0.020243944124832
0.020056376440901
0.020138118841609
0.020178284720394
0.020046884768328
0.019647849610277
0.019574483683435
0.019515521713019
0.019803430232803
0.019642440064313
0.019580767079132
0.019574225689704
0.019382141034893
0.019427260809424
0.019335177853545
0.018859214790694
0.018606503689786
0.018659019978125
0.018529457191093
0.018976949397416
0.019378741343314
0.019670078683001
0.019731876503858
0.019775338044492
0.019394156468717
0.019555908134831
0.019833263878796
0.019748134270075
0.019384338142792
0.018856955264956
0.018481439148282
0.018505470015931
0.018174079149568
0.018052345640021
0.017902919416327
0.017495917661547
0.017477408691971
0.017531872416858
0.017944604129171
0.018088982830361
0.018423985608953
0.018657515708228
0.018798709019084
0.018993544219958
0.019234785002827
0.019489168901795
0.019140230300562
0.019116101644967
0.01869939391637
0.018677162763052
0.018558916330057
0.018595416201154
0.018428184248859
0.018273901917365
0.01823154309187
0.018353199619416
0.018187118235936
0.018675983065912
0.018542146737568
0.018756239922075
0.019246480025083
0.019086103632001
0.019170681883151
0.018578659092232
0.018542827092003
0.018500357994995
0.01849366888335
0.018680206672954
0.018648250820467
0.018233935775662
0.01814581219131
0.018055260553058
0.017883359746478
0.017438773090516
0.01765232011894
0.017348221452264
0.017022532455407
0.017338936798854
0.017147804016073
0.017209311593984
0.017511041503706
0.017696582688495
0.018097392593741
0.018759647936033
0.018461746320378
0.018571052438369
0.018666052387879
0.01840104705347
0.01831536608718
0.017911984567007
0.017488246509251
0.017658312231393
0.017915172037936
0.017942960459436
0.018273820774175
0.018557861468594
0.018852918911429
0.019218872615314
0.01940409130794
0.019461534444296
0.019603125148721
0.019575754926736
0.019528167567008
0.019494684558084
0.0193009707977
0.019033712179337
0.018857931063824
0.018688707982496
0.018886006607379
0.019113398952579
0.019130782320476
0.019178067993987
0.018891245544586
0.018719900256763
0.019086197258758
0.01920641401484
0.019031621181763
0.018738500772502
0.018604853778267
0.01839608275475
0.018168940080902
0.018264913748686
0.018428689833347
0.018433004986551
0.018005954622189
0.018064804240496
0.018101782648351
0.018123891046588
0.018079803246979
0.017771024282747
0.017912236318953
0.018195059865531
0.01886359444233
0.019131556301668
0.019232723133577
0.019171682649155
0.019169104792443
0.01946733722264
0.01917854861134
0.018739763693425
0.018092815285618
0.018022690925165
0.017913174667119
0.01799004431527
0.018295307074626
0.018938751761125
0.019114907383666
0.018772166873751
0.018853617991215
0.018582106637487
0.018412927248645
0.018281941334905
0.018134658123651
0.018652318382914
0.018802275158231
0.019010519791313
0.019174454001164
0.019326069010379
0.019351560455438
0.019218248436934
0.019169882934824
0.018821052524511
0.018680624872469
0.018631087995599
0.018563726664776
0.018516497167319
0.018655555788114
0.018610700249097
0.019009369222498
0.019402345689069
0.019928232619387
0.020571785496804
0.020989697889676
0.020637003815187
0.02090151812927
0.020672251168333
0.020897304925201
0.020869743288514
0.020482700677747
0.020100582834401
0.019681804914176
0.019468908071564
0.019370339902313
0.019552941206929
0.019337778596797
0.018888621914793
0.018560872088983
0.017996078039615
0.018086292621542
0.018210395928339
0.018232262977602
0.018239124778599
0.018380919381294
0.018689563106877
0.018695677974411
0.018676559390617
0.018795346778208
0.018964432540292
0.019234645602989
0.019166670496759
0.019587537333965
0.019502074830109
0.019746207639474
0.020067936224507
0.020638493520922
0.021272402842361
0.021697254018229
0.021123471800182
0.020932926785376
0.020627139716181
0.02016185218423
0.019521295363039
0.019448663886091
0.018936394447441
0.018502365768785
0.017703904300898
0.017950556710326
0.018376036225764
0.018912159681521
0.019206233003109
0.01977728131985
0.020027980485778
0.019981502082972
0.020367824808007
0.021382478780354
0.022039141484357
0.022265720317068
0.022268173338104
0.022131940164778
0.022138512763125
0.022006548969922
0.021933782254325
0.02209647018801
0.022394835776261
0.022662308695868
0.0225302159058
0.022210201730718
0.022051169401749
0.02218810165486
0.02184747502906
0.021367467290304
0.021230553762544
0.021351342682141
0.021154743137044
0.02173920920837
0.02202687637918
0.021991841246683
0.021383691767007
0.021109664974405
0.020931199891857
0.020846380291732
0.021018830375288
0.021247148585086
0.020651905033724
0.020584899484578
0.020359331820843
0.020309572320351
0.020274836793477
0.020369930369744
0.020821496380297
0.020631094926518
0.020897858363366
0.020872776795443
0.020535764162466
0.020623169941681
0.020421656032135
0.020737217734769
0.020565004838998
0.02012957383958
0.020282320692259
0.02063531853356
0.020613690752676
0.020801682877905
0.020541654325784
0.020540732622375
0.020492471149996
0.020600418639712
0.020883398230884
0.020780743773835
0.020562793166936
0.020592878564876
0.020388609948077
0.020208580258388
0.02047511066864
0.02024902077566
0.020307277424505
0.02072728913733
0.020979176322775
0.021081866149933
0.021260175187887
0.020649855648041
0.020649855648041
