0
0.000212
0.00024
0.000294
0.000366
0.003158
0.014877
0.039376
0.071968
0.100785
0.117435
0.124898
0.130028
0.138102
0.14497
0.147561
0.145461
0.14179
0.139847
0.139042
0.140536
0.14188
0.142987
0.14257
0.141428
0.140286
0.139477
0.139547
0.139925
0.139892
0.139349
0.13886
0.139119
0.139761
0.14004
0.140076
0.140101
0.140291
0.140143
0.139489
0.138892
0.138456
0.137872
0.136704
0.135123
0.135334
0.136783
0.136484
0.133762
0.130919
0.133185
0.137817
0.141739
0.142998
0.142096
0.141061
0.139688
0.139887
0.141201
0.143206
0.143604
0.141334
0.137371
0.134386
0.134311
0.136111
0.138176
0.139056
0.138471
0.137144
0.135794
0.13539
0.136318
0.13813
0.140466
0.143096
0.145089
0.145532
0.143366
0.140304
0.138335
0.138111
0.13811
0.135861
0.131169
0.125859
0.125293
0.131333
0.142208
0.150471
0.152162
0.149396
0.145714
0.143934
0.142544
0.141719
0.140933
0.140008
0.138886
0.13782
0.137471
0.137672
0.137893
0.137715
0.137244
0.137281
0.138429
0.140182
0.14121
0.140757
0.139529
0.138559
0.138326
0.138347
0.138461
0.138646
0.139053
0.139399
0.139077
0.138184
0.137491
0.137825
0.138967
0.140142
0.140531
0.140132
0.139544
0.13937
0.139495
0.139337
0.138786
0.137938
0.136279
0.13406
0.132739
0.133677
0.136028
0.137804
0.138394
0.138367
0.138218
0.137654
0.137051
0.136881
0.137092
0.136675
0.135192
0.133821
0.134226
0.136781
0.139903
0.14158
0.14148
0.140378
0.138872
0.137273
0.136034
0.13636
0.137796
0.139547
0.140815
0.14098
0.140055
0.138494
0.138751
0.141451
0.145013
0.146792
0.146329
0.145175
0.144491
0.144193
0.141552
0.136819
0.131946
0.131045
0.133444
0.135805
0.136996
0.136975
0.137082
0.136075
0.134729
0.133916
0.133733
0.133661
0.133072
0.132906
0.132932
0.131813
0.128568
0.126546
0.128436
0.134375
0.141863
0.14887
0.154725
0.156306
0.15466
0.152309
0.151564
0.151418
0.149586
0.145959
0.141508
0.138379
0.137279
0.138175
0.139442
0.140241
0.13993
0.13856
0.136977
0.135706
0.135228
0.135076
0.135103
0.134631
0.133752
0.132963
0.133497
0.135578
0.13775
0.138571
0.137759
0.136435
0.135294
0.134978
0.135497
0.136565
0.137705
0.138484
0.138686
0.137635
0.136094
0.135607
0.137447
0.140539
0.143019
0.144154
0.14464
0.145701
0.146745
0.14616
0.141814
0.135023
0.128791
0.125622
0.124792
0.125334
0.129248
0.136669
0.144684
0.147795
0.145551
0.141645
0.139051
0.138449
0.13845
0.138265
0.137538
0.13677
0.136794
0.138
0.139624
0.140681
0.140637
0.139632
0.138558
0.137785
0.137314
0.137076
0.137412
0.138452
0.139406
0.139383
0.138738
0.138456
0.138827
0.139373
0.139459
0.139463
0.139794
0.140827
0.141704
0.141838
0.140724
0.139389
0.138267
0.13728
0.136364
0.135227
0.135182
0.13593
0.137797
0.13898
0.138247
0.1351
0.12901
0.125306
0.126228
0.133083
0.138779
0.139244
0.137069
0.134733
0.133944
0.132653
0.132612
0.134917
0.139123
0.144007
0.149103
0.152724
0.153336
0.151455
0.149031
0.146332
0.142268
0.137894
0.13608
0.13657
0.136683
0.133206
0.128797
0.127825
0.132182
0.138252
0.141403
0.142198
0.142286
0.142438
0.141479
0.139317
0.137489
0.136803
0.137471
0.138888
0.140193
0.141113
0.141369
0.140687
0.139331
0.137985
0.137464
0.137925
0.138732
0.139472
0.13957
0.139356
0.139267
0.139305
0.139378
0.139579
0.140228
0.140908
0.140698
0.139251
0.13704
0.135438
0.135302
0.136209
0.137161
0.137555
0.137953
0.138605
0.139575
0.14042
0.140556
0.13981
0.138682
0.138124
0.137953
0.137792
0.137329
0.137484
0.138384
0.139459
0.140008
0.139671
0.139123
0.138482
0.138102
0.138019
0.138137
0.138382
0.138468
0.138233
0.13744
0.135912
0.134373
0.133843
0.13498
0.137172
0.139054
0.139357
0.138894
0.138709
0.139312
0.139555
0.139033
0.139012
0.139742
0.140447
0.140163
0.139852
0.140815
0.142223
0.142183
0.140596
0.139419
0.139804
0.139744
0.136785
0.129438
0.123441
0.123985
0.132926
0.142884
0.147321
0.147715
0.145578
0.143681
0.141195
0.140304
0.14055
0.139823
0.13851
0.13742
0.137734
0.138676
0.139474
0.139633
0.138602
0.136921
0.135912
0.13636
0.137565
0.138298
0.137983
0.137193
0.135591
0.133436
0.131415
0.132688
0.137122
0.14121
0.141749
0.139
0.137955
0.139311
0.142582
0.14524
0.14564
0.144537
0.142446
0.140946
0.139906
0.139227
0.138893
0.138106
0.13657
0.135175
0.134992
0.136168
0.137577
0.13808
0.138156
0.137935
0.137912
0.13764
0.137497
0.138077
0.138998
0.139522
0.138382
0.13652
0.135677
0.137406
0.140848
0.144322
0.147439
0.150609
0.152082
0.148154
0.138197
0.126972
0.120326
0.118527
0.119035
0.12245
0.130088
0.140802
0.148354
0.150169
0.148015
0.14462
0.14228
0.140083
0.13873
0.137836
0.137554
0.13736
0.136887
0.136814
0.137319
0.138348
0.139841
0.141484
0.142476
0.14201
0.140323
0.138753
0.137653
0.137261
0.137538
0.1377
0.136443
0.133093
0.132547
0.135969
0.140353
0.140651
0.137741
0.137093
0.138254
0.140192
0.140761
0.140277
0.139118
0.137789
0.13784
0.138381
0.13839
0.137501
0.136739
0.136724
0.137157
0.13787
0.138893
0.140344
0.141275
0.141188
0.140059
0.138786
0.137899
0.137449
0.137286
0.136637
0.135653
0.13522
0.136198
0.138655
0.141231
0.143525
0.14477
0.144907
0.143907
0.142017
0.139652
0.137422
0.136646
0.136546
0.135231
0.131022
0.125428
0.12455
0.131268
0.143749
0.153319
0.155327
0.152121
0.147237
0.144015
0.141903
0.141004
0.140175
0.138852
0.137676
0.137287
0.13732
0.137166
0.136467
0.135909
0.135769
0.135964
0.136306
0.137023
0.138123
0.13849
0.137769
0.136451
0.136338
0.137948
0.139847
0.140716
0.140013
0.138972
0.138553
0.138864
0.139689
0.140163
0.140353
0.140389
0.140035
0.138961
0.13748
0.136654
0.137085
0.138197
0.139645
0.141005
0.141516
0.140649
0.138525
0.137122
0.137171
0.138283
0.13863
0.137464
0.135596
0.134433
0.135296
0.137957
0.140621
0.141384
0.139798
0.137419
0.135748
0.134892
0.135141
0.136704
0.139631
0.142065
0.141935
0.139436
0.136643
0.136276
0.138903
0.142512
0.144047
0.141303
0.135184
0.130464
0.129896
0.13439
0.139461
0.142409
0.142934
0.141768
0.141416
0.141409
0.142274
0.142883
0.142687
0.141467
0.139544
0.137945
0.137481
0.137319
0.137198
0.136434
0.135772
0.135766
0.137098
0.139528
0.141495
0.143355
0.144765
0.145911
0.144808
0.142342
0.139984
0.138454
0.137629
0.136565
0.136042
0.135642
0.135933
0.137207
0.139409
0.141036
0.140533
0.137964
0.135151
0.134035
0.134547
0.135678
0.136206
0.136418
0.136326
0.13568
0.134806
0.134975
0.136228
0.13641
0.133865
0.132762
0.135495
0.138275
0.136644
0.132187
0.132963
0.137201
0.140711
0.139789
0.137579
0.136986
0.139369
0.144831
0.149978
0.151631
0.146499
0.13847
0.130954
0.126812
0.125236
0.126722
0.131639
0.136444
0.137322
0.135226
0.13591
0.139842
0.142861
0.141927
0.139639
0.139502
0.140466
0.140343
0.138612
0.138748
0.140576
0.141364
0.138184
0.134075
0.134018
0.137649
0.1418
0.142331
0.140403
0.137468
0.137927
0.140656
0.141593
0.13827
0.134841
0.13815
0.14418
0.147116
0.145371
0.143685
0.145981
0.149218
0.150088
0.147316
0.144026
0.143977
0.145289
0.145575
0.143663
0.141658
0.140198
0.138503
0.137554
0.137658
0.138201
0.137682
0.136358
0.13546
0.135924
0.137829
0.140011
0.140725
0.139952
0.139154
0.138844
0.138272
0.137407
0.137651
0.138479
0.13925
0.139436
0.140004
0.140223
0.139294
0.13794
0.137596
0.1392
0.140575
0.13971
0.134841
0.129336
0.127688
0.131993
0.138877
0.142907
0.143027
0.140824
0.138808
0.137862
0.138293
0.139671
0.14071
0.140316
0.138899
0.137463
0.136891
0.137297
0.138589
0.140443
0.141443
0.14086
0.139318
0.138457
0.138989
0.13936
0.138932
0.137965
0.137817
0.138705
0.139266
0.138608
0.137187
0.1369
0.138447
0.140286
0.140637
0.139337
0.137595
0.136512
0.136294
0.137155
0.138696
0.139773
0.139533
0.138328
0.137261
0.136449
0.135617
0.135362
0.136295
0.137922
0.138905
0.138756
0.13809
0.137692
0.13784
0.13826
0.138335
0.138126
0.137926
0.137961
0.137838
0.137489
0.137378
0.137321
0.137371
0.13771
0.138645
0.139725
0.139866
0.139644
0.140394
0.142464
0.144433
0.144387
0.143181
0.142029
0.141528
0.141003
0.13944
0.136859
0.13309
0.129412
0.128966
0.132733
0.139673
0.144559
0.14529
0.143723
0.142234
0.142262
0.141757
0.139956
0.136888
0.133476
0.13144
0.131113
0.132304
0.13423
0.135576
0.136072
0.135997
0.136899
0.138778
0.140331
0.140956
0.141339
0.141905
0.142189
0.140476
0.137841
0.135752
0.135964
0.137233
0.137737
0.138294
0.13967
0.141828
0.142487
0.142067
0.141659
0.141514
0.14047
0.138338
0.136364
0.135615
0.136039
0.136888
0.137238
0.136754
0.136589
0.137432
0.139891
0.142554
0.144156
0.143844
0.141501
0.138775
0.136354
0.135056
0.134728
0.135337
0.136585
0.137966
0.139238
0.140403
0.141124
0.141437
0.141853
0.142406
0.143497
0.144974
0.145641
0.142682
0.135155
0.126696
0.121427
0.120942
0.124519
0.131994
0.141601
0.149107
0.151321
0.148691
0.144721
0.141687
0.140288
0.139953
0.139982
0.139721
0.138885
0.137473
0.136317
0.136269
0.137525
0.139416
0.140552
0.140552
0.13958
0.138946
0.139168
0.14005
0.140999
0.141696
0.14159
0.139601
0.136538
0.134556
0.135364
0.137417
0.138303
0.137424
0.135796
0.134407
0.133518
0.133538
0.134746
0.13656
0.138082
0.138373
0.137625
0.136659
0.136827
0.138441
0.140094
0.140932
0.140699
0.139948
0.137812
0.133888
0.13088
0.131407
0.134962
0.137523
0.136896
0.136071
0.137009
0.139869
0.14262
0.144678
0.146484
0.147097
0.147054
0.145962
0.144625
0.14294
0.141381
0.140476
0.139543
0.13732
0.132503
0.126387
0.121592
0.122849
0.130674
0.142399
0.150868
0.152394
0.149753
0.146274
0.144581
0.142673
0.140326
0.138049
0.137075
0.137916
0.13948
0.140374
0.140014
0.138879
0.137619
0.136686
0.136149
0.136322
0.137113
0.138257
0.139011
0.139111
0.138969
0.13929
0.14049
0.141888
0.142957
0.142879
0.141501
0.139383
0.137679
0.137323
0.137936
0.138828
0.139175
0.138688
0.137819
0.13759
0.138234
0.139074
0.139434
0.139285
0.139122
0.138468
0.137772
0.137105
0.136734
0.13659
0.136195
0.135851
0.135206
0.134774
0.135065
0.136387
0.138626
0.141014
0.142275
0.141144
0.137882
0.13457
0.133304
0.134142
0.135624
0.136613
0.137235
0.137995
0.139129
0.140127
0.140494
0.139994
0.139326
0.139699
0.141082
0.14156
0.139884
0.137648
0.137271
0.138701
0.139788
0.140878
0.143149
0.146322
0.148624
0.148766
0.148109
0.146088
0.142135
0.136307
0.129963
0.125238
0.121528
0.121502
0.125886
0.133463
0.138772
0.138827
0.136724
0.134724
0.134429
0.133669
0.132288
0.131433
0.132425
0.136305
0.141525
0.146619
0.150255
0.151256
0.150373
0.14895
0.148383
0.148807
0.148643
0.147614
0.145795
0.143888
0.14183
0.1396
0.138608
0.138805
0.138918
0.137477
0.135193
0.133957
0.134805
0.137111
0.139348
0.140058
0.138957
0.136669
0.134003
0.132354
0.132538
0.134309
0.136164
0.136439
0.135745
0.135189
0.135647
0.136646
0.137459
0.13815
0.138182
0.137593
0.136686
0.13648
0.137553
0.139206
0.140232
0.139737
0.13801
0.136698
0.136789
0.138252
0.140286
0.142384
0.144836
0.147628
0.149412
0.147505
0.14076
0.132219
0.126836
0.126143
0.127615
0.129346
0.131878
0.136564
0.141303
0.143163
0.141635
0
