1.475333095
1.472467542
1.476553321
1.486040831
1.494331956
1.491815448
1.486953735
1.486176729
1.490252495
1.493357539
1.496536613
1.493360758
1.498835444
1.490966916
1.488424063
1.490224361
1.501161218
1.506049156
1.500973582
1.492033958
1.494532824
1.494365931
1.487020731
1.487535238
1.490808725
1.487522125
1.489080667
1.488332391
1.493668437
1.484963775
1.4872576
1.477609873
1.472351193
1.473466158
1.480305076
1.478163958
1.478816867
1.486804366
1.503804326
1.517191052
1.516059875
1.512815356
1.520768881
1.520004272
1.521123052
1.522261858
1.523698449
1.523895144
1.525582552
1.524272561
1.525045753
1.524780154
1.523201585
1.515942335
1.524450183
1.515045285
1.508656979
1.502147555
1.503405333
1.508229733
1.508069873
1.500154376
1.499618769
1.49871242
1.499941826
1.508227468
1.509401798
1.509141445
1.50835669
1.497644424
1.495297909
1.501128197
1.504766941
1.502652168
1.503715634
1.508125067
1.508376598
1.500751495
1.501121402
1.501362085
1.50256896
1.501379251
1.507590294
1.502671957
1.506926179
1.51052916
1.50491631
1.497461319
1.496904612
1.493356943
1.488887429
1.492100835
1.486319661
1.489536524
1.48988831
1.501051307
1.50034678
1.507625818
1.50870502
1.509143949
1.514077663
1.507648587
1.51072073
1.511987805
1.514144301
1.506987691
1.505615115
1.502172232
1.503747225
1.509086609
1.501698494
1.507613182
1.507023692
1.504216313
1.508852839
1.51335907
1.511959195
1.512295723
1.503828287
1.50107336
1.509114027
1.507481575
1.500328422
1.498384833
1.498546958
1.49950254
1.498116136
1.501697063
1.500453711
1.500725865
1.50001514
1.498005509
1.509861112
1.509518504
1.509263754
1.507977009
1.505586982
1.502640963
1.502339005
1.502930999
1.498944044
1.499412775
1.496471882
1.493544698
1.493475318
1.498786807
1.501847982
1.508355021
1.510534167
1.508967996
1.515880585
1.519607663
1.515307903
1.511933327
1.510026217
1.50341475
1.501521707
1.509492397
1.510967374
1.509477258
1.515808225
1.513991833
1.513007879
1.512396932
1.509666204
1.503383517
1.503555655
1.505805135
1.506930351
1.502081394
1.502745748
1.504513621
1.506462097
1.503262997
1.498430848
1.497070551
1.506027222
1.507581592
1.506705523
1.502507806
1.49984467
1.501234412
1.498194933
1.495109916
1.494618297
1.497125387
1.500556707
1.500898004
1.510143518
1.507928729
1.509130597
1.505709648
1.508220077
1.500619888
1.502922416
1.498268366
1.489850879
1.488280892
1.484939456
1.494722843
1.500850558
1.497992039
1.498448014
1.500077009
1.503129125
1.507608891
1.505579352
1.501706123
1.502849221
1.507856131
1.507563472
1.505426049
1.505455852
1.506141067
1.503690362
1.501694202
1.500335217
1.503406048
1.501342893
1.5033499
1.498302221
1.504296303
1.506466389
1.50738132
1.502313733
1.503492832
1.501739264
1.496810794
1.49485147
1.493303061
1.49458468
1.497900009
1.494261503
1.498848677
1.500796556
1.496793509
1.499684811
1.496968627
1.49490416
1.492109299
1.491173625
1.490853429
1.48439014
1.482214451
1.485371709
1.48630929
1.485298991
1.487330317
1.491460443
1.499118567
1.500211596
1.497925401
1.492231131
1.488942742
1.481531024
1.479856014
1.480347037
1.484204888
1.482443333
1.472457647
1.468954086
1.469749212
1.482829928
1.486518025
1.488361478
1.484260082
1.476057172
1.482092261
1.489003062
1.497114182
1.498108983
1.492525578
1.480882406
1.475326896
1.470830083
1.479454756
1.475996733
1.479313016
1.476846457
1.475831509
1.474456072
1.474960089
1.469374418
1.466671467
1.462723613
1.454358578
1.458508849
1.458431482
1.457359076
1.456836224
1.461484671
1.462690115
1.455302119
1.453097939
1.457688212
1.458307624
1.456005573
1.457374573
1.456069589
1.453798771
1.452430606
1.453062415
1.450621486
1.450872183
1.448867798
1.448928952
1.448387384
1.446830869
1.449225783
1.455673218
1.461545467
1.459483743
1.454216719
1.447185993
1.441658139
1.44168961
1.441652179
1.441388845
1.444825888
1.44792223
1.453136444
1.449146152
1.448393345
1.446534395
1.448298573
1.447637558
1.454689026
1.457094431
1.452787399
1.454233885
1.452429533
1.443500996
1.443741441
1.445082426
1.442843676
1.44321084
1.437639832
1.43339777
1.430750489
1.42870295
1.424911976
1.428951621
1.423625946
1.419439793
1.416737199
1.417779326
1.418280721
1.423268557
1.416018128
1.421305776
1.421654582
1.422519445
1.419770002
1.413228631
1.405611396
1.406715274
1.407684207
1.400674701
1.406588435
1.407040477
1.407610178
1.411262989
1.411730289
1.414983988
1.412601113
1.421399355
1.418175936
1.423591375
1.428234458
1.428045154
1.42346251
1.417106867
1.419212699
1.431419373
1.429845333
1.428679943
1.434084058
1.429595947
1.427725196
1.424765706
1.420972347
1.425990939
1.420310855
1.41977191
1.417551398
1.418906569
1.416531324
1.421716928
1.416832328
1.404386163
1.408417344
1.407427549
1.404563427
1.406495929
1.420764446
1.427420974
1.420533061
1.416955709
1.411948204
1.408080339
1.402599335
1.408093214
1.406415701
1.406184435
1.403053164
1.407188177
1.407106876
1.405013919
1.414360166
1.415952206
1.415864348
1.412063479
1.413592458
1.412188768
1.408662915
1.41495955
1.420214415
1.413943291
1.413524389
1.412984371
1.415218472
1.42151916
1.422540784
1.422419906
1.424102426
1.425718784
1.422744632
1.418469548
1.416903138
1.420046926
1.421564579
1.412714839
1.413315654
1.418343067
1.414562941
1.40514648
1.413390279
1.415556908
1.411719918
1.408347487
1.414474607
1.417671442
1.414254665
1.413444757
1.407781124
1.410516858
1.414776444
1.42098403
1.42205584
1.41756618
1.423871279
1.420948863
1.422762752
1.41515696
1.405890346
1.408788681
1.416502595
1.420024753
1.416129827
1.414774179
1.41919291
1.418014407
1.413691759
1.416965604
1.416450262
1.411319256
1.413517475
1.414176702
1.42177248
1.418077588
1.410619855
1.417743921
1.426943779
1.428111553
1.430617809
1.425417423
1.42079711
1.414988518
1.418709874
1.416799545
1.421620846
1.415032625
1.416024804
1.415082097
1.422528863
1.418699503
1.408991218
1.399053574
1.399420381
1.395864129
1.419137001
1.418503881
1.426684737
1.421089768
1.421868801
1.421629071
1.418210626
1.423575759
1.422137856
1.419941306
1.419413924
1.415949941
1.413343191
1.407840729
1.417870164
1.421374917
1.425179243
1.42663002
1.431629539
1.449139357
1.448698878
1.447345972
1.442165971
1.436107039
1.428439498
1.426843286
1.42515099
1.417886615
1.411260009
1.422345877
1.416646361
1.4101969
1.40651679
1.399828315
1.395075202
1.399436712
1.412040591
1.409269094
1.40636754
1.40765965
1.408635736
1.400155902
1.398002148
1.402003884
1.395551205
1.395478487
1.407444
1.414608836
1.417197704
1.415488839
1.414316058
1.404925466
1.393971324
1.401461244
1.406185627
1.409014106
1.41389358
1.418943644
1.412106156
1.411636472
1.416428804
1.420394659
1.412655354
1.40976131
1.417301655
1.414132237
1.407307982
1.413332462
1.413262963
1.422099352
1.41896975
1.410370588
1.412303329
1.420176029
1.425710797
1.424895644
1.423043489
1.420781016
1.410347462
1.408239484
1.423098207
1.424870253
1.427431822
1.420682311
1.421656728
1.428203225
1.433667064
1.432704926
1.427332282
1.426891446
1.427953005
1.428864002
1.433873653
1.434382796
1.438453197
1.437632203
1.437048912
1.439088225
1.439191103
1.438406944
1.434698582
1.430853963
1.424306989
1.425150037
1.429779053
1.432469964
1.427082419
1.43162632
1.428065419
1.432193041
1.440903902
1.450858116
1.444558382
1.442329049
1.438959837
1.443180561
1.441756129
1.451190948
1.457095981
1.449100018
1.44759953
1.44669354
1.449478984
1.444617867
1.436168194
1.43005693
1.427566528
1.42825377
1.426979065
1.427486658
1.431758881
1.436295629
1.443953037
1.447331667
1.456333041
1.453234911
1.445490837
1.448078871
1.437798619
1.435814261
1.432865739
1.434034109
1.436492443
1.43705368
1.42216897
1.413276076
1.417809129
1.415369391
1.413919568
1.414384961
1.415536642
1.412393451
1.419382215
1.42226696
1.421191812
1.424391627
1.437570214
1.44448638
1.449852467
1.446006536
1.435665011
1.427410722
1.419653893
1.406550884
1.402641654
1.394057631
1.392359972
1.398425817
1.408591151
1.408517838
1.408447266
1.419407964
1.41968894
1.422805548
1.430597425
1.441488504
1.45147109
1.456030011
1.455314875
1.463645577
1.474943519
1.481324315
1.485488296
1.487423301
1.485396028
1.493725419
1.491063714
1.488865495
1.480774641
1.47762239
1.474709153
1.473029494
1.462554097
1.458418965
1.449559689
1.452638984
1.449863434
1.447625875
1.440163493
1.44349134
1.445886016
1.446383953
1.451007485
1.449314117
1.445035934
1.44630301
1.44778657
1.443292499
1.446562529
1.45483315
1.452427149
1.458457828
1.463413
1.469551444
1.460870981
1.464340091
1.456448078
1.455961347
1.462279677
1.461475968
1.446679473
1.446035028
1.460169911
1.469364643
1.475367188
1.465971589
1.464588404
1.46554482
1.46637857
1.463484764
1.461529255
1.468294978
1.465618014
1.458331823
1.465791345
1.470862508
1.478636503
1.470883727
1.467648268
1.470534682
1.47681725
1.488947749
1.494997978
1.497892737
1.497889042
1.493877649
1.489649892
1.493247628
1.48630774
1.495439529
1.498785973
1.502398372
1.493953347
1.490975499
1.497012138
1.51046443
1.502498031
1.491311312
1.493681073
1.499643683
1.498071074
1.492413282
1.481195569
1.481491685
1.489331007
1.505303025
1.512749434
1.50061655
1.510272264
1.508549333
1.508861661
1.515307069
1.518312454
1.508752823
1.50861311
1.516608715
1.51780808
1.519180775
1.518457294
1.515231252
1.507207513
1.508795142
1.516432881
1.528093934
1.528382182
1.526669383
1.537578821
1.544148564
1.528964996
1.537896633
1.536401987
1.530841947
1.521669388
1.529284596
1.529063106
1.524116278
1.531774521
1.516838312
1.507566929
1.522828221
1.522480607
1.532610536
1.515798688
1.527282357
1.526278734
1.52750802
1.523559809
1.531719446
1.538755059
1.548837543
1.535511613
1.544760704
1.53692174
1.543607473
1.534164071
1.551936865
1.549435616
1.548138261
1.54722631
1.557165384
1.561385512
1.546598673
1.546014428
1.540178299
1.540423274
1.542952776
1.535887241
1.551145196
1.548143744
1.543738961
1.548709154
1.543008566
1.549165249
1.567133784
1.551915288
1.544013619
1.552101254
1.540757179
1.52884531
1.542780995
1.554393768
1.551193953
1.541902781
1.557511806
1.561393976
1.549408555
1.538295984
1.551099777
1.555339813
1.545018435
1.54466939
1.551634789
1.559931636
1.551715493
1.567094803
1.550734639
1.546918511
1.556722641
1.557779193
1.55480814
1.562313557
1.56589818
1.571247816
1.577055216
1.577696443
1.576395154
1.564873815
1.562911034
1.558000445
1.568405151
1.578598857
1.570785403
1.588526249
1.600789666
1.596393704
1.588495731
1.594219804
1.582316279
1.588021278
1.581268311
1.58018899
1.574725747
1.57333076
1.577629566
1.575780392
1.591461062
1.578645349
1.56755507
1.571079135
1.584627867
1.574723125
1.579745531
1.579437613
1.570023179
1.560786009
1.563480496
1.559244514
1.564811468
1.553604603
1.558548927
1.562159181
1.56379354
1.560998678
1.556976914
1.561724305
1.561327577
1.558668256
1.556153417
1.560099363
1.563775897
1.56941247
1.572492123
1.572760224
1.566293478
1.571521044
1.567622662
1.561774254
1.558831215
1.556362629
1.559460282
1.558000207
1.556429148
1.557493567
1.566753626
1.565506577
1.569427013
1.567560077
1.572822571
1.578194499
1.578803897
1.581100225
1.577126622
1.578041792
1.58518362
1.586903811
1.585166812
1.59199214
1.586480141
1.580020905
1.572471976
1.569098353
1.567965865
1.578081131
1.574503183
1.56680584
1.572501659
1.580011606
1.589122653
1.598976016
1.592465281
1.598837018
1.60526824
1.607497096
1.617364883
1.623570919
1.624273777
1.612756014
1.613200068
1.608561277
1.605923295
1.599439025
1.597310781
1.597456574
1.589116096
1.594293714
1.593913555
1.601783395
1.601794839
1.603668571
1.600046396
1.604855299
1.606989503
1.610843539
1.60830915
1.616726398
1.604679585
1.609576583
1.607275605
1.600321054
1.605271101
1.601318598
1.614358902
1.614962935
1.618035674
1.617012143
1.611788988
1.614181042
1.62556541
1.62804544
1.633366942
1.634035707
1.642671466
1.638957143
1.645386934
1.647543073
1.643927813
1.648497701
1.651339173
1.646572948
1.646487355
1.646482944
1.634325504
1.642271519
1.639936686
1.638650298
1.647418261
1.64996624
1.658178329
1.667825699
1.66703856
1.660354376
1.660755992
1.657437682
1.652143717
1.650518298
1.645393252
1.647545099
1.649315238
1.648696899
1.647302151
1.647397399
1.649958491
1.654366374
1.658795357
1.662680984
1.666759491
1.663759828
1.659967065
1.661899924
1.662373781
1.668920755
1.675442934
1.668365121
1.666221976
1.67191267
1.676998496
1.678630352
1.682602644
1.684033632
1.684742212
1.682098508
1.684567571
1.69163239
1.690985322
1.693772197
1.695539832
1.69732821
1.705547094
1.706073165
1.707889676
1.698218107
1.692339897
1.689170361
1.69104445
1.694087386
1.688984632
1.696081519
1.704864621
1.714364409
1.714978099
1.720166326
1.722308159
1.717819452
1.70768261
1.710624933
1.722257614
1.719844222
1.724358678
1.727414846
1.725570798
1.729234695
1.720607877
1.721014142
1.719995737
1.719235778
1.717195988
1.715879202
1.720963597
1.723248243
1.73055625
1.732647777
1.729566693
1.732020378
1.734013081
1.72884798
1.728972554
1.724927068
1.721138716
1.716686964
1.709595442
1.70376265
1.711043835
1.708572507
1.71184504
1.706718206
1.709660769
1.715191007
1.720478773
1.728749633
1.7334764
1.733091354
1.730080724
1.733064055
1.742604375
1.745431066
1.760312915
1.758025408
1.757894397
1.75376749
1.759558439
1.760529041
1.760269523
1.761585832
1.765064597
1.764711857
1.765102744
1.758707166
1.758029819
1.749747157
1.75458777
1.748599768
1.742687821
1.730624318
1.726002812
1.716951251
1.728704929
1.728988409
1.736853004
1.744840622
1.757735014
1.754490256
1.767756104
1.777898669
1.792172074
1.782932281
1.771525979
1.763228297
1.764002323
1.752263546
1.74907732
1.745767236
1.744046688
1.727028608
1.715714812
1.711586833
1.712581992
1.715771079
1.717459559
1.718731046
1.721422791
1.718808174
1.71536696
1.709584117
1.71088016
1.715073943
1.717742443
1.713437915
1.718989611
1.726420403
1.726390362
1.724268317
1.729551673
1.71870482
1.711414456
1.710240364
1.718685031
1.724802852
1.727506518
1.730173826
1.728511214
1.721748829
1.729507327
1.727522492
1.732326865
1.734719753
1.737471938
1.734014869
1.725975633
1.729172468
1.722527742
1.720920086
1.727144003
1.725747228
1.728172183
1.725189328
1.727178454
1.736719966
1.736002922
1.733776689
1.735103965
1.728735566
1.73193574
1.731838346
1.73369205
1.729731798
1.724681854
1.723153114
1.727173328
1.725222945
1.728013515
1.730066061
1.728966355
1.735773444
1.734871149
1.730142713
1.72596848
1.724895
1.722757816
1.730922103
1.730922103
