0.3317937255
0.3258231878
0.3208453357
0.3159543574
0.3167508245
0.3189843595
0.3163479567
0.3292523623
0.3287343085
0.3212815225
0.3119057715
0.3101342022
0.308904469
0.3121057153
0.3142692745
0.3143964112
0.3190062046
0.3108842969
0.3091994822
0.3171920478
0.326530993
0.3319786489
0.3370121717
0.3387154639
0.3314583302
0.3311290145
0.3392694592
0.3423513174
0.3478018641
0.3533563912
0.3567982614
0.357678324
0.3590753675
0.3521364331
0.3474662602
0.3288869858
0.3203661442
0.3207601607
0.3142415583
0.3063959181
0.2947263718
0.2907847464
0.2821558714
0.2777953744
0.2755024135
0.2742991149
0.2680182457
0.271476686
0.2709737718
0.2668398321
0.2692849338
0.2734965086
0.2759301662
0.2886230648
0.2921647131
0.2943256795
0.2959830761
0.3007376492
0.3069028556
0.3203690648
0.3220154345
0.3285859823
0.322458297
0.3171677887
0.3138339221
0.3065111339
0.3068210781
0.3105058372
0.3087261021
0.3108326793
0.3095688522
0.3116544187
0.3152487278
0.31764853
0.3190492094
0.322471112
0.3242621422
0.3333789408
0.336715132
0.3404704928
0.3368251324
0.3308700621
0.33420825
0.3355595767
0.3411985636
0.3402832448
0.3475199342
0.3473109603
0.3429863453
0.3414476216
0.3371103108
0.3371037841
0.3360158801
0.3380064368
0.3398244977
0.3414177001
0.3435480893
0.3401181996
0.331430465
0.3277143836
0.3223504126
0.3189535737
0.3163975477
0.3117086291
0.3146498501
0.3227088749
0.3381752372
0.3508430421
0.3540804088
0.3519385159
0.3545682728
0.3549772501
0.3416548967
0.3329252303
0.3273727596
0.3246290088
0.3289876282
0.3358796835
0.3415533304
0.3414424062
0.3421186209
0.34269014
0.3425812125
0.3419896364
0.3436771035
0.3462720513
0.349167943
0.3525433242
0.3536553979
0.350831449
0.3503902555
0.3462580144
0.3443589807
0.3475781083
0.3463689387
0.3452704251
0.3503601849
0.3495534658
0.3456388414
0.3468447924
0.3484294116
0.3548501432
0.359295845
0.3714710474
0.3687499762
0.3648766577
0.3562225997
0.3524537086
0.3521880507
0.3451448679
0.3353534341
0.3353490233
0.33737427
0.3461665809
0.346155405
0.3428981602
0.3418471217
0.3380306363
0.328604877
0.3158501685
0.3123068511
0.3156652749
0.3217493892
0.3251600862
0.3289439082
0.336448282
0.3425236642
0.3527717888
0.361054033
0.3695370555
0.3676162064
0.3688127697
0.3639397621
0.3562524915
0.3516003788
0.3563337326
0.3658127189
0.3603718877
0.3644698858
0.3738763332
0.370691061
0.3677554727
0.36764732
0.3700968325
0.3736907542
0.3803066015
0.3754845262
0.3694002926
0.3649068773
0.3648512661
0.3645548224
0.3724093437
0.3759481907
0.3769272566
0.3777269423
0.3708284199
0.3681712449
0.3604854643
0.357917279
0.366291225
0.3622455597
0.3602510691
0.3557441235
0.3506070971
0.3495484889
0.3491306901
0.3450403214
0.3425691724
0.3447585702
0.3488546312
0.3543334603
0.359395802
0.3547528684
0.3557581902
0.3592737317
0.3537817001
0.3542487621
0.3503791094
0.3514566123
0.3541482091
0.3487991691
0.3468461335
0.3466095626
0.3520232141
0.3487638831
0.3513119817
0.3532509804
0.3552596569
0.3620951772
0.359603107
0.3591797948
0.3639121652
0.3612335026
0.3573853672
0.355011493
0.3459937274
0.3404457867
0.3405919671
0.3453959525
0.3562269509
0.3652830124
0.3711604476
0.372086674
0.371285826
0.3656140566
0.3672314286
0.3625923097
0.3534925878
0.3524757028
0.3544178605
0.3573538959
0.3501094282
0.3538876474
0.3544097245
0.3556322753
0.3653510809
0.3807842731
0.3795148134
0.3786767423
0.3810103834
0.391220361
0.3893553019
0.3831076026
0.375197053
0.3674921989
0.3595402241
0.353646785
0.3462244868
0.3405077755
0.3373861909
0.3427780271
0.3508918285
0.3694992065
0.3858222961
0.3823268414
0.3744548857
0.3743530214
0.3770704865
0.3744492829
0.3710895181
0.3738286495
0.3787953258
0.3931206763
0.402934432
0.4123173356
0.4235429764
0.425329268
0.4201639295
0.4147262275
0.4106115103
0.4155702889
0.4171104133
0.4146475196
0.4115352929
0.4124879539
0.416932106
0.4229207039
0.4219752848
0.4209628105
0.4221198559
0.4196467996
0.4264224768
0.4336674213
0.4323261082
0.4252426922
0.4196344316
0.4240964055
0.4305635095
0.4319610894
0.4296624959
0.426232487
0.418764621
0.4269161522
0.4311263561
0.4332334697
0.4336894751
0.4408640563
0.4466877282
0.4505170286
0.4505391419
0.4417735338
0.4379113913
0.4383296967
0.4415223897
0.4434746504
0.4374599755
0.4331744909
0.4301089644
0.428376615
0.4240049422
0.4258779287
0.4249519408
0.4283336401
0.4276744425
0.4369803965
0.4454038739
0.4495729208
0.4536343217
0.454128027
0.4490403831
0.4524706006
0.4643753469
0.4754914641
0.4798786342
0.4868609309
0.4933837354
0.5014644861
0.5102584958
0.5065181851
0.5055147409
0.5020137429
0.4984973371
0.4941347837
0.4944991767
0.5055792928
0.5041081905
0.5039554834
0.5054948926
0.5088586211
0.5113832355
0.513151288
0.5061745048
0.5021470189
0.495677501
0.4976667762
0.4960315824
0.4907053709
0.4811158776
0.477674365
0.4760802388
0.4768294394
0.4808950722
0.4831289053
0.4885415435
0.4909113348
0.4934490621
0.4972183704
0.4937982261
0.490913868
0.4923917353
0.4987871647
0.5041699409
0.5083764791
0.5130684972
0.5127500296
0.5160374641
0.5195912123
0.5192227364
0.517149508
0.5152497292
0.513052702
0.5116471648
0.5199750066
0.5242248178
0.522652626
0.5214049816
0.5192627907
0.5212522149
0.5207162499
0.5202393532
0.5273128152
0.537279129
0.5400519371
0.5418106914
0.5486338139
0.5462856889
0.5406759381
0.5402319431
0.5369387269
0.5298136473
0.5306905508
0.5281714797
0.5321873426
0.5353627205
0.5408772826
0.5409250855
0.5406595469
0.5423358679
0.5413671732
0.5346719027
0.5328930616
0.5304819942
0.525770545
0.5196551681
0.5086354613
0.5053699017
0.5046243072
0.5075438619
0.5143823028
0.5218401551
0.5294472575
0.5392388701
0.5413067937
0.5439563394
0.5545075536
0.5556930304
0.5612652898
0.5587582588
0.5501556993
0.5499128699
0.5503171086
0.552038908
0.5482637286
0.5474208593
0.5574809909
0.566326797
0.5737453103
0.5771687627
0.5712186694
0.5584250689
0.5487568378
0.5460605025
0.5482090712
0.5360357761
0.5406338573
0.5402459502
0.5517891049
0.5563824177
0.5520622134
0.5608183742
0.5744452477
0.5814284682
0.5849523544
0.5809794664
0.5803085566
0.5836061835
0.5899809599
0.5928063989
0.5929077864
0.5902558565
0.5886337757
0.5841100216
0.5783343315
0.5817654729
0.5796396136
0.5802484155
0.5818088055
0.5838156939
0.587249279
0.5795302987
0.5851352811
0.5822132826
0.5879114866
0.591603756
0.5926414728
0.6007392406
0.6017156243
0.6085425019
0.6193600893
0.6304273605
0.5882306695
0.5777756572
0.5799334645
0.5783492327
0.587821722
0.5892637968
0.5928388834
0.5915021896
0.5943723321
0.5977474451
0.6016179919
0.6076908708
0.6126753688
0.6217773557
0.6294813752
0.6299034357
0.6274884939
0.62010777
0.6149253845
0.6106674075
0.6024003625
0.5985106826
0.6032547951
0.603068769
0.6041232944
0.6164173484
0.6284242272
0.6350857615
0.6446136236
0.6539618969
0.6543111205
0.6652805805
0.6749260426
0.6715316772
0.6658393145
0.668664813
0.6691879034
0.6657169461
0.6652213931
0.6690031886
0.679997921
0.6846656799
0.6915194988
0.6988701224
0.6973450184
0.6948025823
0.7000504732
0.7070173621
0.7009067535
0.7091457844
0.7118051052
0.7050461769
0.7130540609
0.7211706042
0.7219989896
0.720268786
0.7205207348
0.7185125947
0.7208229899
0.7188372612
0.7195701599
0.7155496478
0.7007830739
0.7021478415
0.7055191994
0.7045371532
0.7039138675
0.7080179453
0.7130101323
0.720199883
0.7142155766
0.7065033317
0.7061030269
0.7074978948
0.7145540714
0.7143732309
0.7173742056
0.7232084274
0.7298375368
0.7356956601
0.7426399589
0.7386910319
0.7362393737
0.7347361445
0.7342947125
0.733214736
0.7283684015
0.7252752781
0.7224942446
0.7196406126
0.7204869986
0.7227053642
0.7266648412
0.7312573791
0.7396436334
0.7345430851
0.7273694277
0.7329806089
0.7311656475
0.7299127579
0.7333968878
0.7295219302
0.7367085218
0.7441475391
0.7469923496
0.7532641292
0.7553673387
0.7587949038
0.76456815
0.7674019337
0.7671997547
0.7545548677
0.7520208359
0.7422077656
0.7418870926
0.7394765615
0.7445147038
0.7452859879
0.7495261431
0.7570322752
0.7651558518
0.775734961
0.7750442624
0.7735369802
0.7755343914
0.7817372084
0.7870021462
0.7886407375
0.79069525
0.7882819176
0.783904016
0.7835437059
0.7818737626
0.7748174667
0.7684842944
0.7741891146
0.7874346375
0.7982949018
0.8040668964
0.8092842698
0.8190454245
0.8264452219
0.8256120682
0.8323709965
0.8313322663
0.8351321816
0.8382934928
0.8401901722
0.8417570591
0.8456549644
0.8479827642
0.8535882831
0.8520210981
0.8572669625
0.8603186011
0.8604061604
0.8617509604
0.8577350378
0.8499593735
0.8518459201
0.8497738242
0.8665522337
0.8778246641
0.8867602348
0.8957534432
0.9005666971
0.8998923302
0.898619175
0.9023846984
0.898129344
0.8929342628
0.8950460553
0.8959960341
0.8927915096
0.8904033303
0.8937559128
0.890504241
0.8877694011
0.880739212
0.8648583889
0.8509525061
0.8364345431
0.8248393536
0.818282187
0.8127391338
0.816906631
0.8294233084
0.8389571905
0.8408479691
0.8455860615
0.8477573395
0.8561059833
0.8633891344
0.8675485849
0.8725706935
0.8862677217
0.902921617
0.9146106243
0.9148263335
0.9292469621
0.9364176989
0.9385012984
0.9383019805
0.9398783445
0.938872695
0.9446343184
0.9440173507
0.9431944489
0.9446119666
0.9413496852
0.936696291
0.9395309687
0.9375820756
0.9420759082
0.9345695972
0.9330251217
0.9239937663
0.9177088737
0.9256460071
0.9324998856
0.9339422584
0.9373592734
0.9484655261
0.9504494071
0.9469783902
0.9387776852
0.9321060181
0.9319893122
0.9299721122
0.9342983365
0.9409302473
0.9519741535
0.9499753714
0.9493816495
0.9534692764
0.9634401798
0.9642288089
0.9566204548
0.9503580332
0.9578513503
0.9643984437
0.9682466388
0.9627321959
0.9607572556
0.9556789398
0.9515349269
0.9541788101
0.9517108202
0.9518193007
0.9572440386
0.9606841207
0.9582599998
0.9582899809
0.9566789269
0.9531294107
0.9545606375
0.9504097104
0.9411327243
0.9488904476
0.9473931789
0.9469442964
0.9534164667
0.9559079409
0.963950038
0.9692696333
0.9772923589
0.9769168496
0.9665698409
0.9689533114
0.9662605524
0.961221993
0.9649213552
0.9678272009
0.9688962102
0.9757592678
0.9824680686
0.9830282331
0.9841290712
0.9863735437
0.9952955246
0.9900665283
0.9809114933
0.9773167968
0.9734410048
0.9644501209
0.9598884583
0.9674938321
0.9763972163
0.9690923095
0.9804421663
0.9888341427
0.9877072573
0.9886854887
0.9967653751
1.001110196
1.005328417
1.012314439
1.010365725
1.000908852
1.003911614
0.9967505932
0.9947231412
0.9913570881
1.000416756
1.0002985
1.007228494
1.011862397
1.021174192
1.018674612
1.022819877
1.015137434
1.022063255
1.021943688
1.023568273
1.014020443
1.011564255
1.014340401
1.01233089
1.018095136
1.02218914
1.027725697
1.027732491
1.029347301
1.03607893
1.039484143
1.031280994
1.034335971
1.038757324
1.041984439
1.032925129
1.026388764
1.028319955
1.031634569
1.034939528
1.039192677
1.040374279
1.045030594
1.054452777
1.051829219
1.053423882
1.053882003
1.062964678
1.051794529
1.045663476
1.042728186
1.050200105
1.04416883
1.043074846
1.050550222
1.057324529
1.062545061
1.064347863
1.065888166
1.068223
1.068539739
1.06869483
1.081652164
1.072349787
1.073089004
1.073020816
1.077993155
1.070707321
1.068276763
1.074298978
1.068524003
1.073150992
1.071694255
1.068612337
1.056268573
1.057461739
1.049708366
1.035163999
1.046086073
1.049741745
1.050846457
1.054302812
1.062124252
1.064186335
1.072799802
1.071865082
1.081972122
1.081671715
1.086186767
1.091059089
1.092257261
1.107463837
1.108597994
1.109893799
1.101486921
1.107761383
1.103462934
1.112828016
1.117268682
1.113025427
1.116025329
1.118379474
1.12108171
1.124209523
1.124393582
1.114382029
1.115484118
1.113163233
1.119402647
1.123769999
1.129744887
1.129651546
1.130916595
1.129104614
1.133629441
1.131245017
1.129898787
1.126945972
1.131492019
1.128054857
1.130345106
1.132824898
1.135453105
1.136315823
1.138511419
1.138140202
1.140549898
1.140667439
1.138406873
1.141754508
1.136426687
1.143700004
1.154433966
1.160057545
1.17066741
1.172213435
1.168817639
1.162029862
1.160459876
1.154747128
1.147307158
1.145539641
1.151704669
1.160084844
1.164843202
1.162596583
1.159117579
1.159759045
1.16521287
1.165436506
1.162141919
1.171987414
1.172826767
1.16892767
1.172811031
1.159816623
1.157958031
1.165148377
1.163685679
1.162789226
1.169391394
1.170983553
1.167109728
1.171981335
1.176067591
1.179849148
1.173485637
1.177090764
1.186933398
1.181407213
1.176598191
1.174664378
1.171658516
1.170193553
1.168129921
1.162326694
1.163630366
1.160385728
1.164876223
1.164404273
1.172137737
1.168683052
1.171812296
1.175464511
1.181914449
1.184804559
1.179667711
1.180719614
1.179363132
1.18257606
1.179089904
1.175590515
1.178087473
1.182131171
1.181779861
1.186545014
1.179128885
1.175582528
1.175081253
1.172697544
1.16204989
1.165385842
1.163736343
1.168252707
1.169300079
1.173921943
1.186815739
1.188607931
1.190481544
1.188639998
1.188436508
1.193138361
1.192636967
1.190021396
1.188665271
1.190981507
1.186285496
1.185832024
1.19052422
1.19012773
1.197164536
1.200532079
1.211444259
1.216396213
1.219970465
1.214128971
1.210964084
1.213927984
1.213543177
1.209566832
1.208235502
1.207362294
1.207782507
1.20825541
1.211450696
1.212960362
1.212388277
1.216434121
1.215744972
1.214676142
1.217275977
1.213081002
1.208508849
1.205335855
1.196363926
1.19937098
1.199030399
1.201773763
1.195228338
1.194046378
1.19823873
1.199926496
1.198935986
1.199261665
1.202814698
1.214217901
1.219702005
1.216912866
1.212669134
1.212218404
1.21652174
1.216929436
1.217673421
1.214934111
1.203975081
1.199399948
1.201756716
1.205793738
1.206995249
1.211628675
1.222680688
1.229820251
1.22534132
1.220326662
1.216428161
1.204501748
1.202624202
1.20504868
1.209668994
1.214206576
1.217552781
1.217905998
1.214287519
1.217268229
1.217875242
1.215614915
1.2111727
1.200283408
1.199908972
1.199358344
1.19295311
1.185698867
1.191922188
1.198659301
1.210101604
1.222102404
1.227599144
1.228460431
1.235025525
1.231613636
1.229228735
1.235848188
1.22996974
1.223205686
1.221722484
1.22108674
1.213793516
1.213968039
1.209191084
1.207639813
1.196785569
1.199782133
1.196511865
1.198780894
1.189501643
1.198122382
1.203235626
1.212997556
1.213370085
1.21708262
1.218628526
1.22406292
1.219635129
1.213055491
1.211946845
1.216935754
1.213147998
1.213567972
1.212071776
1.231904864
1.23058331
1.233100891
1.223275781
1.228598118
1.224620223
1.223544717
1.209889412
1.214207172
1.214058161
1.205451846
1.194868803
1.188707948
1.193550467
1.205744028
1.205111146
1.208692193
1.198279262
1.212184191
1.220821261
1.226371408
1.229266405
1.235633254
1.240789652
1.249826312
1.247977734
1.25519681
1.258563638
1.268654585
1.267604947
1.266771197
1.263576508
1.265197635
1.261057138
1.260525942
1.256263137
1.248621941
1.250810504
1.256406665
1.259874225
1.256726503
1.253305078
1.244154334
1.247562647
1.246135712
1.249943614
1.256263971
1.250601768
1.23957181
1.231106758
1.23227632
1.236425281
1.242127419
1.238394856
1.242035866
1.241266131
1.238715887
1.234240413
1.234042168
1.235979199
1.232551336
1.242394924
1.239486217
1.24269712
1.248942494
1.261830688
1.264695525
1.256520391
1.252184987
1.252323866
1.255264282
1.250701666
1.252794266
1.244206667
1.244448066
1.241675973
1.238998413
1.235474467
1.246858358
1.253225327
1.253885627
1.263566136
1.266044736
1.269513369
1.274260998
1.264865518
1.264865518
