1.057711
1.057693
1.057728
1.057914
1.057866
1.057996
1.057995
1.057982
1.057281
1.052771
1.047474
1.037736
1.032241
1.02573
1.017946
1.012405
1.004976
0.997812
0.990999
0.983718
0.974939
0.965724
0.958303
0.952256
0.946296
0.939923
0.933486
0.925888
0.919452
0.911714
0.904313
0.897823
0.890537
0.882357
0.875425
0.868156
0.860561
0.85328
0.846811
0.838978
0.829936
0.821365
0.812262
0.804198
0.796736
0.787773
0.779144
0.771987
0.763903
0.755078
0.747702
0.740786
0.732357
0.724345
0.716457
0.707558
0.69961
0.691666
0.682915
0.674777
0.667532
0.658967
0.650272
0.642907
0.635118
0.626341
0.618142
0.609266
0.600586
0.592554
0.583883
0.574656
0.566398
0.559042
0.549631
0.540765
0.533097
0.52501
0.515755
0.506781
0.497541
0.488325
0.479573
0.47011
0.460403
0.451999
0.443386
0.433463
0.425149
0.417034
0.40766
0.398105
0.389026
0.379595
0.370478
0.362283
0.352179
0.343148
0.33514
0.32574
0.31594
0.307987
0.298621
0.288505
0.278901
0.2692
0.259562
0.251094
0.242349
0.23277
0.224704
0.216143
0.205724
0.196055
0.187776
0.178306
0.169069
0.159911
0.150282
0.141305
0.132572
0.123383
0.114229
0.106537
0.096571
0.086509
0.077593
0.067674
0.058273
0.049106
0.040169
0.030766
0.02167
0.012789
0.002504
-0.006873
-0.0165
-0.026375
-0.037398
-0.039574
-0.049326
-0.055664
-0.063916
-0.071855
-0.080017
-0.08807
-0.096705
-0.109276
-0.121748
-0.13399
-0.14579
-0.157234
-0.168159
-0.178272
-0.188291
-0.197085
-0.206065
-0.214597
-0.223446
-0.232646
-0.240952
-0.249293
-0.25872
-0.268242
-0.276575
-0.285799
-0.295546
-0.30447
-0.313862
-0.323586
-0.332175
-0.341214
-0.350877
-0.359311
-0.367553
-0.377329
-0.387117
-0.396087
-0.404971
-0.414204
-0.422594
-0.430692
-0.438762
-0.446766
-0.456525
-0.466108
-0.474568
-0.483049
-0.492452
-0.500734
-0.508511
-0.517568
-0.526378
-0.534785
-0.54345
-0.552469
-0.561548
-0.571203
-0.580553
-0.588729
-0.597707
-0.606996
-0.615212
-0.622815
-0.631605
-0.639882
-0.647632
-0.656369
-0.664463
-0.673043
-0.681796
-0.68964
-0.697025
-0.705542
-0.714097
-0.721046
-0.72921
-0.737747
-0.745564
-0.753901
-0.762129
-0.770557
-0.779158
-0.787057
-0.794356
-0.801849
-0.809795
-0.816827
-0.824242
-0.83201
-0.839706
-0.847376
-0.854853
-0.862315
-0.870437
-0.878104
-0.885912
-0.89317
-0.900886
-0.908181
-0.914535
-0.921859
-0.928966
-0.937131
-0.944372
-0.951907
-0.959214
-0.966875
-0.974402
-0.981716
-0.9893
-0.99716
-1.005037
-1.01272
-1.019448
-1.027162
-1.031116
-1.0356
-1.041074
-1.046922
-1.052717
-1.058026
-1.06262
-1.06873
-1.074779
-1.081184
-1.087564
-1.094455
-1.10095
-1.108128
-1.114705
-1.121107
-1.127965
-1.134235
-1.14084
-1.149362
-1.153138
-1.159726
-1.165074
-1.171087
-1.177457
-1.183826
-1.189695
-1.195333
-1.201333
-1.207482
-1.213003
-1.218396
-1.224056
-1.230337
-1.236084
-1.240937
-1.246734
-1.251991
-1.257326
-1.262315
-1.267137
-1.271714
-1.276372
-1.28105
-1.285224
-1.29047
-1.29558
-1.299982
-1.304517
-1.30916
-1.313968
-1.318024
-1.322185
-1.326026
-1.330154
-1.334728
-1.338566
-1.342277
-1.346896
-1.35099
-1.354571
-1.357774
-1.361644
-1.365104
-1.36801
-1.371124
-1.374571
-1.378417
-1.382063
-1.385114
-1.388268
-1.392122
-1.395492
-1.398277
-1.401313
-1.404895
-1.407854
-1.410323
-1.413236
-1.41611
-1.419222
-1.422389
-1.425011
-1.427795
-1.431165
-1.433817
-1.435491
-1.438063
-1.440762
-1.442504
-1.444438
-1.4464
-1.448155
-1.450552
-1.452937
-1.454887
-1.457215
-1.459475
-1.461046
-1.462244
-1.464504
-1.466386
-1.467353
-1.469019
-1.470755
-1.472337
-1.474072
-1.475033
-1.475762
-1.477123
-1.478207
-1.478934
-1.479793
-1.481252
-1.48206
-1.482891
-1.484366
-1.485329
-1.485913
-1.486666
-1.487443
-1.487751
-1.488317
-1.488345
-1.488042
-1.488578
-1.489193
-1.489327
-1.489397
-1.489528
-1.489683
-1.489387
-1.489347
-1.488856
-1.488435
-1.488206
-1.487139
-1.486251
-1.486088
-1.485619
-1.484793
-1.484286
-1.483983
-1.483419
-1.482332
-1.481727
-1.481051
-1.48033
-1.479404
-1.477743
-1.476567
-1.475757
-1.474407
-1.472848
-1.471432
-1.470148
-1.468409
-1.466813
-1.465158
-1.463388
-1.461512
-1.459594
-1.457108
-1.455284
-1.453744
-1.451346
-1.449444
-1.447749
-1.445706
-1.443255
-1.441126
-1.438719
-1.436244
-1.434041
-1.431388
-1.42853
-1.425799
-1.423515
-1.420631
-1.418213
-1.415889
-1.412641
-1.409489
-1.406568
-1.402982
-1.400146
-1.396697
-1.392937
-1.38944
-1.386605
-1.383276
-1.379384
-1.376275
-1.37302
-1.368995
-1.365189
-1.361166
-1.357669
-1.354149
-1.350586
-1.346373
-1.342162
-1.33848
-1.334042
-1.329623
-1.32598
-1.321107
-1.316395
-1.31218
-1.30708
-1.302801
-1.298796
-1.294501
-1.289771
-1.285371
-1.281093
-1.276086
-1.271434
-1.267068
-1.261974
-1.256909
-1.251908
-1.24645
-1.241669
-1.237081
-1.232023
-1.226838
-1.221924
-1.216178
-1.210482
-1.205238
-1.199856
-1.193882
-1.18847
-1.182595
-1.176756
-1.171411
-1.165801
-1.160064
-1.154525
-1.148877
-1.142484
-1.136672
-1.130951
-1.124568
-1.118304
-1.111982
-1.104808
-1.097981
-1.091318
-1.084214
-1.077804
-1.072241
-1.065293
-1.060557
-1.052491
-1.045214
-1.033599
-1.029894
-1.022812
-1.01653
-1.010268
-1.003802
-0.997229
-0.990826
-0.984809
-0.977237
-0.970316
-0.96387
-0.956992
-0.949697
-0.943284
-0.936614
-0.929584
-0.922947
-0.917173
-0.908435
-0.900838
-0.892638
-0.884159
-0.875838
-0.868892
-0.861212
-0.853184
-0.846413
-0.838767
-0.830504
-0.82272
-0.814983
-0.80674
-0.799318
-0.791232
-0.782447
-0.774702
-0.768014
-0.759902
-0.75184
-0.74471
-0.736496
-0.727968
-0.720436
-0.712332
-0.704462
-0.697008
-0.688193
-0.679418
-0.671675
-0.663832
-0.654746
-0.646683
-0.639744
-0.630909
-0.62162
-0.613433
-0.6046
-0.596236
-0.587664
-0.578377
-0.569841
-0.561296
-0.552333
-0.543019
-0.535663
-0.527715
-0.518634
-0.509899
-0.501366
-0.49208
-0.483286
-0.474528
-0.465237
-0.456414
-0.448162
-0.438921
-0.429503
-0.421837
-0.413222
-0.403444
-0.394592
-0.38582
-0.376582
-0.3673
-0.358062
-0.348804
-0.340327
-0.331479
-0.321818
-0.313362
-0.305707
-0.295869
-0.286098
-0.277754
-0.268496
-0.259334
-0.250457
-0.241276
-0.231757
-0.222973
-0.213096
-0.203292
-0.194983
-0.184797
-0.174872
-0.165877
-0.155821
-0.14598
-0.137378
-0.128193
-0.118937
-0.110702
-0.101621
-0.091058
-0.081857
-0.072693
-0.062258
-0.051441
-0.041863
-0.031532
-0.025717
-0.017422
-0.009423
-0.001515
0.006659
0.015493
0.023428
0.033812
0.044686
0.057252
0.067862
0.079299
0.089674
0.099419
0.108467
0.117919
0.126706
0.136103
0.14516
0.154274
0.162383
0.171752
0.181198
0.189604
0.198863
0.208742
0.217781
0.226944
0.236621
0.244482
0.254148
0.264253
0.273435
0.282182
0.291405
0.300976
0.30987
0.318392
0.327883
0.336628
0.345985
0.354845
0.362435
0.37231
0.382513
0.390698
0.399593
0.409433
0.418249
0.425967
0.434958
0.444114
0.452831
0.462059
0.471034
0.479251
0.488959
0.498381
0.506434
0.515093
0.524622
0.532705
0.540508
0.549369
0.557854
0.56689
0.57599
0.584289
0.592952
0.602545
0.61084
0.617625
0.626271
0.634744
0.641807
0.649771
0.658963
0.667377
0.675714
0.683454
0.691358
0.700517
0.708932
0.716699
0.72453
0.732095
0.739621
0.747703
0.755623
0.764529
0.77279
0.780953
0.788581
0.796385
0.804382
0.812164
0.819469
0.827404
0.835082
0.842709
0.850171
0.858257
0.867065
0.874922
0.882919
0.890372
0.898361
0.906058
0.913516
0.921345
0.930625
0.940541
0.948786
0.955362
0.96232
0.965765
0.971661
0.978477
0.984126
0.991086
0.997447
1.003492
1.010375
1.017212
1.024245
1.031533
1.039273
1.045319
1.051241
1.059135
1.065459
1.070873
1.076802
1.081447
1.086147
1.092028
1.097892
1.103677
1.109623
1.116086
1.122588
1.128327
1.13398
1.141037
1.147683
1.154783
1.161729
1.168938
1.175696
1.182593
1.188557
1.19416
1.200427
1.206051
1.211272
1.216344
1.221682
1.226775
1.231807
1.236569
1.241917
1.247836
1.252775
1.257564
1.262133
1.266566
1.271482
1.276284
1.280638
1.285392
1.29067
1.295116
1.29938
1.304347
1.309493
1.313662
1.317501
1.321452
1.325354
1.329021
1.332681
1.336292
1.340624
1.344989
1.348406
1.352
1.356179
1.359969
1.362881
1.366254
1.370068
1.373298
1.376922
1.380165
1.383254
1.386817
1.390212
1.393089
1.396079
1.399512
1.402056
1.404099
1.406745
1.409358
1.411762
1.414419
1.416693
1.419529
1.422694
1.425344
1.427669
1.43035
1.43337
1.435371
1.437004
1.439172
1.441229
1.44322
1.445268
1.447617
1.449875
1.452196
1.453938
1.455256
1.457215
1.458685
1.459428
1.460573
1.461652
1.462939
1.464345
1.46587
1.467742
1.469092
1.47038
1.471339
1.471856
1.473119
1.473552
1.473741
1.474676
1.475556
1.476162
1.476951
1.477711
1.478409
1.478395
1.478252
1.478311
1.478097
1.478371
1.477931
1.477426
1.477259
1.477966
1.478479
1.478863
1.478704
1.478487
1.478149
1.477591
1.476749
1.476653
1.476379
1.47521
1.474229
1.473821
1.473117
1.47187
1.470981
1.470058
1.468986
1.467644
1.465885
1.464284
1.463339
1.461946
1.460245
1.458977
1.457997
1.456338
1.454678
1.453331
1.452073
1.45039
1.448703
1.446396
1.44437
1.442718
1.440319
1.437686
1.435651
1.433854
1.431217
1.428653
1.426531
1.424056
1.421163
1.418271
1.415117
1.412658
1.410169
1.407334
1.404612
1.402262
1.399458
1.395961
1.392698
1.390229
1.38708
1.38358
1.38011
1.376189
1.373277
1.370263
1.366673
1.363221
1.359945
1.355925
1.351627
1.347733
1.343649
1.339726
1.336402
1.332132
1.328117
1.324756
1.321042
1.316663
1.312796
1.308791
1.303684
1.299056
1.294752
1.290409
1.286777
1.282364
1.277807
1.27312
1.268929
1.264038
1.259372
1.255025
1.249618
1.244389
1.239753
1.234653
1.229791
1.225259
1.219852
1.213811
1.20813
1.203049
1.19696
1.191473
1.186256
1.180006
1.173764
1.167302
1.162166
1.157388
1.151582
1.145685
1.140356
1.135324
1.128847
1.122619
1.11706
1.110778
1.103999
1.098006
1.091728
1.08467
1.078877
1.072437
1.065133
1.059418
1.052743
1.046393
1.039084
1.033089
1.025395
1.017982
1.011355
1.004649
0.996802
0.989888
0.983488
0.975188
0.967934
0.959953
0.951572
0.945495
0.940381
0.933419
0.926096
0.919565
0.912007
0.904956
0.898025
0.891174
0.883678
0.876942
0.869508
0.862629
0.856474
0.848017
0.8397
0.831005
0.822137
0.81387
0.805605
0.798263
0.79011
0.781855
0.773955
0.765045
0.75691
0.749799
0.741742
0.733434
0.726478
0.718458
0.709761
0.70208
0.694625
0.686319
0.677989
0.670142
0.661436
0.653276
0.645381
0.636655
0.628484
0.620756
0.61219
0.603134
0.595294
0.58701
0.578171
0.569592
0.561152
0.55235
0.544116
0.535826
0.526646
0.517998
0.510284
0.501113
0.491376
0.483295
0.474792
0.4655
0.45588
0.44683
0.437542
0.428618
0.419413
0.409915
0.401897
0.393554
0.383227
0.374619
0.366893
0.357118
0.347504
0.338547
0.329097
0.319775
0.311313
0.301809
0.292573
0.284206
0.274494
0.263984
0.255647
0.24666
0.23665
0.227618
0.218234
0.208177
0.199479
0.190695
0.181143
0.173319
0.164843
0.154361
0.144849
0.136162
0.127086
0.117713
0.109245
0.100416
0.091119
0.082096
0.072233
0.063147
0.05473
0.044909
0.0348
0.025493
0.016058
0.005941
-0.003884
-0.0137
-0.027193
-0.031006
-0.037628
-0.045841
-0.05164
-0.060438
-0.068123
-0.076418
-0.084332
-0.092489
-0.103847
-0.116192
-0.128615
-0.139728
-0.151216
-0.162288
-0.173344
-0.183087
-0.192543
-0.202307
-0.21174
-0.220435
-0.229407
-0.23852
-0.246779
-0.255298
-0.263864
-0.272751
-0.281831
-0.290831
-0.299691
-0.309596
-0.319896
-0.328631
-0.337429
-0.346947
-0.355768
-0.364147
-0.37293
-0.382081
-0.391202
-0.401927
-0.410694
-0.419406
-0.428487
-0.437646
-0.445641
-0.453761
-0.462881
-0.471719
-0.480062
-0.488374
-0.496261
-0.505384
-0.514798
-0.522959
-0.531595
-0.541269
-0.55057
-0.558602
-0.56735
