1.068782
1.068791
1.068793
1.068548
1.068562
1.068826
1.068808
1.068782
1.069381
1.073809
1.080162
1.0896
1.096451
1.100657
1.107214
1.114228
1.120269
1.126097
1.131559
1.137443
1.144231
1.150831
1.155575
1.160659
1.165951
1.172043
1.177487
1.184263
1.189967
1.195386
1.201111
1.207121
1.212857
1.219193
1.225479
1.231447
1.237419
1.24273
1.247407
1.25255
1.257658
1.262357
1.266867
1.27144
1.276041
1.281517
1.286773
1.290962
1.295782
1.301146
1.30556
1.308892
1.313774
1.318679
1.322955
1.32747
1.332529
1.337332
1.341635
1.345707
1.349559
1.353844
1.358315
1.361681
1.364574
1.368674
1.372519
1.376003
1.379904
1.384075
1.387826
1.391568
1.395234
1.398447
1.402163
1.405777
1.408537
1.411614
1.415725
1.419077
1.422018
1.425329
1.428723
1.431754
1.434674
1.437075
1.439056
1.44217
1.44418
1.446032
1.449184
1.452434
1.454946
1.457273
1.460074
1.462827
1.465
1.467609
1.469673
1.471692
1.474053
1.475766
1.477243
1.479935
1.482217
1.483768
1.485428
1.486897
1.488327
1.489306
1.490402
1.491039
1.492459
1.493373
1.493862
1.494684
1.496265
1.497149
1.497665
1.498693
1.499892
1.50048
1.501244
1.501648
1.502009
1.502891
1.503175
1.503477
1.504022
1.50508
1.505174
1.504966
1.505333
1.505445
1.505226
1.504947
1.504552
1.504334
1.504443
1.503901
1.503381
1.503821
1.503381
1.50244
1.502009
1.500432
1.500737
1.499734
1.498756
1.497834
1.497043
1.496331
1.495035
1.493579
1.493108
1.492183
1.490333
1.48904
1.488003
1.486319
1.484902
1.483462
1.482062
1.48065
1.479065
1.47684
1.475328
1.473928
1.471522
1.468873
1.4672
1.465231
1.463
1.460867
1.458764
1.456505
1.45392
1.451373
1.448252
1.446035
1.443427
1.440261
1.437693
1.435333
1.431951
1.428971
1.426277
1.423674
1.420649
1.417626
1.414448
1.41076
1.408121
1.404863
1.401301
1.398128
1.394622
1.390385
1.386522
1.383112
1.379412
1.375641
1.37196
1.367934
1.363779
1.360147
1.355949
1.351716
1.348064
1.343789
1.338763
1.334653
1.330515
1.326115
1.321938
1.318004
1.312932
1.308357
1.303782
1.2987
1.294135
1.28991
1.2848
1.279961
1.275539
1.270521
1.26563
1.260896
1.255059
1.24953
1.244558
1.238944
1.233371
1.228525
1.223503
1.217872
1.21236
1.207303
1.20169
1.196378
1.191047
1.184686
1.17953
1.173443
1.167272
1.161213
1.156173
1.150112
1.143501
1.137442
1.130759
1.124229
1.117572
1.110648
1.104875
1.099454
1.09518
1.088337
1.081737
1.075398
1.068592
1.0621
1.055713
1.048377
1.042422
1.035354
1.027835
1.020872
1.014234
1.006149
0.998147
0.991017
0.983561
0.975854
0.968018
0.957317
0.952819
0.945037
0.938917
0.931473
0.924819
0.918014
0.91054
0.903024
0.896307
0.888516
0.881057
0.873449
0.865629
0.857562
0.850157
0.843039
0.836144
0.828293
0.819787
0.810974
0.80289
0.795598
0.787711
0.779713
0.772095
0.763096
0.754883
0.746751
0.738267
0.730334
0.722296
0.714187
0.705413
0.697505
0.689434
0.68023
0.67186
0.663666
0.654132
0.645686
0.637216
0.62875
0.62064
0.612676
0.604078
0.595573
0.587903
0.578905
0.569933
0.562248
0.553348
0.543818
0.535185
0.527026
0.517944
0.5095
0.500939
0.492328
0.484148
0.475896
0.46668
0.457736
0.449623
0.44041
0.430528
0.421767
0.413315
0.403821
0.395301
0.386668
0.377227
0.368589
0.359904
0.350031
0.341353
0.333505
0.323691
0.313369
0.305148
0.295722
0.285929
0.276701
0.266482
0.257067
0.24773
0.237421
0.227106
0.218655
0.210271
0.200634
0.191586
0.183619
0.17511
0.165758
0.157413
0.148092
0.13866
0.129133
0.118789
0.109425
0.101134
0.091551
0.081669
0.072704
0.063515
0.054271
0.045492
0.035625
0.026017
0.017034
0.007574
-0.002397
-0.011693
-0.021718
-0.02925
-0.039897
-0.044931
-0.054945
-0.064376
-0.073466
-0.083421
-0.092125
-0.100965
-0.111274
-0.120443
-0.130416
-0.138874
-0.148823
-0.158003
-0.166688
-0.176616
-0.185694
-0.195021
-0.204823
-0.214462
-0.223539
-0.23287
-0.241859
-0.249166
-0.25804
-0.267977
-0.276556
-0.286342
-0.296185
-0.305323
-0.31496
-0.32436
-0.332689
-0.34201
-0.351541
-0.359724
-0.367619
-0.377123
-0.386478
-0.395187
-0.405132
-0.41543
-0.424621
-0.433698
-0.441986
-0.450148
-0.459458
-0.468408
-0.476207
-0.484633
-0.493629
-0.501885
-0.510098
-0.519185
-0.527709
-0.536296
-0.545367
-0.553974
-0.562251
-0.571472
-0.580042
-0.587679
-0.596883
-0.606663
-0.614677
-0.622905
-0.632181
-0.640088
-0.647977
-0.656249
-0.663542
-0.671643
-0.680942
-0.688252
-0.696566
-0.705518
-0.713656
-0.721622
-0.730227
-0.738823
-0.746816
-0.754807
-0.762445
-0.770161
-0.778413
-0.786267
-0.794159
-0.802675
-0.810895
-0.818227
-0.825647
-0.833407
-0.8408
-0.848155
-0.85556
-0.862742
-0.870397
-0.878093
-0.885909
-0.893832
-0.901775
-0.909641
-0.917033
-0.924063
-0.931866
-0.93905
-0.946509
-0.95363
-0.96088
-0.968765
-0.975803
-0.982939
-0.990509
-0.998373
-1.005966
-1.012822
-1.019404
-1.027208
-1.034093
-1.036736
-1.044131
-1.050654
-1.06219
-1.06501
-1.070176
-1.075494
-1.081857
-1.088028
-1.093146
-1.098907
-1.105121
-1.111434
-1.117397
-1.12277
-1.130166
-1.136931
-1.143037
-1.148882
-1.155367
-1.161583
-1.167134
-1.172769
-1.178109
-1.184084
-1.189894
-1.195592
-1.200863
-1.206485
-1.212248
-1.217115
-1.222464
-1.228256
-1.233526
-1.237909
-1.243277
-1.248563
-1.253386
-1.258399
-1.263059
-1.267517
-1.272451
-1.27702
-1.281093
-1.285603
-1.290648
-1.294552
-1.298297
-1.302998
-1.307629
-1.312182
-1.316592
-1.32094
-1.325379
-1.329894
-1.333726
-1.336914
-1.341027
-1.345452
-1.348815
-1.35223
-1.356651
-1.360425
-1.363814
-1.367158
-1.370519
-1.374047
-1.377642
-1.380364
-1.382931
-1.386779
-1.389781
-1.392153
-1.395594
-1.399645
-1.402661
-1.405272
-1.408156
-1.41077
-1.41355
-1.416464
-1.418563
-1.421308
-1.424246
-1.426758
-1.428602
-1.431362
-1.434286
-1.436375
-1.438234
-1.440182
-1.442291
-1.444214
-1.445737
-1.446689
-1.449216
-1.451371
-1.452652
-1.454061
-1.456002
-1.458045
-1.459012
-1.460775
-1.46235
-1.463718
-1.465246
-1.466327
-1.467424
-1.469192
-1.470339
-1.471037
-1.47213
-1.473533
-1.474373
-1.474612
-1.475076
-1.475417
-1.475898
-1.476108
-1.476265
-1.476907
-1.47791
-1.478225
-1.478023
-1.478516
-1.479104
-1.478679
-1.478733
-1.478848
-1.478405
-1.479091
-1.48025
-1.479608
-1.479068
-1.479108
-1.478396
-1.477166
-1.476912
-1.476388
-1.475015
-1.474361
-1.473597
-1.472542
-1.471509
-1.470398
-1.469447
-1.469102
-1.468222
-1.466432
-1.465159
-1.46449
-1.462649
-1.460691
-1.459664
-1.458263
-1.456771
-1.455069
-1.453357
-1.45146
-1.449739
-1.447579
-1.444998
-1.442859
-1.440867
-1.438189
-1.436221
-1.434415
-1.431765
-1.429163
-1.426786
-1.424131
-1.421501
-1.419156
-1.416671
-1.413635
-1.41117
-1.408672
-1.405552
-1.403019
-1.400788
-1.397235
-1.393844
-1.390566
-1.386876
-1.383671
-1.380403
-1.376639
-1.372924
-1.369764
-1.365807
-1.361818
-1.358455
-1.354973
-1.350546
-1.346787
-1.343394
-1.339312
-1.335736
-1.33207
-1.327867
-1.323878
-1.319764
-1.315126
-1.310858
-1.306733
-1.302634
-1.298099
-1.293765
-1.289073
-1.284628
-1.280277
-1.274875
-1.270228
-1.265337
-1.260671
-1.255488
-1.251131
-1.246759
-1.241643
-1.236624
-1.231718
-1.226409
-1.221593
-1.216022
-1.210193
-1.204811
-1.199215
-1.193348
-1.187385
-1.182497
-1.177077
-1.171179
-1.165698
-1.159491
-1.152993
-1.146176
-1.140058
-1.134601
-1.130196
-1.127728
-1.121776
-1.114388
-1.108134
-1.100891
-1.094309
-1.087077
-1.079181
-1.072305
-1.064915
-1.057058
-1.048869
-1.042302
-1.035681
-1.02829
-1.022495
-1.017633
-1.010754
-1.005385
-0.999249
-0.992757
-0.98695
-0.980178
-0.973349
-0.967493
-0.961207
-0.954024
-0.948611
-0.942576
-0.935032
-0.926425
-0.91915
-0.910022
-0.901451
-0.893148
-0.885299
-0.877172
-0.869343
-0.861917
-0.853766
-0.846162
-0.838589
-0.830907
-0.823134
-0.815648
-0.807349
-0.799092
-0.791281
-0.783305
-0.775504
-0.768232
-0.760633
-0.751897
-0.744125
-0.736114
-0.727391
-0.719234
-0.711314
-0.70236
-0.694042
-0.686231
-0.677821
-0.669498
-0.662233
-0.653809
-0.64571
-0.638046
-0.628766
-0.619644
-0.611596
-0.603265
-0.594596
-0.58647
-0.57847
-0.569755
-0.561623
-0.553786
-0.544429
-0.535561
-0.526811
-0.517224
-0.508559
-0.500189
-0.491291
-0.482015
-0.473629
-0.464785
-0.455478
-0.447216
-0.438379
-0.429151
-0.421021
-0.411484
-0.401314
-0.392519
-0.383634
-0.374327
-0.364838
-0.356624
-0.347571
-0.338881
-0.330614
-0.321283
-0.312319
-0.30348
-0.293445
-0.283347
-0.274523
-0.265757
-0.256657
-0.248222
-0.238911
-0.229454
-0.220979
-0.211418
-0.201666
-0.193067
-0.183628
-0.173926
-0.163915
-0.154946
-0.145995
-0.136445
-0.127652
-0.118453
-0.109
-0.099938
-0.090229
-0.080141
-0.070012
-0.058557
-0.049294
-0.044647
-0.034358
-0.025743
-0.01677
-0.007842
0.00132
0.009779
0.019729
0.02929
0.03916
0.048799
0.058223
0.068616
0.077955
0.086461
0.09648
0.105753
0.114464
0.124723
0.134252
0.143152
0.153388
0.162604
0.170829
0.180738
0.190677
0.198817
0.207912
0.217714
0.226321
0.235649
0.245395
0.254236
0.263325
0.272568
0.280556
0.288556
0.298842
0.30807
0.316108
0.326448
0.336197
0.344436
0.353697
0.36317
0.372093
0.380964
0.390062
0.397423
0.405549
0.41541
0.423552
0.432779
0.442719
0.452117
0.460412
0.469324
0.478461
0.487048
0.496417
0.505445
0.513572
0.523087
0.532556
0.540384
0.549937
0.559462
0.567939
0.575903
0.584703
0.593481
0.601251
0.610375
0.618013
0.626635
0.636129
0.643622
0.652294
0.661262
0.669941
0.677955
0.68619
0.694916
0.703064
0.711729
0.720117
0.727702
0.736577
0.744115
0.752317
0.760394
0.769334
0.777003
0.784367
0.792128
0.799649
0.807527
0.815329
0.822654
0.830728
0.839235
0.847162
0.855214
0.864036
0.872492
0.880189
0.887559
0.895531
0.90334
0.911754
0.920343
0.929344
0.936883
0.943958
0.951384
0.957958
0.965449
0.971661
0.978291
0.984565
0.990954
0.997503
1.004301
1.010451
1.017
1.023681
1.030143
1.036235
1.041783
1.047625
1.055323
1.062574
1.06976
1.076643
1.083242
1.090251
1.096141
1.102383
1.110033
1.116774
1.122318
1.128733
1.133884
1.138147
1.143644
1.149164
1.154643
1.160229
1.166565
1.172439
1.178987
1.184915
1.190857
1.196207
1.202644
1.208488
1.214167
1.22041
1.22639
1.232067
1.23775
1.243054
1.248198
1.25325
1.258164
1.262023
1.266337
1.271699
1.276282
1.280766
1.285629
1.290315
1.29515
1.299845
1.304233
1.308888
1.31385
1.318299
1.321996
1.326488
1.331558
1.335387
1.339539
1.344135
1.348732
1.352699
1.356398
1.359958
1.363695
1.367689
1.370998
1.373845
1.378019
1.381844
1.385235
1.388762
1.392721
1.396499
1.399757
1.403245
1.406426
1.409633
1.413479
1.416153
1.418907
1.422983
1.426001
1.428441
1.431162
1.433925
1.436578
1.439106
1.441367
1.443486
1.446645
1.449029
1.450621
1.453528
1.456698
1.459124
1.461151
1.463659
1.465844
1.46764
1.469676
1.471432
1.473488
1.475946
1.47754
1.478703
1.480583
1.482391
1.483312
1.484303
1.485476
1.486457
1.487216
1.487901
1.488423
1.489602
1.49068
1.491287
1.491737
1.493236
1.494217
1.494407
1.495178
1.496077
1.496432
1.497032
1.497486
1.497856
1.49845
1.498658
1.49864
1.498871
1.49964
1.499561
1.498981
1.498771
1.498635
1.498106
1.497663
1.497211
1.496982
1.496648
1.494928
1.494784
1.495161
1.494705
1.493874
1.492667
1.491932
1.4909
1.489379
1.488479
1.487842
1.486981
1.486014
1.484702
1.483256
1.482545
1.481114
1.478941
1.477622
1.47623
1.474154
1.472512
1.471011
1.469173
1.4675
1.46553
1.46329
1.461295
1.459561
1.456928
1.454459
1.452451
1.450227
1.447494
1.445
1.442826
1.440291
1.437662
1.435042
1.432028
1.429275
1.426825
1.423536
1.420957
1.41859
1.415204
1.411668
1.408817
1.406011
1.402365
1.398971
1.395733
1.391756
