0
14.719
16.3
11.45
2.801
0.275
3.757
8.89
10.834
10.584
10.026
9.602
9.691
10.016
10.362
10.578
10.628
10.534
10.241
10.136
10.309
10.595
10.526
9.837
8.991
8.584
9.109
10.37
11.728
12.455
12.223
11.607
11.394
11.679
11.739
11.237
10.561
10.221
10.326
10.487
10.78
10.979
11.283
11.55
11.726
11.829
11.796
11.838
11.606
11.009
10.148
9.758
10.201
11.108
11.572
11.17
10.324
9.86
10.248
11.085
11.591
11.256
10.544
10.206
10.46
10.965
11.217
11.078
10.579
10.059
9.982
10.229
10.401
10.216
10.065
10.337
10.856
11.225
11.072
10.691
10.534
10.841
11.183
10.931
10.153
9.456
9.461
10.132
10.927
11.304
11.085
10.628
10.397
10.551
10.873
11.029
10.803
10.269
9.637
9.345
9.621
10.228
10.709
10.631
10.36
10.378
10.86
11.444
11.576
11.152
10.325
9.673
9.723
10.377
11.029
11.102
10.719
10.252
9.88
9.628
9.59
9.828
10.154
10.163
9.822
9.623
10.123
11.367
12.553
13.18
12.981
12.276
11.15
10.084
9.723
10.109
10.82
11.142
11.148
10.945
10.781
10.776
10.911
11.026
10.937
10.785
10.763
10.869
10.941
10.782
10.511
10.457
10.744
11.137
11.168
10.767
10.254
10.036
10.311
10.827
11.075
10.689
9.876
9.345
9.558
10.145
10.138
7.837
2.92
-2.877
-7.279
-9.458
-10.282
-10.287
-9.947
-9.744
-9.957
-10.3
-10.502
-10.489
-10.423
-10.596
-11.11
-11.552
-11.316
-10.569
-9.988
-9.993
-10.315
-10.405
-10.322
-10.236
-10.308
-10.556
-10.86
-11.09
-10.895
-10.254
-9.569
-9.384
-9.862
-10.867
-11.781
-12.146
-11.653
-10.853
-10.456
-10.612
-11.007
-11.159
-10.906
-10.691
-10.96
-11.916
-12.698
-12.662
-11.986
-11.117
-10.496
-10.123
-10.207
-10.6
-11.017
-11.055
-10.526
-9.683
-9.234
-9.547
-10.321
-10.827
-10.767
-10.296
-9.827
-9.755
-10.207
-10.858
-11.179
-10.947
-10.42
-10.058
-10.025
-10.268
-10.642
-10.898
-10.88
-10.623
-10.542
-10.886
-11.228
-11.075
-10.383
-9.866
-10.096
-10.742
-11.146
-10.856
-10.214
-9.822
-9.895
-10.397
-10.853
-10.825
-10.226
-9.443
-9.272
-9.868
-10.69
-10.981
-10.578
-10.255
-10.594
-11.364
-11.737
-11.298
-10.532
-10.08
-10.161
-10.364
-10.394
-10.295
-10.323
-10.505
-10.745
-11.051
-11.075
-10.689
-10.073
-9.898
-10.257
-10.631
-10.698
-10.373
-10.024
-9.893
-10.216
-10.687
-10.695
-10.158
-9.541
-9.408
-9.86
-10.65
-11.419
-11.734
-11.402
-10.833
-10.944
-11.927
-12.926
-12.708
-11.373
-10.245
-10.11
-10.798
-11.252
-11.338
-11.213
-11.141
-11.093
-11.023
-11.149
-11.302
-11.259
-10.831
-10.105
-9.327
-8.914
-9.244
-10.156
-10.882
-10.812
-10.092
-9.398
-9.151
-9.293
-9.198
-7.747
-4.284
0.128
3.926
6.476
8.245
9.485
10.037
10.124
10.072
10.031
10.169
10.518
10.742
10.497
9.91
9.61
9.874
10.253
10.374
10.178
10.099
10.329
10.696
10.846
10.351
9.485
8.818
8.878
9.838
11.51
12.81
12.783
11.563
10.818
11.322
11.914
11.581
10.38
9.472
9.436
10.028
10.78
11.091
11.249
11.634
12.301
12.671
12.23
11.25
10.326
10.037
10.327
10.738
10.87
10.729
10.592
10.647
10.913
11.39
11.702
11.405
10.551
9.885
10.022
10.741
11.307
11.369
10.914
10.307
9.9
10.016
10.565
10.959
10.828
10.213
9.688
9.621
10.04
10.63
11.05
11.181
11.031
10.778
10.628
10.692
10.807
10.704
10.379
10.019
9.875
9.997
10.38
10.841
11.048
10.863
10.357
9.999
10.074
10.571
11.121
11.18
10.663
9.868
9.479
9.791
10.638
11.399
11.497
10.963
10.335
10.269
10.715
11.064
10.925
10.425
10.165
10.344
10.628
10.689
10.419
10.174
9.937
9.854
9.934
10.1
9.957
9.489
9.656
10.837
12.479
12.944
12.298
11.399
11.009
10.973
10.727
10.812
10.776
10.644
10.255
10.367
10.982
11.288
11.054
10.595
10.646
10.976
11.142
10.832
10.306
10.183
10.667
11.407
11.757
11.352
10.676
10.278
10.499
10.911
11.018
10.615
9.864
9.247
9.177
9.828
10.643
11.024
10.587
9.018
5.657
0.613
-4.554
-8.237
-9.976
-10.29
-9.89
-9.527
-9.676
-10.158
-10.448
-10.54
-10.467
-10.272
-10.204
-10.575
-11.405
-11.909
-11.521
-10.467
-9.533
-9.319
-9.706
-10.464
-11.085
-11.257
-10.818
-10.166
-9.905
-10.188
-10.745
-10.979
-10.725
-10.229
-9.997
-10.406
-11.293
-12
-11.938
-11.161
-10.552
-10.657
-11.073
-11.413
-11.548
-11.82
-11.9
-11.654
-11.523
-11.48
-11.357
-10.773
-10.233
-10.106
-10.373
-10.608
-10.458
-10.032
-9.808
-10.151
-10.595
-10.692
-10.347
-9.976
-9.908
-10.196
-10.648
-10.776
-10.343
-9.751
-9.583
-9.993
-10.659
-11.064
-10.989
-10.616
-10.451
-10.779
-11.151
-11.063
-10.489
-9.93
-9.806
-10.052
-10.391
-10.54
-10.468
-10.375
-10.464
-10.729
-10.937
-10.859
-10.403
-9.759
-9.358
-9.62
-10.4
-11.006
-10.896
-10.298
-9.869
-10.015
-10.685
-11.485
-11.944
-11.709
-10.914
-10.121
-9.806
-10.027
-10.408
-10.633
-10.618
-10.49
-10.361
-10.319
-10.572
-10.916
-11.013
-10.482
-9.795
-9.593
-10.015
-10.556
-10.738
-10.704
-10.59
-10.385
-10.045
-10.076
-10.57
-11.001
-10.67
-9.82
-9.362
-9.771
-10.686
-11.464
-11.716
-11.757
-11.894
-12.239
-12.264
-11.632
-10.895
-10.536
-10.74
-10.97
-11.164
-11.343
-11.349
-11.175
-10.969
-10.974
-11.121
-11.128
-10.71
-9.903
-9.246
-9.343
-9.987
-10.342
-10.032
-9.49
-9.364
-9.727
-10.079
-9.848
-8.713
-6.778
-4.091
-0.352
4.02
7.805
9.69
9.801
9.355
9.416
10.137
10.739
10.68
10.082
9.646
9.693
9.973
10.256
10.366
10.376
10.335
10.387
10.56
10.563
10.127
9.448
9.031
9.225
9.804
10.322
10.787
11.132
11.425
11.424
11.608
12.122
12.488
11.948
10.516
9.277
8.882
9.529
10.543
11.217
11.214
10.994
11.234
11.844
12.267
12.249
11.924
11.374
10.658
10.103
10.077
10.488
10.818
10.801
10.623
10.681
10.964
11.304
11.491
11.413
11.021
10.329
9.798
9.737
10.242
10.939
11.32
11.103
10.388
9.849
10.001
10.647
11.084
10.802
10.188
9.814
10.002
10.574
11.091
11.331
11.126
10.765
10.548
10.609
10.666
10.453
10.236
10.26
10.503
10.636
10.541
10.362
10.258
10.369
10.658
10.808
10.559
9.931
9.451
9.676
10.381
10.887
10.699
10.362
10.456
10.996
11.476
11.616
11.344
10.695
9.965
9.647
9.991
10.617
10.95
10.769
10.411
10.253
10.337
10.262
9.831
9.318
9.215
9.661
10.251
10.806
11.31
11.839
11.919
11.701
11.704
12.091
12.124
11.117
10.053
9.547
9.87
10.257
10.747
11.336
11.415
10.882
10.1
10.017
10.631
11.278
11.407
11.048
10.584
10.354
10.42
10.712
11.035
11.079
10.748
10.303
10.2
10.444
10.723
10.718
10.501
10.097
9.659
9.571
10.034
10.682
10.473
7.964
2.76
-3.424
-8.159
-10.46
-11.091
-10.851
-10.1
-9.455
-9.477
-10.036
-10.627
-10.9
-10.87
-10.752
-10.772
-10.939
-11.04
-10.763
-10.311
-9.915
-9.715
-9.7
-9.842
-10.232
-10.622
-10.971
-11.168
-11.16
-10.91
-10.322
-9.777
-9.656
-10.266
-11.181
-11.513
-11.092
-10.449
-10.432
-11.034
-11.692
-11.838
-11.334
-10.54
-10.443
-11.405
-12.774
-13.206
-12.406
-11.369
-10.719
-10.507
-10.293
-10.09
-9.93
-9.86
-10.034
-10.47
-10.844
-10.86
-10.45
-9.989
-9.754
-9.885
-10.307
-10.767
-10.928
-10.505
-9.781
-9.33
-9.584
-10.38
-11.154
-11.537
-11.333
-10.766
-10.273
-10.221
-10.602
-10.957
-10.91
-10.493
-10.041
-9.921
-10.126
-10.457
-10.736
-10.892
-10.859
-10.612
-10.411
-10.496
-10.785
-10.812
-10.438
-9.923
-9.765
-10.015
-10.483
-10.802
-10.729
-10.34
-9.987
-10.183
-10.928
-11.68
-11.806
-11.156
-10.302
-9.84
-9.901
-10.224
-10.386
-10.371
-10.285
-10.398
-10.8
-11.125
-11.071
-10.623
-10.174
-10.042
-10.086
-10.143
-10.168
-10.23
-10.444
-10.632
-10.653
-10.329
-9.695
-9.281
-9.471
-10.305
-11.192
-11.593
-11.454
-11.055
-10.915
-11.453
-12.338
-12.83
-12.021
-10.404
-9.341
-9.741
-11.161
-12.165
-12.234
-11.694
-11.257
-11.243
-11.485
-11.507
-10.985
-10.086
-9.472
-9.503
-9.921
-10.205
-10.138
-9.983
-9.961
-9.986
-10.017
-10.072
-10.031
-9.462
-8.04
-6.111
-3.717
-0.477
3.537
7.17
9.095
9.454
9.264
9.364
9.893
10.563
11.003
10.882
10.391
9.891
9.726
9.829
10.094
10.429
10.628
10.578
10.309
10.151
10.17
10.136
9.82
9.377
9.238
9.644
10.579
11.57
12.193
12.002
11.552
11.53
11.967
12.104
11.304
10.162
9.312
9.192
9.649
10.516
11.349
11.816
11.882
11.868
11.945
11.947
11.67
11.041
10.311
9.879
9.954
10.434
10.991
11.254
11.142
10.943
11.026
11.269
11.083
10.504
10.214
10.518
10.961
10.938
10.642
10.409
10.41
10.639
11.004
11.225
10.91
10.2
9.596
9.632
10.318
11.087
11.307
10.825
10.254
10.11
10.468
10.879
10.986
10.679
10.175
10.003
10.312
10.821
10.907
10.483
10.073
10.073
10.447
10.696
10.669
10.384
9.972
9.617
9.55
10.059
10.743
11.1
10.738
10.227
10.039
10.349
10.813
11.221
11.474
11.32
10.768
10.012
9.662
9.871
10.456
10.926
11.081
10.859
10.385
9.906
9.765
9.965
10.059
9.756
9.415
9.897
11.163
12.476
12.692
12.126
11.597
11.424
11.334
10.866
10.784
10.851
10.797
10.289
10.055
10.642
11.31
11.392
10.675
10.14
10.298
10.907
11.283
11.044
10.595
10.448
10.749
11.186
11.306
11.017
10.576
10.297
10.339
10.498
10.439
10.092
9.757
9.889
10.363
10.683
10.503
9.982
8.987
6.271
1.205
-4.387
-8.042