-0.2791386545
-0.1652034521
-0.05868811905
0.02475798875
0.08257266134
0.1254522353
0.1395977437
0.1472735554
0.1498476267
0.1348703802
0.1049843505
0.06636147201
0.04152562469
0.02049991302
-0.01009902731
-0.0533756651
-0.08611703664
-0.1213803589
-0.09546274692
-0.0554189086
0.07039065659
0.3129298091
0.8515882492
1.048864722
1.237038493
1.266498446
1.23066318
1.279752612
1.353266239
1.419466019
1.49323082
1.567405939
1.623076797
1.664623618
1.677456975
1.659586906
1.629212856
1.598176956
1.565734029
1.512278438
1.439541817
1.380255461
1.30414176
1.240138531
1.165427685
1.090393424
1.027130127
0.9753648639
0.9043604136
0.8393194079
0.782199502
0.6442907453
0.5588623285
0.5061482191
0.4563347399
0.4033565819
0.3668496907
0.3334802389
0.3055416942
0.2845639586
0.2677667141
0.2481559813
0.2376121134
0.2272184789
0.2182390988
0.2025975585
0.2025246024
0.200352788
0.2015779614
0.1950763613
0.1835521013
0.1770083904
0.1629945338
0.1499869972
0.134203285
0.1230406091
0.1120489836
0.1042989567
0.1036193967
0.1060880125
0.1066138893
0.1090196371
0.1081966758
0.1029442176
0.09610041976
0.09112942219
0.09020651877
0.09772431105
0.101223588
0.1010901555
0.1017444506
0.1062543392
0.1168397963
0.123329401
0.118825376
0.1199004352
0.1189418957
0.1120384037
0.108076565
0.1065990552
0.1054033786
0.1212995946
0.127392903
0.1321969181
0.14156425
0.1346689016
0.1268583685
0.1220893562
0.1288956404
0.1365359128
0.132712096
0.133145541
0.1264769882
0.1068261936
0.1003755555
0.08797633648
0.08393010497
0.08841988444
0.08480079472
0.08880506456
0.07897163928
0.09324745834
0.09418591857
0.09602224827
0.1017632708
0.1033082902
0.09832693636
0.09819339216
0.0957345739
0.1067652255
0.123577714
0.1527934223
0.1911037415
0.2450648844
0.3000814021
0.3477974832
0.3998401463
0.4744805992
0.574805975
0.6082704067
0.5683706999
0.606680572
0.6537929177
0.7263208032
0.8058578372
0.8670488596
0.9030923843
0.9184169173
0.8956211209
0.8656902313
0.8273718953
0.7718708515
0.7187516093
0.6489321589
0.5886453986
0.5346928835
0.4880014956
0.4366995394
0.3839462101
0.3339665234
0.2950146198
0.2663967013
0.2476132065
0.2260141075
0.2009706795
0.1834218204
0.1708106548
0.1619654
0.1570624709
0.157878235
0.1551873535
0.1466974914
0.1409763247
0.1334404498
0.1339567751
0.1372910142
0.1427967101
0.1562265009
0.1685296148
0.1861799508
0.1866378784
0.1917427033
0.2079344243
0.2184723765
0.2242184281
0.2333790809
0.2363191247
0.2352692634
0.237847805
0.2458635122
0.2435893416
0.2363634557
0.2328385562
0.2291047871
0.2328611463
0.2346186936
0.2333502769
0.2359344512
0.2448482811
0.2458360195
0.2500378489
0.2600310743
0.2687957883
0.2753429413
0.284342289
0.2862127721
0.2946606278
0.2997437716
0.2959225774
0.3063685
0.3040813506
0.3008630276
0.2986257374
0.2994250059
0.2959448397
0.2853748798
0.2868205011
0.2737547457
0.2733340859
0.2574829459
0.2520170808
0.2496819645
0.2358752787
0.2208108902
0.2154833674
0.2111097872
0.2031720579
0.1858311445
0.1748497635
0.1544508338
0.1387353241
0.1324848086
0.129336372
0.1193458214
0.1203532442
0.1238147616
0.1177176759
0.1129642427
0.1285554767
0.1353640705
0.1510219276
0.1537153274
0.1534322798
0.1557865143
0.1557018012
0.1445155442
0.1318178475
0.1310608238
0.1360881776
0.1308763325
0.1332524866
0.134897247
0.1370490342
0.1544637978
0.1770873815
0.1788382977
0.1771397293
0.1971650422
0.201617077
0.2160027474
0.2167543918
0.2295735031
0.2441523224
0.2551593781
0.2590099573
0.270742923
0.2851479948
0.2925898731
0.2921820283
0.2945670485
0.293661654
0.2982830107
0.3042975366
0.3067568541
0.3139794171
0.3317641914
0.3527192473
0.3653341532
0.3785751462
0.3842231929
0.3873280585
0.3888948858
0.3958224356
0.4012117088
0.4052508175
0.4044121802
0.413210094
0.4122866094
0.4106759131
0.4212490618
0.4320429265
0.4368779063
0.4477396607
0.4508550763
0.4627144933
0.4691085517
0.4674578309
0.4731861651
0.4871196151
0.4950277507
0.4978616536
0.4987256825
0.4984698296
0.4996026754
0.4962277412
0.4837989211
0.4767896831
0.4692933857
0.4627223313
0.4596377313
0.4575818777
0.4597390294
0.456330955
0.4537502229
0.4581013024
0.4454726875
0.4463475347
0.4530346394
0.4391276836
0.4235396087
0.4121593535
0.4102983773
0.408226341
0.4115771651
0.4168578386
0.4199591875
0.4312179089
0.4468489587
0.4536700845
0.4692273736
0.4825358987
0.4936015308
0.499347508
0.5045568347
0.5050190687
0.5002117753
0.4977658987
0.4973164797
0.4918696582
0.4886136353
0.4814720452
0.4688998461
0.4748390913
0.479406029
0.4783815145
0.4861338139
0.4990053177
0.5050125122
0.5082947612
0.509888649
0.5155460835
0.5150290132
0.5133897662
0.5100518465
0.5164989829
0.5257633328
0.5327849388
0.5462896824
0.5546998382
0.5526023507
0.5614091158
0.5684098005
0.5690627694
0.5703735948
0.5782883167
0.5890621543
0.5954352021
0.5945125222
0.5857486129
0.5758464336
0.5683833361
0.555927217
0.5393468142
0.5233355165
0.5240703821
0.5368817449
0.5459064841
0.5506486297
0.5479043126
0.5517792106
0.5524215102
0.5557844043
0.5597753525
0.562495172
0.5537845492
0.5387650132
0.5360764265
0.5354117751
0.5349274874
0.5295917988
0.533770442
0.5362866521
0.5406560898
0.5363473892
0.5334775448
0.5330970883
0.5348755717
0.5332532525
0.5268925428
0.5259157419
0.5283147097
0.5330640078
0.5357081294
0.5482490063
0.5544014573
0.5553375483
0.5562229753
0.5673940778
0.5689598918
0.5696182251
0.5673805475
0.5631851554
0.5527328849
0.5538109541
0.5543723702
0.5135161281
0.3692719638
0.2152671218
0.0465260148
-0.1199671477
-0.2753248215
-0.4170876145
-0.5313287377
-0.609172225
-0.6793746352
-0.7526468635
-0.8203125
-0.8803849816
-0.9330791831
-0.9767442942
-1.022975445
-1.049806118
-0.912663579
-0.885728538
-0.8229436874
-0.5365312099
-0.186085999
0.01885588467
0.3864449859
0.6588879824
0.995022893
1.332645535
1.629008293
1.86515367
2.043079376
2.183493137
2.289993286
2.360144615
2.395936489
2.402824402
2.381818533
2.325002432
2.254378796
2.173851013
2.07416153
1.969513893
1.868222594
1.783173084
1.689759851
1.589936495
1.497053862
1.411721706
1.331291437
1.252766132
1.178434134
1.104923844
1.029761672
0.9600572586
0.89442873
0.816527009
0.7448580861
0.6897866726
0.6339028478
0.5939759016
0.5472458005
0.502904892
0.4588451385
0.4045310915
0.3727838993
0.3440668285
0.3150485158
0.3008901477
0.2679543495
0.2448881716
0.2236514688
0.2055202276
0.1827896535
0.1718965471
0.1360059381
0.1331126243
0.1251311004
0.1227245331
0.1076441407
0.09410445392
0.07629098743
0.07030244917
0.06347931921
0.05396359786
0.0407762602
0.0248518344
0.01568461023
0.01113522239
0.001075087115
-0.001844233833
-0.008308430202
-0.01216843817
-0.01477292553
-0.01589972526
-0.01228732895
-0.01508609764
-0.02276242524
-0.03859068081
-0.03978269175
-0.03982701898
-0.03478572518
-0.04756261036
-0.03966017812
-0.04358055815
-0.03639545292
-0.04073813185
-0.04883808643
-0.05648683757
-0.06271414459
-0.05918103829
-0.05414040387
-0.06222843379
-0.06334171444
-0.05893167108
-0.06046477333
-0.06962115318
-0.06884037703
-0.06804077327
-0.06838770956
-0.07041606307
-0.07071889192
-0.07177510858
-0.06810224801
-0.06514440477
-0.06611660123
-0.0661771968
-0.06261850893
-0.05655365065
-0.04570008069
-0.03276803344
-0.02452908829
-0.01731418073
-0.0118093919
0.0008425507694
0.004378257319
0.007887077518
0.01016916614
0.01563160121
0.01644759811
0.02197928354
0.01928829588
0.02337283269
0.02748148702
0.03233511746
0.05229382217
0.07907859981
0.1286748648
0.1942090243
0.2599819303
0.3187599778
0.3803221881
0.4426889718
0.5030570626
0.5709185004
0.6409859657
0.7065420747
0.7543272376
0.7788262367
0.7631121278
0.695186317
0.597150147
0.4399420023
0.3021021485
0.1648201793
0.07523556054
0.02483843267
0.01136242878
0.01096783951
0.02163693495
0.03041335754
0.02474293858
0.02818619646
0.02487104014
0.01894193329
0.01028774492
0.002124352381
-0.008609668352
-0.01741633192
-0.02815461531
-0.04183476791
-0.05568417907
-0.06715352088
-0.07262663543
-0.07367201895
-0.08346565068
-0.09181839228
-0.1012888774
-0.1082890034
-0.1241041571
-0.1366128027
-0.1197954416
-0.1199260429
-0.1080742851
-0.124043338
-0.1377783716
-0.1635151505
-0.1762326211
-0.1897537857
-0.1955869347
-0.2174247652
-0.2198269069
-0.2274922282
-0.2495993078
-0.2489604354
-0.2514680624
-0.2662304938
-0.2723531425
-0.2825644016
-0.2947142422
-0.3168697059
-0.3381908536
-0.342607975
-0.3132217824
-0.3379720151
-0.3491621017
-0.3531765342
-0.3459009826
-0.3487673402
-0.343924284
-0.3439063728
-0.3507807553
-0.3442332745
-0.3298836052
-0.3445038795
-0.3329637945
-0.32265836
-0.3292101324
-0.3143704236
-0.3024048805
-0.3063089252
-0.2921444178
-0.2782216966
-0.2597780526
-0.2400072515
-0.2282425761
-0.2130781114
-0.2101368159
-0.2037684321
-0.2099451721
-0.2134056985
-0.2170658708
-0.2200592756
-0.2337342948
-0.2418564409
-0.2397475392
-0.2605704665
-0.2719186842
-0.2778310776
-0.2957578003
-0.3024357259
-0.3085049093
-0.3173572123
-0.3166900575
-0.3285574019
-0.3296094537
-0.3332825303
-0.3504500985
-0.3568949997
-0.3544190824
-0.3638465106
-0.3805890977
-0.3794021308
-0.3824114799
-0.3880521357
-0.3908190727
-0.4023268521
-0.429692775
-0.4461074471
-0.4468433559
-0.4416776001
-0.449549377
-0.4643898308
-0.4656235576
-0.4663742483
-0.4676471949
-0.4593591988
-0.4667491913
-0.489677608
-0.5070084929
-0.509907186
-0.5076096654
-0.5099189281
-0.5091764927
-0.5154422522
-0.5262722969
-0.5325167775
-0.5467935801
-0.5618489385
-0.5749275684
-0.5853663087
-0.6032624245
-0.6177384257
-0.6264003515
-0.6417424679
-0.6568571329
-0.6698646545
-0.685518384
-0.7076423764
-0.729544282
-0.7760843635
-0.8170136809
-0.8849489093
-0.9671558738
-1.053920746
-1.144610524
-1.232091546
-1.327550173
-1.442100167
-1.566368818
-1.69750309
-1.851550221
-1.992648482
-1.968929768
-1.515107274
-1.205688477
-0.9449219704
-0.79090482
-0.7171595097
-0.6847869158
-0.6866334081
-0.7176660895
-0.7655212879
-0.8083615899
-0.8360103369
-0.8364232183
-0.8358402252
-0.8163995147
-0.786968708
-0.758095324
-0.7163259387
-0.659869194
-0.614164114
-0.3550960422
-0.3379099369
-0.3317112923
-0.3293958306
-0.3325546384
-0.3371316493
-0.3454253376
-0.3507469296
-0.3583149612
-0.3678732514
-0.3807979524
-0.3931204379
-0.3985787928
-0.4073570669
-0.4089708328
-0.4137252271
-0.4115202129
-0.4100915194
-0.4017345309
-0.403019309
-0.3929322958
-0.3888412416
-0.3865513504
-0.3885214031
-0.3738558888
-0.3243267536
-0.3235490024
-0.3287428021
-0.3227757514
-0.3270620704
-0.3509723544
-0.3763473928
-0.3932543993
-0.4000882804
-0.4065464735
-0.4148569405
-0.4314720333
-0.4352498949
-0.4348739088
-0.4417256415
-0.4444692433
-0.448236078
-0.4518422484
-0.4505527914
-0.4485954046
-0.4485227466
-0.4525343776
-0.4541368186
-0.4509191513
-0.4502368271
-0.4479494691
-0.4501878917
-0.4506146312
-0.4683829844
-0.4788948298
-0.4929913282
-0.5051254034
-0.5074418783
-0.5157821178
-0.5296122432
-0.5424959064
-0.5482009649
-0.5561353564
-0.5613527894
-0.5675777197
-0.5712605715
-0.5764426589
-0.580026269
-0.5840682983
-0.5881513953
-0.5916557312
-0.5857493877
-0.5778889656
-0.5697196126
-0.5733399987
-0.570050776
-0.5671495795
-0.5646076798
-0.5544241667
-0.5292994976
-0.5235882998
-0.5243877769
-0.5270396471
-0.5131155849
-0.4592349529
-0.3906755447
-0.2662638128
-0.1161091924
0.01278343797
0.1525899023
0.2958370745
0.4368204772
0.5634429455
0.6952476501
0.8249727488
0.9389474988
1.044680715
1.144369006
1.216979146
1.273821354
1.33020556
1.37483716
1.397970796
1.412654996
1.406680346
1.392980218
1.35742116
1.326525092
1.271603465
1.035248518
0.896181345
0.8029724956
0.7438564301
0.6538046598
0.5722384453
0.4158973396
0.1184135675
-0.08465322852
-0.2744564116
-0.34206146
-0.4220324457
-0.4691573977
-0.4472709
-0.4244087636
-0.4025798142
-0.4378649592
-0.5802748203
-0.7581697106
-0.931075871
-1.070442438
-1.198385119
-1.311464548
-1.398333311
-1.471722484
-1.52071476
-1.551030278
-1.564261079
-1.554925442
-1.527322054
-1.48949337
-1.441323638
-1.381761074
-1.32641089
-1.258512259
-1.197676897
-1.132342577
-1.064176917
-1.004418612
-0.939455688
-0.8762301207
-0.8172797561
-0.7626519203
-0.7085275054
-0.6600216031
-0.6099823117
-0.5647184253
-0.5210896134
-0.4774324596
-0.4425156415
-0.4122827947
-0.3934496045
-0.3628630638
-0.3418301046
-0.3127536178
-0.2932391465
-0.2736418545
-0.2559720576
-0.2370792031
-0.2286696285
-0.2255983949
-0.2122548968
-0.2005077749
-0.1874371171
-0.1744308323
-0.1696481407
-0.1588456184
-0.1447951198
-0.1362971961
-0.1446981728
-0.1471729726
-0.144092381
-0.1354579628
-0.1276742667
-0.1117598265
-0.09844516218
-0.09397237748
-0.09991176426
-0.09199935198
-0.08405160904
-0.08318504691
-0.09260724485
-0.09431055188
-0.09781669825
-0.08188910037
-0.0840588361
-0.07881142199
-0.07527133077
-0.05981320143
-0.05643010139
-0.04291452095
-0.03346756846
-0.03021720052
-0.03469449654
-0.02763210982
-0.0376694724
-0.04660518095
-0.04920620471
-0.05059252307
-0.03915293515
-0.03321047127
-0.03053745441
-0.03097121045
-0.03428059071
-0.03118514083
-0.02839403972
-0.02691259235
-0.02337959781
-0.01882215589
-0.01706795767
-0.01709146053
-0.02690229565
-0.03829357773
-0.04624133557
-0.05940087512
-0.08328045905
-0.1201657131
-0.1745498776
-0.2324618697
-0.2918423414
-0.3634437621
-0.4425642192
-0.5264790058
-0.6250689626
-0.7156707644
-0.7623934746
-0.7579609752
-0.6734005809
-0.4872076511
-0.2668617964
-0.1752574742
-0.171685487
-0.2093482018
-0.251431644
-0.2904056609
-0.3116978705
-0.3348699212
-0.3495285511
-0.346983254
-0.3312225342
-0.3072794676
-0.2785446346
-0.2461651564
-0.2127207369
-0.1804581583
-0.1518149227
-0.1243931651
-0.0940258652
-0.07115528733
-0.04616018385
-0.02845769934
-0.01072941907
0.003138957545
0.0146354083
0.02913455479
0.04629472643
0.05884839594
0.06939683855
0.0751780495
0.08606654406
0.09080351889
0.08841733634
0.08490162343
0.09008107334
0.09958052635
0.1117659658
0.1284803301
0.1416313797
0.1509608924
0.1579966098
0.1691280454
0.1891238391
0.2000512034
0.2140493244
0.2332436144
0.2534236908
0.2723888159
0.289827019
0.3073214591
0.3212401867
0.3212813735
0.3278618157
0.3306583464
0.3321736455
0.3350345492
0.3278188407
0.3290279806
0.3241067231
0.3138871193
0.3167607784
0.3125033677
0.3145850897
0.3161311448
0.3132240772
0.300940901
0.2911510468
0.2851811349
0.2946937084
0.2967876792
0.300775677
0.2984397113
0.2919351459
0.2903283238
0.2816017568
0.2714622021
0.2665574551
0.259542644
0.2607539594
0.2629478574
0.2570219338
0.2455579937
0.2470051199
0.2513142824
0.2635245025
0.279571563
0.2897431254
0.2973442972
0.3142690659
0.3202742636
0.3263407648
0.331566751
0.3360747099
0.3304688632
0.3329436779
0.3282297254
0.3342897594
0.3296818435
0.3381855488
0.3451756537
0.3518581688
0.3485935926
0.3524208069
0.370087415
0.3753660917
0.3893039823
0.3935994208
0.3961202502
0.4017687142
0.4034720361
0.3966865242
0.3918183148
0.3876357079
0.3948763311
0.4043367803
0.4077231586
0.4170981944
0.4238973856
0.3997908831
0.4159570336
0.4251652062
0.4324100912
0.4327266514
0.4335695803
0.4370414019
0.4458580911
0.4500694275
0.448469609
0.4438073337
0.4404772818
0.4432814419
0.4553256333
0.4703992307
0.4796529412
0.4918400645
0.4894732535
0.4907136261
0.4893687367
0.4999912679
0.5129615068
0.5276495814
0.5385898352
0.5464891791
0.5468127131
0.5463327765
0.563331008
0.5826600194
0.6029928923
0.6218182445
0.6187873483
0.6138463616
0.6089848876
0.6023004055
0.5937949419
0.593406558
0.598611474
0.601315856
0.5970875621
0.5828197598
0.5905276537
0.608009696
0.619073987
0.6071943045
0.5889140368
0.5939077735
0.600333631
0.6033218503
0.6045105457
0.5919020176
0.6003987193
0.5991213322
0.5984711051
0.6003976464
0.5921674967
0.5908430815
0.5814672709
0.5906908512
0.5942618251
0.5899330378
0.592102766
0.5819658637
0.5877115726
0.5868936777
0.5890782475
0.5926474333
0.6039587855
0.6125736237
0.6175356507
0.6281610727
0.6335225701
0.6381447911
0.6412187219
0.6573138833
0.6654448509
0.6827325225
0.6858769059
0.6849307418
0.6800686717
0.6690711379
0.675331831
0.6763324738
0.6685973406
0.659796834
0.659796834