-8.230215847
-13.14825379
-17.60362444
-21.50366488
-24.77809764
-27.48746672
-29.54773348
-30.775657
-31.26132049
-31.24925564
-30.72698477
-29.72620238
-28.31755874
-26.94256941
-25.58241829
-24.20672469
-24.63332677
-24.35285553
-24.47810359
-22.55829466
-19.94786071
-19.352403
-41.82713621
-41.12687972
-46.30775974
-36.42346211
-12.23714056
1.614400512
3.79218599
1.372254217
-1.488184687
-2.562657834
-2.325545085
-1.919487152
-1.013410345
-0.01946678619
0.5706472028
1.187762004
1.42060634
2.124158172
2.667502756
3.233019956
3.94239035
4.215702949
4.770402647
4.78183092
5.017338271
4.790685577
5.351075581
5.114043732
5.028489389
3.305465799
2.646926583
2.393949278
2.319719238
2.216969211
1.865618512
1.915458706
1.624965904
1.743617673
1.356261253
1.0986527
1.01783608
0.8232970386
0.668528443
0.3544637471
0.06435262889
-0.2595003068
-0.1462989428
-0.3716134034
-0.5884731618
-0.8043890259
-0.9742068809
-1.233721816
-1.401931085
-1.397534568
-1.283394215
-1.407520305
-1.688181733
-1.961956054
-2.00689202
-2.197352604
-2.009012414
-1.958273216
-2.303981875
-2.400650604
-2.512041276
-2.772086309
-2.504056633
-2.724596763
-2.524550843
-2.781222977
-2.991632571
-2.817579315
-2.69578065
-3.270407804
-3.838226018
-4.455124454
-4.812891888
-4.998163957
-4.42628861
-5.259908037
-6.181853043
-6.337807815
-5.982141954
-5.454654034
-5.781684706
-6.013311295
-6.75245676
-7.571519082
-7.935423668
-8.172166524
-8.23869621
-7.95601259
-7.460050394
-8.165100162
-8.214595659
-8.317655018
-7.843753422
-7.816993652
-7.323608714
-7.215718439
-6.97353693
-6.432797836
-5.994867963
-6.145002806
-6.140642414
-5.942812207
-6.220589019
-6.855020095
-7.224994746
-8.842647035
-11.82448299
-15.28418448
-18.8981086
-26.91852957
-36.68648935
-45.78172467
-50.44790106
-50.62459958
-63.76407673
-67.50350876
-61.48531677
-57.11195089
-55.46137891
-53.52315458
-53.1451033
-52.48666578
-51.75341067
-51.54485009
-50.99039658
-50.66307206
-50.59658912
-50.60006675
-50.28315569
-50.19526299
-50.40915659
-50.45411805
-50.42186256
-50.94537197
-51.45082297
-52.28338478
-53.24580397
-53.98659232
-54.59170944
-55.18107038
-55.73104571
-56.33115038
-56.99012217
-57.60319995
-58.07599233
-58.61518992
-59.01342213
-59.3563037
-59.55449454
-59.6391816
-59.53002485
-58.79540006
-58.3940545
-57.93187958
-57.48340633
-57.16237165
-56.59085056
-55.60683705
-55.17371199
-55.31514365
-55.48008331
-55.00446415
-54.37108401
-53.31672623
-51.52491686
-49.15634083
-47.80500035
-46.75239109
-45.58122189
-43.40936987
-42.66309794
-41.48810141
-39.59387199
-38.39911466
-37.08739049
-35.73656
-33.98837642
-33.7283921
-32.50534503
-31.27436645
-30.71890268
-30.07743074
-29.40623139
-27.74715719
-27.67760462
-26.77192275
-26.56450842
-25.58283356
-24.64122186
-24.34836521
-23.74288624
-23.07519609
-21.93212963
-21.38003906
-20.81133991
-20.41164088
-19.75134312
-18.74768901
-17.720074
-16.62270485
-15.46054785
-14.8250962
-14.14102331
-13.28352554
-12.23393371
-11.49396498
-11.14397151
-10.82956667
-10.13312355
-9.527079346
-9.068809473
-8.844317851
-8.257339287
-7.759069398
-7.070665256
-6.062682938
-5.240268663
-4.19223017
-3.077311374
-1.910489971
-1.073087605
-0.2067963094
1.107560025
2.068873255
2.984565905
3.960383496
4.795119736
5.310238335
5.584039673
6.101338166
6.825863991
7.487734821
8.056607009
8.913694967
9.806157233
9.871943186
9.974826478
10.22612037
11.18518578
11.53564188
12.11095387
12.09996486
11.6595749
10.89737072
10.80360467
11.18502064
12.08278314
11.90147045
12.3072444
12.64491681
12.21322579
11.79419702
11.96535853
12.61407229
12.15540535
12.30231574
12.21822245
12.31810471
11.66259961
11.41715236
10.82701188
10.67077601
10.39557827
10.3989539
10.45564387
10.38664014
10.0927034
10.08719675
10.2168556
10.3376522
10.14311445
10.94732763
10.62391666
11.06369341
11.36131845
12.09983129
12.53580864
13.0016919
12.92840063
12.52729063
11.95403802
11.36484101
10.95275778
10.26914145
10.15643301
9.728246328
9.589958978
9.491148301
9.122543331
9.501627329
8.844188533
8.372202426
9.340263048
10.06003385
9.84941874
9.810571053
9.634574381
10.32511015
10.22219589
10.30314426
10.37909839
9.915232622
10.27390741
10.47393542
10.68327798
11.32830891
12.41673507
12.30374249
12.43887459
12.81490049
12.86924572
12.8761257
12.99968837
12.47871554
12.62518758
12.90867625
12.11534462
13.07853122
13.08383873
13.05069319
12.99928403
12.93345315
12.89866472
13.26234527
13.02138955
13.4225809
13.09610515
13.10162394
12.72543533
12.4495394
12.18841247
11.81276421
11.43892276
11.18828456
11.51863987
10.81761839
10.35537548
10.41427781
10.88588507
10.43154332
9.199710504
9.267124775
9.865529487
10.40319773
10.76172498
10.30749615
9.348745232
8.750163845
8.830711507
8.730984674
8.821395737
9.099827032
9.374465599
9.73736721
9.689376176
10.11692659
10.24199434
9.862503561
9.408219484
9.930646993
9.812838676
9.310096682
9.593162792
10.44238541
10.48504222
11.25209007
11.12852618
10.62061752
10.35271383
10.78662208
11.14246462
11.0433182
10.73717273
10.25401061
10.50444117
10.70148696
10.76541146
10.01858037
10.10066588
9.520693575
8.9105804
9.124273038
9.693631536
9.535034543
9.213503236
9.292972639
9.407643926
9.617806115
9.109315834
7.750867099
2.928819722
-1.083195451
-4.358623595
-7.339096547
-9.65686569
-10.83450505
-10.41235565
-7.741573792
-3.806818684
-0.2224690892
3.827316537
6.395719926
7.361670778
8.049175763
8.432383375
7.618426999
10.36336528
9.347105379
9.848988287
9.351762658
10.48375268
10.47719205
12.29029703
16.07147154
23.04988128
28.42557165
31.50746472
32.90165386
30.72905872
28.96523795
27.32869306
27.51213554
27.43139482
26.98803601
27.09390697
28.16268769
28.3058776
29.22744436
30.11660264
30.84388118
31.09922704
31.55512183
32.21695684
31.67683641
31.56673983
31.67644056
31.1801062
30.95771281
31.36073404
31.17351036
31.22617749
31.75585532
31.67913135
30.79609293
30.46673817
30.26256348
29.6360366
29.78791086
29.52393893
29.40102466
29.24857484
28.93688508
28.74469023
28.77282697
29.04556341
29.16905323
29.01309906
28.9508903
28.80263452
28.57143049
28.43203392
28.31072005
27.93039083
27.69822997
27.42484755
27.07314077
26.83467792
26.77620179
26.54567046
26.25676499
26.07997905
25.89478075
25.70754492
25.56472658
25.36118816
25.20988216
25.12258445
26.00951093
26.12854443
26.04859054
25.94172388
25.8736867
25.83549592
25.82319065
25.83514622
25.8524955
25.87878657
25.9031834
25.93949208
26.00100142
26.15693616
26.28309734
26.52622051
26.5497285
26.70860416
26.81525711
26.98908027
26.74286075
26.69596619
26.23807273
26.50503417
26.97526689
27.42286831
27.15766269
27.51493805
28.51167939
28.01254738
27.61109983
27.05374668
26.76029261
26.10603941
26.30634548
26.70631408
26.97974021
26.53320491
25.70742593
26.08372624
26.256408
26.45407185
26.28188551
25.87808716
25.63459972
25.45892604
25.36301683
25.34158764
25.35203267
25.51945912
25.61255612
25.87260601
26.14794338
26.64138539
27.08319724
28.23073702
29.53082861
31.29811001
33.20896016
31.73379229
27.45206388
21.79154552
18.78500795
17.32412824
15.60252715
13.79827288
11.72374711
11.12168627
10.95553843
10.36090277
10.12110727
9.21578543
7.982496725
5.841950652
2.728241048
-0.2720784606
-2.518537089
-4.057738888
-4.920712951
-5.424289745
-5.731240875
-5.993112149
-6.13339452
-6.28361679
-6.379039694
-6.449764633
-6.501550216
-6.500230927
-6.48112279
-6.462054116
-6.459966203
-6.466410866
-6.496464306
-6.560587336
-6.541114315
-6.430019618
-6.496181384
-6.358453807
-6.155690686
-5.840849929
-5.639360563
-3.046043982
-2.600834949
-0.4614608233
-0.8683396318
-2.421793683
-3.331551961
-4.814972515
-5.672031938
-6.816992637
-6.824343135
-7.532387865
-8.598832353
-7.880722656
-7.137213762
-7.317013483
-6.831637777
-6.267006984
-6.370121591
-5.679790426
-4.428872243
-3.85626895
-4.003373314
-4.366231212
-6.200312768
-6.813189588
-7.048465623
-6.488287507
-5.761105497
-5.743838172
-6.109527107
-6.489696651
-6.244732675
-6.298521781
-5.763659077
-5.003751051
-4.819175358
-4.627738816
-4.392789112
-3.87419683
-3.101044915
-2.913985462
-2.482340881
-1.678812231
-0.9117311406
-0.1138692331
0.475904169
1.122738907
1.707744761
2.268310073
2.79288469
3.459940393
4.053261016
4.381081257
4.748566988
4.903448357
5.385942938
6.165937184
7.031784177
7.44825997
8.134425024
8.738586523
9.022699322
9.645697572
9.905859174
10.49606887
11.15240573
11.12949758
11.53246053
12.0251072
12.10703061
11.96570095
12.61479963
13.26961259
13.57758066
13.88013801
14.2673302
13.92290046
13.2863159
13.08824162
13.18201982
13.00226381
12.54053817
12.44880478
12.57436855
12.97176899
13.06288432
12.89193288
12.78286599
13.21602141
13.23312299
13.37301134
13.60763349
13.360411
13.45407506
13.78170678
13.65499797
13.22184862
13.27568023
13.20209997
13.36562016
13.57058048
13.58227133
13.45820717
13.3135128
13.31684836
13.42834862
13.6386043
13.35662252
13.05181273
13.06982258
13.97424284
15.13715874
15.90526663
17.8984069
21.31357798
24.88124867
28.65927462
33.16534895
37.66953146
41.11367347
46.16604637
46.00516718
54.75383688
52.15501851
58.153219
65.02125409
72.18983209
78.32408266
83.70870995
88.46223019
92.22396568
93.96715138
93.97942022
93.05479839
91.12611325
90.01606969
88.74623978
87.36597086
86.43717199
85.89608015
86.03224195
86.4826823
89.64771303
90.48063426
91.64700958
92.95551112
93.91046992
94.28132308
94.0417164
94.23674532
94.05790972
93.18001245
92.901909
91.54521608
89.67709803
87.95234959
86.2154003
84.22445784
81.69539603
79.73206089
77.97168618
76.43929044
74.30383695
72.15939312
69.70801455
67.93017884
65.64685328
57.68195659
55.56045733
53.72021859
52.65403881
51.29032749
49.81007189
48.85655563
46.88932515
45.42159096
44.61396511
43.47075294
42.13308012
40.30158645
39.33338254
38.19464369
37.36752175
36.07919629
35.02195829
33.56922258
32.92564513
31.93722386
31.3751764
30.40935001
29.70098229
29.40182607
28.51490931
27.38290472
26.98032548
26.60169379
25.8967867
24.18911555
23.38150427
23.05820136
22.60692561
21.4486858
21.15539445
20.59171017
20.08134993
20.1512935
19.99648316
19.01801151
17.94127256
17.53640809
16.89346326
16.51425358
16.32918885
16.13780391
15.88472021
14.90114383
14.43213507
13.63864437
13.04506147
12.21282751
11.03661308
10.37791935
9.758545654
9.70535639
9.400448853
9.216762906
7.740498569
6.526978555
3.267317219
0.1709393531
-2.066632801
-3.910096304
-5.387517221
-5.89605425
-5.134440802
-4.036293915
-1.938388258
0.127220166
1.548024582
0.5020212566
-0.1246282704
-0.7611756333
-1.618161669
-3.171297813
-4.084191452
-4.138901267
-5.618689678
-7.136117896
-7.784959761
-8.080220643
-8.87312425
-13.71026118
-12.37890493
-12.46616014
-13.40081294
-14.02006764
-14.4696143
-15.1202053
-17.66494193
-21.50551541
-24.3747437
-24.09239522
-21.71951586
-15.72601575
-5.385068067
7.535734962
19.64154768
30.17062002
44.08874602
54.31551966
58.46530704
56.12305607
49.25360272
43.53392338
40.08602932
38.18295769
38.00578076
37.16510044
37.10719743
37.09017842
37.48522199
37.27653027
36.82438753
36.81960093
37.17950637
36.83568497
36.38422707
35.82001095
35.57610823
35.39166762
35.02589733
34.75447229
34.45169031
34.18119782
33.78204278
33.99073936
33.7241762
33.48077862
33.14980404
32.6537611
32.7130095
32.77342358
32.99119794
33.1917833
33.10410674
33.0637303
33.0418907
32.69875899
32.25957722
31.8579621
31.68386695
31.52943303
31.22323414
31.13065441
31.10129613
31.18831699
31.09422674
30.81670613
30.81138526
30.9006695
30.66741581
30.4897386
30.17068316
29.70417821
29.40190136
28.95437765
28.42893028
28.11744694
27.93345076
27.69317624
27.45786317
27.1838299
26.63066108
26.28451559
25.82001173
25.634709
25.2930684
25.38226521
25.10668499
25.24878692
25.27743122
25.52067581
25.84452756
25.99020183
26.19625376
26.52075878
26.39400504
26.05299586
25.96138754
25.67058298
25.59352387
25.77611395
25.81813449
25.82239653
25.92683225
26.19521922
26.39112968
26.54071386
26.66456796
26.88331372
27.267072
27.65992262
27.9658981
28.58256036
29.58591697
30.91131852
32.52039452
34.51660929
36.34661914
36.34292537
33.74057109
29.03801559
22.1963347
17.37073138
14.72308535
12.1861321
11.75355102
11.92928784
11.41416165
9.641139863
4.804780355
-0.4675260313
-4.210683519
-6.701214556
-8.436357634
-9.335586948
-9.41959524
-9.494482648
-9.599620812
-9.334905144
-9.813088205
-9.721345712
-10.04671407
-10.57067275
-10.84118346
-10.90883208
-10.99074821
-11.21869196
-11.59383509
-11.82628737
-12.05506046
-12.23612665
-12.36216034
-12.44721896
-12.49597255
-12.47985573
-12.45168742
-12.2639914
-11.90522979
-11.40967012
-10.90502782
-10.4798282
-9.867193625
-8.99628015
-8.267507465
-7.466521771
-6.553489403
-5.452252843
-3.676930646
-2.491800693
-0.8082666761
0.4091912829
1.106789277
1.426064724
2.610901434
3.21446218
3.848388126
3.972790763
4.169861755
3.625977435
3.455352631
2.502733701
2.437669319
2.373925592
2.270678024
2.477352718
2.179840303
2.347015709
2.755466182
3.177660513
3.939987641
4.463381698
5.199833943
6.149124598
6.989410897
7.517165954
7.159629532
6.16431676
6.057841093
5.780109209
5.83661339
6.112794063
6.187004523
6.457916539
6.509957724
7.112968109
7.477216329
7.859810135
8.684038507
9.753672238
10.68803422
11.95151844
12.72266926
12.92362496
12.61740785
12.419353
12.41528282
12.86697142
12.68898094
13.17749186
13.22639966
13.13342773
13.86699004
14.42503289
15.14787697
16.10209386
16.24908682
16.26764308
16.2281919
16.14686226
15.84606316
15.74140888
15.93770305
16.3252838
16.40365673
15.44323135
14.60388549
13.85994129
13.58128779
13.27229003
12.98100462
11.91079594
11.10988128
10.36717683
9.457650018
9.351625447
8.490809724
7.532662894
9.925205912
10.60066002
10.96955944
10.72413891
10.52550608
10.46531299
10.34373805
10.44549147
10.1431187
10.49560381
10.91221621
11.13940955
11.17818317
10.57385896
10.14980682
10.16709236
10.37579197
11.09965603
11.69187654
11.54045276
10.92570416
10.67342551
10.76655651
10.64000919
11.0083197
11.86783921
12.56899182
12.83182722
11.90226336
12.01426389
12.39149069
12.15639133
11.63667161
11.13137725
10.86165703
11.24537523
10.65272609
9.721334783
10.00252062
10.01581065
10.32267435
9.754107549
9.479903685
9.126723406
10.28240113
10.89539391
10.75294956
10.78772341
11.32837326
11.63544157
12.50155812
12.93437841
13.90415234
13.59364041
13.83372672
13.89773622
13.42731893
13.12390918
12.81685058
12.51087025
12.63239541
12.50276509
11.90423289
12.15756308
12.23934079
12.00287417
12.24039598
11.67549258
11.47048491
11.90404346
11.90120696
11.88467365
11.9200935
11.95840934
11.7677226
12.54565504
12.59226789
12.1603923
11.85821987
11.06611828
10.67555774
9.829436339
9.720251667
9.599049505
9.618083572
9.618083572