0.06015444241
0.05562726413
0.05132218516
0.04731515554
0.04367000789
0.04035468442
0.03747453812
0.03526246659
0.03362394632
0.03246975727
0.03174669655
0.03149969668
0.03163623362
0.03183031565
0.03215247284
0.0325597097
0.03157476662
0.03115288445
0.03029587297
0.03128963153
0.03286444399
0.0325287775
0.004218415958
0.004514924615
-0.001299342772
0.007051968903
0.02970672972
0.04283156988
0.0448954573
0.04263422548
0.03993342643
0.03884790949
0.03890231288
0.03909221291
0.03962273956
0.04014466088
0.0403376818
0.04052542634
0.04047917472
0.04064619237
0.04069199874
0.0407884343
0.04094036764
0.04092038145
0.04103722348
0.04091301614
0.04092529165
0.04074063472
0.04092527085
0.0407446253
0.04064612995
0.03947647792
0.03905218227
0.03881427044
0.03862180295
0.03840673605
0.03809093092
0.03798247784
0.03769932556
0.03764683216
0.03731142783
0.03703550769
0.03687060393
0.03662951295
0.03640889502
0.03607361552
0.03574800246
0.03539502127
0.03532486362
0.03502532041
0.03471915259
0.034405917
0.03411015423
0.0337515159
0.03344638422
0.03327180569
0.03318124989
0.03290653442
0.03250486315
0.03209333402
0.03187460735
0.03152277672
0.03149324684
0.0313487329
0.03084130084
0.03055965075
0.0302583328
0.02981942929
0.02987189148
0.02945628647
0.02944531549
0.02899164184
0.02844691929
0.0285563544
0.0284669679
0.02766616576
0.02684764944
0.02596374628
0.0253225736
0.02486892491
0.025237186
0.02408138032
0.02278461437
0.0223093275
0.02244526731
0.02273668163
0.02209708188
0.02153490522
0.02037265387
0.01908741857
0.01832045938
0.01769329743
0.01726661741
0.01725306338
0.01754126838
0.01629898072
0.01589725327
0.01542054327
0.01570152029
0.01540461424
0.0157217936
0.01556117482
0.01557226127
0.01599633951
0.01629825563
0.01580152199
0.01552400812
0.01550451607
0.01483635184
0.01360120893
0.01279514081
0.01023917404
0.005710062887
0.0003836834908
-0.005372224258
-0.01749734287
-0.03248031629
-0.04720902441
-0.05632039341
-0.05793404849
-0.07610864987
-0.08226446351
-0.0756736558
-0.07130542246
-0.07058224939
-0.0696214849
-0.07056518851
-0.07128199497
-0.07291206594
-0.07320091072
-0.07419970432
-0.07540872952
-0.07675613923
-0.07827341701
-0.07946200245
-0.08081431404
-0.08237295403
-0.08380100759
-0.0851832298
-0.08693470763
-0.08866583724
-0.0905986264
-0.09266468181
-0.09455011663
-0.09642241875
-0.0983017616
-0.1001382192
-0.1020478639
-0.1041481575
-0.1059940111
-0.1078886588
-0.1098640086
-0.1116686498
-0.1135017036
-0.1152518332
-0.1169074039
-0.118405482
-0.1194911446
-0.1207745219
-0.1219952567
-0.1231296052
-0.124372311
-0.125457466
-0.1261177967
-0.1272546336
-0.1288900476
-0.1305319114
-0.1316040251
-0.1324715082
-0.1329834676
-0.1327504244
-0.1319911072
-0.1319906995
-0.1323075823
-0.1324376861
-0.1316030514
-0.132072833
-0.1320933643
-0.1313564011
-0.1312888816
-0.1310771104
-0.1307741259
-0.1300311372
-0.1308732454
-0.1305032491
-0.1306674413
-0.1305332929
-0.1307779125
-0.1310495716
-0.1304059438
-0.1308917793
-0.1307756156
-0.1313554357
-0.1311470017
-0.1309463658
-0.1313550029
-0.1314889765
-0.131671453
-0.1312260726
-0.131335412
-0.131387119
-0.131615277
-0.1315532836
-0.131147784
-0.1306926831
-0.1301641954
-0.1295366381
-0.1293719715
-0.1291651188
-0.1287450301
-0.1281161413
-0.127798576
-0.1278523718
-0.1279379342
-0.1276190789
-0.1273994097
-0.127281723
-0.1274048942
-0.1271705776
-0.1269994778
-0.1266290072
-0.1258903461
-0.12531383
-0.1244680517
-0.1235195502
-0.1224674767
-0.1217352489
-0.1209516554
-0.1196469395
-0.1186866036
-0.117746824
-0.1167095394
-0.115799945
-0.1152265581
-0.1149105907
-0.1143143838
-0.1134639533
-0.112645489
-0.1119286076
-0.1108413887
-0.1097061331
-0.109501827
-0.1092423436
-0.1088107534
-0.1075459516
-0.1069558034
-0.1060748963
-0.1059003677
-0.1062719037
-0.1070233062
-0.1070147592
-0.1064190766
-0.1052038762
-0.1052490085
-0.1045954271
-0.1039455659
-0.104162264
-0.1044006418
-0.1039922378
-0.1030959842
-0.1034081649
-0.1030866132
-0.1029732041
-0.1026792577
-0.1031681642
-0.1032764966
-0.103678326
-0.1036237561
-0.103865721
-0.1036883877
-0.1034660304
-0.1033863603
-0.1034848057
-0.103366861
-0.1030821524
-0.102834778
-0.1029000255
-0.1020670969
-0.1021418069
-0.1016099653
-0.1012172073
-0.1004645563
-0.09995297973
-0.09940217976
-0.09930325165
-0.09951110305
-0.09983603367
-0.1001898346
-0.1004069405
-0.1008306661
-0.1008173919
-0.1010323589
-0.1010566353
-0.1010492367
-0.1012258875
-0.1008975114
-0.1013056908
-0.1015705255
-0.1008134637
-0.1002259205
-0.1003266712
-0.1002634544
-0.1003080207
-0.09966475912
-0.09961389274
-0.09943249818
-0.09922112642
-0.09940812194
-0.0990057183
-0.09868329271
-0.09835643962
-0.09769504357
-0.0966891593
-0.09659514971
-0.09632907495
-0.09588962841
-0.09568242615
-0.09550872979
-0.09525951617
-0.0954944902
-0.09524640842
-0.09490138758
-0.09522550261
-0.09440242771
-0.09421866959
-0.09404171918
-0.09385655459
-0.09370871586
-0.09355298751
-0.09310270523
-0.09308091724
-0.09260370374
-0.09266212684
-0.09249035295
-0.09251537002
-0.09257987677
-0.09259023813
-0.09266999981
-0.09277776628
-0.09282397213
-0.09242974106
-0.09278414955
-0.09299878369
-0.09283945175
-0.09235942529
-0.0925313573
-0.09329750714
-0.09316671264
-0.09267155609
-0.0922106711
-0.09185897571
-0.0921023387
-0.09272873083
-0.09312051512
-0.09298674953
-0.09294458836
-0.09268244176
-0.09246046729
-0.09222490236
-0.09186155565
-0.09179987018
-0.09138827031
-0.0911811596
-0.09132427122
-0.09157975159
-0.09116716968
-0.09113395507
-0.09139482002
-0.09110836376
-0.09042419767
-0.09026461607
-0.08959533039
-0.08953469354
-0.08977750726
-0.08985937449
-0.08943752145
-0.08905289441
-0.08899094263
-0.08910922027
-0.0893378693
-0.08903810555
-0.08876590552
-0.0885904032
-0.08896990366
-0.08878767686
-0.08909726101
-0.08944504488
-0.08918031003
-0.08867884512
-0.08869593928
-0.08884405265
-0.08871380743
-0.0885761969
-0.08832910549
-0.08860248729
-0.08964240177
-0.09358062613
-0.09707242979
-0.100131012
-0.103039883
-0.1055462588
-0.1072783455
-0.1077969629
-0.1065954361
-0.104311376
-0.1020584166
-0.09930325165
-0.09749891007
-0.09681554294
-0.09630886822
-0.09602421791
-0.09660670117
-0.09429469452
-0.09484916466
-0.09424215534
-0.09366905972
-0.09181811283
-0.09122333741
-0.08909592943
-0.0861286187
-0.08094544143
-0.07652661636
-0.07347063069
-0.07157386078
-0.07196014397
-0.07226441845
-0.07252609899
-0.07176857114
-0.07121207034
-0.07091338851
-0.07039212466
-0.06930892966
-0.06906815493
-0.06833287279
-0.06762765941
-0.06697471889
-0.06651479097
-0.06588684672
-0.06514616752
-0.0649250128
-0.06447891667
-0.06391528776
-0.06358835977
-0.06313363749
-0.0623899664
-0.06187597215
-0.06124906403
-0.06037246791
-0.05976262483
-0.05955590111
-0.05908726382
-0.05855933375
-0.05824611688
-0.05755940414
-0.05707581986
-0.05652161604
-0.0559792508
-0.05552780338
-0.05505222107
-0.05444648924
-0.05368203717
-0.0530145741
-0.05251646311
-0.05196130637
-0.05148106353
-0.05105439599
-0.05058560058
-0.05010830386
-0.0495171778
-0.04945100657
-0.04911718349
-0.04885242366
-0.04850793962
-0.04803544074
-0.04769409423
-0.0474369369
-0.04707958645
-0.04674517665
-0.04639857455
-0.04603985924
-0.04574423587
-0.04539661845
-0.04500594936
-0.0435559164
-0.04293175883
-0.04251665524
-0.04209047873
-0.04173099359
-0.0412851721
-0.04082772841
-0.04032759092
-0.03982834808
-0.03931179054
-0.0387973552
-0.0382753465
-0.03771470116
-0.03705289314
-0.03642350911
-0.03563702771
-0.03511454879
-0.03442492115
-0.03378060053
-0.03296133104
-0.03284920155
-0.03225990018
-0.03242431709
-0.03160185596
-0.03015727208
-0.02942369812
-0.0292340644
-0.02825350305
-0.02641769873
-0.02651476887
-0.02650016101
-0.02672662333
-0.02658804325
-0.02697757841
-0.0262130452
-0.02515586804
-0.02426028233
-0.02424242251
-0.02494757139
-0.02391250678
-0.02319304757
-0.02240799554
-0.02217734498
-0.02227465439
-0.02217684772
-0.02197175103
-0.02162525504
-0.02119927826
-0.02071288518
-0.01998469996
-0.01934769471
-0.01846591791
-0.01753892979
-0.01624054305
-0.01502898681
-0.01263914719
-0.009968504284
-0.00644037968
-0.002640955684
-0.004422504603
-0.0110279753
-0.02016719099
-0.02505058371
-0.02748867856
-0.03044395513
-0.0335428177
-0.03697479594
-0.03801346622
-0.03824530271
-0.03881009676
-0.03872237057
-0.03932940901
-0.04020040417
-0.04203978296
-0.04481366913
-0.04753431289
-0.04965588272
-0.05126761117
-0.05227042448
-0.05297288315
-0.05351132439
-0.05402615087
-0.0544279345
-0.05485659108
-0.05523274178
-0.05558221926
-0.05592282924
-0.05623084046
-0.0565167308
-0.05680059049
-0.05710369151
-0.05741116594
-0.05773866817
-0.05808652279
-0.0583731455
-0.05858291105
-0.05894016995
-0.05912371584
-0.05923688354
-0.05925566715
-0.05935411256
-0.05722322167
-0.05701663943
-0.05514323044
-0.05571196513
-0.0574608547
-0.05861822706
-0.06041164551
-0.06157054086
-0.06307744479
-0.06342783357
-0.06449498719
-0.06600479146
-0.06561156325
-0.06509698643
-0.06561556631
-0.06540805197
-0.06508652936
-0.06551167806
-0.06504782198
-0.06392195814
-0.06355038059
-0.06396181817
-0.06567587442
-0.06797439883
-0.06890717516
-0.06951151299
-0.06914442952
-0.06868262491
-0.06891371239
-0.06957823766
-0.07028791183
-0.07030672041
-0.07059212805
-0.07041539403
-0.0699093851
-0.0699639799
-0.07005399474
-0.07004533115
-0.06977589831
-0.06928271416
-0.06929267605
-0.0690735395
-0.06849023232
-0.0679229374
-0.06732537815
-0.06689840268
-0.06641284184
-0.06597296253
-0.06554634493
-0.06513975097
-0.06458683295
-0.06408357873
-0.06382054996
-0.06350892266
-0.06338600113
-0.06295151056
-0.06221794284
-0.06137995424
-0.06094327904
-0.06023738323
-0.05959169566
-0.05923355043
-0.05854808605
-0.05818506807
-0.05750147623
-0.0567339532
-0.05659519419
-0.05604969557
-0.05542835928
-0.05517321597
-0.055113686
-0.05432716298
-0.05350734213
-0.05300666784
-0.05250690902
-0.05189564281
-0.05191558323
-0.05226460713
-0.05226607187
-0.05201294257
-0.05197491762
-0.0521715463
-0.05208452335
-0.05180323528
-0.05127064051
-0.0510444882
-0.05097988158
-0.05080584816
-0.05018597245
-0.04997472136
-0.04967977211
-0.04928487109
-0.04930310126
-0.04891624382
-0.04849530625
-0.04837736566
-0.04847125873
-0.04817417479
-0.04798974672
-0.04762459405
-0.0471976602
-0.04692806091
-0.04678576072
-0.04664165458
-0.04638153864
-0.04586101965
-0.04561324164
-0.04553742893
-0.04545854943
-0.04502578159
-0.04397190217
-0.04255628641
-0.04123061475
-0.0391207545
-0.03586091633
-0.03241944433
-0.02869751026
-0.02423937236
-0.01963951267
-0.01553893119
-0.01022157845
-0.008106991092
-0.002454201773
-0.003460873284
-0.0004930013121
0.00347797083
0.008130386338
0.01270791605
0.01720244355
0.021512156
0.02547522474
0.02847243986
0.03058056281
0.03220975993
0.03323384108
0.03468188706
0.03605496091
0.03733711485
0.03878805494
0.04050914777
0.04261533368
0.04494846669
0.06010435001
0.0608580246
0.06309431009
0.06622114001
0.06917097375
0.071643078
0.07379024331
0.07618225298
0.07828016646
0.07999953655
0.08204303831
0.08330251376
0.08409524528
0.08494490185
0.08604853245
0.08652146825
0.08671708576
0.08647978978
0.08692431298
0.08745374108
0.0874428138
0.08739676608
0.08697960686
0.08705765413
0.08665991934
0.08461017579
0.08348547293
0.08310507366
0.0834115286
0.08339687289
0.08312268381
0.08329863554
0.08258006474
0.08232625717
0.0825601909
0.0825125869
0.08222889366
0.08159269777
0.08160186903
0.08145203293
0.0815476737
0.08123030812
0.08108679703
0.0806413334
0.08077582304
0.08064383844
0.0808083136
0.08065309292
0.08069384761
0.08103081239
0.08091187728
0.08057407194
0.08078018396
0.0809888676
0.08094456758
0.08010497276
0.07993133465
0.08011468497
0.0801888873
0.07972805224
0.07989244418
0.07983376309
0.07981710169
0.08022996656
0.08047008382
0.08009377084
0.07962790074
0.07963438387
0.07945866517
0.07946760341
0.07959424504
0.07970736281
0.07976665143
0.07930201304
0.07919647696
0.07883997956
0.07860929155
0.07819235704
0.07750338062
0.07711490864
0.07677866791
0.07684245894
0.0767309141
0.07665731931
0.07556971761
0.07459252058
0.07198328018
0.06933772092
0.0672745617
0.06542667745
0.06380953946
0.06280021805
0.06273312719
0.06297534586
0.06402273798
0.06517336922
0.06593872426
0.06491038206
0.06420060386
0.06348595706
0.06259014041
0.0612121418
0.06031459409
0.05999521866
0.05883934017
0.05768461433
0.05711907959
0.05674700269
0.0561635041
0.05127420249
0.05246603366
0.05255552003
0.05189767347
0.05157591784
0.05123465871
0.05100698756
0.05023492052
0.04835711731
0.04676067708
0.04642960454
0.04729619716
0.0503201708
0.05606733901
0.06374112534
0.07133141325
0.07839141169
0.08835536259
0.09626115602
0.1005349553
0.1004797946
0.09728765482
0.09427041814
0.09275581185
0.09222967109
0.09288549947
0.09308809945
0.093825096
0.09455719898
0.09554318444
0.09615745087
0.09659480017
0.0972411993
0.0981067433
0.09861836152
0.0990327577
0.09939399054
0.09993636826
0.100517753
0.1010136252
0.1015524077
0.1020881775
0.1026498964
0.1031473416
0.1039549452
0.104521799
0.1051000712
0.1056266114
0.1060550142
0.1067739345
0.107517023
0.1083096214
0.1091277195
0.1097826074
0.1104474906
0.1111301586
0.1115771869
0.1119654674
0.112348405
0.1128734889
0.1133926721
0.1138087993
0.1146848628
0.1152886015
0.1159895704
0.1165427589
0.1169384797
0.1175620838
0.1182471487
0.1186680197
0.1191196835
0.1194520876
0.1196449088
0.119981316
0.1201526488
0.1202532497
0.1205111769
0.120889121
0.1212016014
0.1215338973
0.1217733404
0.1217538578
0.1219267219
0.1219979365
0.1222634037
0.1224054584
0.1230176775
0.1231617545
0.1237995816
0.1242858498
0.1250364035
0.1258781372
0.1265252271
0.1272639963
0.1281155754
0.1284844981
0.1285953771
0.1289884514
0.1291313549
0.1295246539
0.1302229431
0.1307706305
0.1312484848
0.1318780561
0.1327076973
0.1334630281
0.1341403531
0.1348118775
0.1356098854
0.1367493522
0.1378021247
0.1387695679
0.1401338887
0.1420642478
0.1444582132
0.1472934977
0.1507370982
0.1540142677
0.1547662944
0.1517968532
0.1456803212
0.1362484615
0.1294657647
0.1256016095
0.1219050254
0.1212919075
0.1216852564
0.1213615825
0.1195957236
0.1142045701
0.1082611102
0.1039799539
0.1010412722
0.09891715987
0.09764470982
0.09717796587
0.09672159993
0.09625518056
0.09610916443
0.09534482887
0.09502647293
0.09438123893
0.0935535784
0.09290694624
0.0924393118
0.09194889901
0.09133556469
0.09059746127
0.08998212958
0.0893538982
0.08875782449
0.08820385369
0.08767995165
0.0871944657
0.08674692148
0.08632950427
0.0860517116
0.08591881154
0.08593160304
0.08595994906
0.08594228897
0.08611556921
0.08655119579
0.08688607165
0.08731643016
0.08788814427
0.08867427613
0.09017584125
0.09114943469
0.09267183905
0.09377621034
0.09437433968
0.0945982283
0.0957602071
0.09632840084
0.09694825158
0.09702379381
0.09718494835
0.09651799294
0.09625528042
0.09512094857
0.09495693946
0.09479844808
0.09459762909
0.09474248841
0.09433986007
0.09443870496
0.09482210861
0.09523884338
0.09601254994
0.09654840291
0.09731349581
0.09831941336
0.09922701034
0.09982372487
0.09949844471
0.09850291348
0.09839719431
0.09812089967
0.09817664296
0.09845701557
0.09854250304
0.09882200179
0.09889167675
0.09950079162
0.09988987946
0.1003011298
0.1011494548
0.1022518953
0.1032434567
0.1045603483
0.1054508594
0.1058200984
0.1057152697
0.1057139132
0.1058870269
0.1064811532
0.1065105479
0.107148816
0.1073833739
0.1074923388
0.108469694
0.1090757546
0.1099721663
0.1110863746
0.111495045
0.1117578491
0.1119943045
0.112194491
0.1121876167
0.1123260844
0.1127606624
0.1134108981
0.1137548953
0.1131771308
0.1126640229
0.112215713
0.1121731524
0.1120919343
0.1119961687
0.111215746
0.1106309824
0.1101196721
0.1094507027
0.1094549721
0.1088127424
0.1080544406
0.1106086618
0.1112950999
0.1117749848
0.1117775814
0.1117332065
0.1118090483
0.1118584583
0.1121183412
0.1120488077
0.1124261111
0.1128534902
0.1131441742
0.1133209082
0.1130246898
0.112869827
0.1130325212
0.113360556
0.11407797
0.1146913543
0.1147119355
0.1143994885
0.1143750623
0.1146287034
0.1146925527
0.1151360939
0.1159541088
0.1166637913
0.1171063421
0.1172867795
0.1174581789
0.1179531857
0.1179335116
0.1178423399
0.117565987
0.1174565311
0.1177967333
0.1175064903
0.1169893627
0.1173056464
0.1173967348
0.1176513829
0.1173872972
0.1173673235
0.1172514344
0.1181230204
0.1186045616
0.1186463233
0.1188195952
0.1193491315
0.1197147835
0.1204431497
0.120951697
0.1218293001
0.1218005297
0.1221730976
0.1223871075
0.1222362228
0.1221659819
0.1221621287
0.1221277905
0.1223622403
0.1224483519
0.1221425128
0.1224975705
0.1227077272
0.122705347
0.1230414629
0.1228367157
0.1228644625
0.1233410685
0.123522255
0.1236755449
0.1238733012
0.124060846
0.1241328929
0.1248606932
0.1251277416
0.1250011
0.1249409875
0.1245130425
0.1243265213
0.1238763555
0.1238999661
0.1238854935
0.123958589
0.123958589