0
0.082364
0.110529
0.12853
0.136043
0.13785
0.137972
0.136211
0.134532
0.134443
0.136032
0.137708
0.138809
0.140023
0.14068
0.14024
0.138705
0.136743
0.135069
0.133666
0.133029
0.13327
0.133964
0.134429
0.134569
0.135167
0.137106
0.14034
0.14334
0.14452
0.143685
0.141962
0.141163
0.141601
0.143138
0.14483
0.145945
0.146142
0.145674
0.146038
0.14788
0.150438
0.151938
0.151972
0.151702
0.152374
0.153967
0.155552
0.15627
0.156035
0.15571
0.156361
0.158138
0.159834
0.160283
0.159406
0.158289
0.158021
0.159179
0.161113
0.162534
0.16294
0.162921
0.163467
0.164717
0.166193
0.167575
0.167951
0.167126
0.16568
0.165279
0.166323
0.16721
0.166813
0.165343
0.164255
0.163789
0.163555
0.163151
0.162392
0.16118
0.158768
0.154836
0.150127
0.146628
0.145593
0.146583
0.150664
0.156726
0.162103
0.161911
0.15674
0.151648
0.149299
0.149218
0.148464
0.146927
0.145096
0.144089
0.144516
0.146047
0.147358
0.147176
0.14521
0.142652
0.140759
0.139901
0.139347
0.138303
0.136822
0.13491
0.133172
0.132382
0.133063
0.134755
0.136332
0.137548
0.138408
0.13881
0.138508
0.137791
0.137227
0.136781
0.135831
0.134253
0.133171
0.13386
0.135864
0.137981
0.139156
0.139617
0.139515
0.139261
0.139912
0.141537
0.143227
0.144728
0.147044
0.149911
0.151819
0.151152
0.149484
0.147551
0.146391
0.146528
0.147739
0.149762
0.151442
0.153063
0.154591
0.155987
0.157597
0.159478
0.161406
0.162599
0.162755
0.162689
0.163156
0.164058
0.164294
0.163527
0.162685
0.162833
0.164576
0.167101
0.16921
0.169916
0.170101
0.170225
0.169476
0.166702
0.162972
0.159463
0.15658
0.155153
0.156628
0.160483
0.163481
0.164016
0.162591
0.161252
0.160485
0.160502
0.160205
0.159121
0.157158
0.15521
0.153883
0.152934
0.152162
0.151343
0.150773
0.150111
0.149093
0.14775
0.146651
0.146153
0.146268
0.146632
0.146799
0.146446
0.145762
0.144839
0.143393
0.141239
0.138993
0.137868
0.138065
0.13889
0.13918
0.137971
0.135704
0.133812
0.134021
0.135878
0.137289
0.137268
0.135973
0.134641
0.133851
0.134155
0.135627
0.137199
0.137767
0.13681
0.135573
0.135615
0.137286
0.139063
0.139504
0.13884
0.138421
0.138907
0.139962
0.141519
0.143248
0.144716
0.144906
0.14427
0.144421
0.14634
0.149534
0.152321
0.154006
0.154488
0.154367
0.154107
0.154143
0.154073
0.153467
0.152453
0.152045
0.153289
0.156154
0.159825
0.163483
0.166354
0.167624
0.166434
0.163474
0.159901
0.157519
0.157208
0.158956
0.161744
0.16393
0.165012
0.165156
0.165652
0.167007
0.168956
0.170163
0.169869
0.167855
0.165068
0.163227
0.163088
0.163821
0.163635
0.162167
0.160412
0.159152
0.158839
0.158977
0.158807
0.157219
0.154687
0.152847
0.152418
0.152703
0.152194
0.151001
0.14949
0.14824
0.14756
0.147117
0.146508
0.145419
0.144674
0.144815
0.14526
0.145425
0.145419
0.14577
0.145902
0.145352
0.144261
0.14315
0.141885
0.139721
0.136844
0.133911
0.132795
0.134342
0.137655
0.140268
0.140198
0.137859
0.134855
0.132692
0.131791
0.131888
0.132659
0.133626
0.134297
0.134517
0.134912
0.13615
0.138172
0.140276
0.141951
0.143108
0.143495
0.143158
0.142494
0.142234
0.142149
0.141988
0.142654
0.14508
0.149144
0.152725
0.154595
0.154614
0.152812
0.150137
0.147919
0.148042
0.150095
0.152312
0.153983
0.155844
0.158855
0.161815
0.163333
0.163513
0.163423
0.163439
0.162995
0.161912
0.161098
0.16094
0.161351
0.162288
0.163774
0.166428
0.168485
0.168898
0.167425
0.166215
0.1665
0.167365
0.167432
0.16607
0.164535
0.163935
0.164872
0.166179
0.166569
0.165335
0.163391
0.161705
0.160745
0.159906
0.158905
0.15771
0.156492
0.155669
0.155113
0.154859
0.154031
0.15226
0.149979
0.148019
0.14718
0.147113
0.146984
0.146033
0.144417
0.143395
0.143753
0.144564
0.144781
0.144246
0.143582
0.14285
0.141668
0.140398
0.139222
0.138176
0.137143
0.136166
0.135747
0.136179
0.137233
0.138084
0.138334
0.137889
0.136935
0.135589
0.134644
0.134336
0.133732
0.131365
0.127566
0.12466
0.124624
0.127409
0.131086
0.136195
0.142224
0.147304
0.148186
0.145409
0.14308
0.142815
0.14357
0.14358
0.14332
0.143958
0.14588
0.148588
0.151489
0.153514
0.154476
0.154567
0.154609
0.155046
0.155792
0.156207
0.155641
0.154494
0.153972
0.155417
0.158351
0.161379
0.163126
0.163511
0.16353
0.163958
0.164511
0.164497
0.163739
0.163141
0.163487
0.164351
0.164638
0.1643
0.163901
0.16419
0.164355
0.164097
0.163647
0.162648
0.16189
0.162929
0.166958
0.171459
0.170423
0.164161
0.156381
0.153205
0.154677
0.157017
0.15794
0.156718
0.155783
0.155776
0.156645
0.15751
0.157312
0.15566
0.153019
0.150641
0.149209
0.148305
0.147449
0.146589
0.1461
0.145838
0.145889
0.146209
0.146866
0.146966
0.146035
0.145059
0.14442
0.143662
0.141146
0.137541
0.134678
0.132054
0.129575
0.128227
0.130058
0.133588
0.13528
0.134681
0.133571
0.133798
0.135117
0.136708
0.137874
0.137978
0.137149
0.136361
0.136386
0.137165
0.137791
0.137947
0.137896
0.137958
0.138147
0.138495
0.139546
0.141322
0.142975
0.143801
0.144243
0.145544
0.148017
0.150365
0.151634
0.151969
0.152169
0.152364
0.15226
0.152099
0.152243
0.152705
0.153194
0.153875
0.155224
0.157605
0.160751
0.1633
0.16405
0.162686
0.160841
0.160532
0.162216
0.164361
0.164911
0.16365
0.162396
0.163011
0.164925
0.166349
0.166165
0.165107
0.16417
0.163695
0.16364
0.163624
0.163519
0.163401
0.16352
0.163794
0.164071
0.164193
0.164026
0.163462
0.162378
0.160535
0.157491
0.153623
0.15075
0.150357
0.152272
0.15464
0.155672
0.156463
0.15706
0.156848
0.153928
0.149116
0.144603
0.141385
0.139735
0.139403
0.140197
0.140956
0.14155
0.1416
0.141443
0.141061
0.141049
0.141436
0.141653
0.141645
0.141557
0.140834
0.138839
0.136331
0.135295
0.136359
0.138039
0.138338
0.136842
0.134651
0.133075
0.132962
0.133884
0.135098
0.135759
0.135522
0.134867
0.13496
0.136646
0.138947
0.140321
0.140351
0.139898
0.139742
0.139885
0.140663
0.14185
0.14316
0.143827
0.144181
0.145162
0.14714
0.149761
0.152547
0.155148
0.157092
0.157947
0.158224
0.158423
0.157858
0.156414
0.155243
0.156049
0.158514
0.16093
0.16185
0.161439
0.160698
0.160815
0.1617
0.162615
0.163008
0.162495
0.161364
0.160335
0.160714
0.162935
0.165447
0.166946
0.167097
0.166851
0.166528
0.165468
0.163246
0.161356
0.161507
0.164194
0.167353
0.168767
0.167451
0.163548
0.158841
0.155323
0.153996
0.154037
0.154069
0.154013
0.154865
0.15689
0.159041
0.159499
0.157937
0.154648
0.150922
0.147983
0.146594
0.146602
0.146513
0.145451
0.143417
0.14173
0.141929
0.14372
0.145477
0.145935
0.144815
0.142973
0.141053
0.139621
0.138587
0.137429
0.13654
0.136215
0.136383
0.13657
0.136685
0.136895
0.137174
0.137609
0.138412
0.138932
0.138605
0.137629
0.137343
0.137969
0.138122
0.136694
0.134322
0.133396
0.13535
0.139363
0.142877
0.143832
0.142484
0.140637
0.140123
0.141133
0.142729
0.143717
0.143912
0.144416
0.145982
0.148813
0.151279
0.152914
0.153866
0.154903
0.156205
0.157326
0.158276
0.158464
0.157924
0.157469
0.15829
0.160465
0.162775
0.163946
0.163433
0.161866
0.160711
0.160877
0.161925
0.160844
0.157113
0.153037
0.152519
0.156148
0.162065
0.167646
0.170714
0.169622
0.166111
0.163851
0.163257
0.163278
0.16224
0.161779
0.162616
0.164166
0.165363
0.165012
0.163198
0.160995
0.159575
0.159193
0.158554
0.156702
0.154111
0.15231
0.151987
0.152376
0.152457
0.151935
0.151188
0.150611
0.15027
0.149783
0.148637
0.146826
0.144782
0.142867
0.141487
0.141006
0.141569
0.142227
0.141528
0.139494
0.137554
0.137287
0.13834
0.139016
0.138373
0.136389
0.134445
0.134837
0.13844
0.142902
0.143855
0.139533
0.133364
0.12899
0.128902
0.131886
0.134929
0.136175
0.135628
0.135583
0.136598
0.138382
0.140474
0.142671
0.144242
0.144443
0.14327
0.141802
0.141706
0.143447
0.145927
0.147249
0.146935
0.146594
0.147728
0.150285
0.153262
0.155673
0.156921
0.156649
0.156544
0.157371
0.158131
0.156917
0.154414
0.15261
0.152603
0.154351
0.1571
0.159479
0.160353
0.160677
0.161332
0.162967
0.164327
0.16461
0.163166
0.161363
0.16114
0.162944
0.165042
0.165516
0.164361
0.162835
0.162271
0.162834
0.163683
0.163551
0.16267
0.162036
0.162582
0.16365
0.164047
0.163439
0.161977
0.16035
0.159025
0.158091
0.157168
0.155682
0.153865
0.152408
0.152138
0.15302
0.154079
0.154213
0.152775
0.15044
0.148277
0.147161
0.146917
0.146322
0.144586
0.142335
0.141201
0.141709
0.142638
0.142372
0.14089
0.139073
0.137527
0.136299
0.135604
0.135883
0.136769
0.13741
0.137092
0.136409
0.13629
0.137216
0.138465
0.139039
0.138705
0.137788
0.136917
0.136177
0.135743
0.135058
0.133979
0.132709
0.132308
0.133798
0.136786
0.140152
0.142158
0.142814
0.144072
0.146478
0.148825
0.14854
0.145903
0.143147
0.141061
0.140311
0.140734
0.143209
0.147246
0.151255
0.153739
0.154178
0.154033
0.155228
0.158212
0.161385
0.162742
0.161666
0.159544
0.158373
0.159157
0.160999
0.162059
0.162103
0.161923
0.16218
0.162884
0.163516
0.163909
0.1636
0.163146
0.163429
0.164261
0.164471
0.16321
0.161319
0.160412
0.161065
0.16212
0.162165
0.161625
0.161767
0.162931
0.164458
0.165906
0.166876
0.165851
0.163488
0.161758
0.161934
0.162033
0.160132
0.156909
0.153741
0.15194
0.152039
0.153444
0.154225
0.152849
0.150148
0.147437
0.145255
0.14396
0.14354
0.143402
0.142267
0.140595
0.139786
0.140551
0.141842
0.142595
0.14244
0.141873
0.141056
0.139882
0.138142
0.135684
0.13315
0.131285
0.131808
0.134626
0.138101
0.139952
0.140195
0.140404
0.139623
0.137548
0.134873
0.134403
0.135717
0.136394
0.135361
0.133554
0.133235
0.135153
0.138622
0.141823
0.143768
0.144387
0.144319
0.143854
0.143565
0.143741
0.14436
0.145134
0.145866
0.146585
0.14782
0.150381
0.154067
0.157285
0.158306
0.156994
0.155053
0.154341
0.155588
0.157847
0.1595
0.16019
0.16074
0.162086
0.163861
0.165035
0.165097
0.164292
0.163663
0.163972
0.165342
0.166355
0.165719
0.164046
0.163179
0.164423
0.166444
0.1673
0.166054
0.163517
0.161602
0.161165
0.161736
0.162037
0.161508
0.16102
0.161282
0.161949
0.162351
0.162168
0.161819
0.161464
0.161011
0.160481
0.159147
0.156977
0.154807
0.153806
0.154094
0.154391
0.153774
0.152038
0.14976
0.14781
0.146408
0.145634
0.144924
0.142218
0.137082
0.131514
0.129789
0.132535
0.136246
0.13986
0.142551
0.144368
0.143196
0.140065
0.138273
0.1381
0.138381
0.136964
0.134931
0.133855
0.134462
0.135962
0.137044
0.137451
0.137428
0.13746
0.137516
0.137629
0.137705
0.137625
0.137471
0.137139
0.137071
0.137624
0.138769
0.139964
0.140775
0.141423
0.141955
0.142384
0.143079
0.14462
0.146745
0.148148
0.148212
0.147794
0.148033
0.149371
0.150887
0.152308
0.153094
0.153218
0.152901
0.153028
0.15443
0.155954
0.157017
0.158506
0.162073
0.166332
0.168171
0.165635
0.161264
0.157605
0.157254
0.159469
0.161606
0.162351
0.161575
0.161923
0.163739
0.16658
0.169076
0.169568
0.167953
0.165274
0.163757
0.164264
0.165484
0.165587
0.163893
0.16229
0.162353
0.164163
0.16582
0.165749
0.163931
0.162289
0.161673
0.161106
0.15888
0.154884