2.687503815
2.674233437
2.634059191
2.583345413
2.528584242
2.462664843
2.399360895
2.324418306
2.237431765
2.153831005
2.064836025
1.970771551
1.856016159
1.741487384
1.633448601
1.525098681
1.608382583
1.646149278
1.682921886
1.979487181
2.357710361
2.585577011
2.767845869
2.730950117
2.772188425
2.782001972
2.770136595
2.662943602
2.56369853
2.475642204
2.37708807
2.258785725
2.130059958
2.008071661
1.891371489
1.799800515
1.727749467
1.656528354
1.598879099
1.55834949
1.545316458
1.521472335
1.517504215
1.510916233
1.516896844
1.534196496
1.539255619
1.543047428
1.557197809
1.579011559
1.594550729
1.506628394
1.59801352
1.635632873
1.657284379
1.684517145
1.706317425
1.715127707
1.729482293
1.727106571
1.736157894
1.744219184
1.741034627
1.741011024
1.739188552
1.747196674
1.743074298
1.742478132
1.726202607
1.725597382
1.728208423
1.727674127
1.730434537
1.736187935
1.740766048
1.737496614
1.730197191
1.729506969
1.731680155
1.731930017
1.72540009
1.722699046
1.708831787
1.701330066
1.706403136
1.703653812
1.699939966
1.698706269
1.681995869
1.680772662
1.667562723
1.665779948
1.654933453
1.646682262
1.637582183
1.643380284
1.649442315
1.658293366
1.660672188
1.659415483
1.640571237
1.654666901
1.669863462
1.669180155
1.659873009
1.645549774
1.646665215
1.64609015
1.658177972
1.672886968
1.676197767
1.678842187
1.675359726
1.658480167
1.643254161
1.645461917
1.640337944
1.641547322
1.626981497
1.625580907
1.606440187
1.610394835
1.603551865
1.592225671
1.585328579
1.585734844
1.579740405
1.573437333
1.573264599
1.585710406
1.601123452
1.645627379
1.719079971
1.822801948
1.941304803
2.075278282
2.176456928
2.218858719
2.180755138
2.08354044
2.017423153
1.942603707
1.824552894
1.697114825
1.584712029
1.468839288
1.385804653
1.310889006
1.22923553
1.229253769
1.200766206
1.193868041
1.196591973
1.211811304
1.216488719
1.223340988
1.234841943
1.242302299
1.244937897
1.259908199
1.270992279
1.291046858
1.315964341
1.33105433
1.33727479
1.344342113
1.351232648
1.360302091
1.371977687
1.38652277
1.393134594
1.392225504
1.390004635
1.38313055
1.383263588
1.385705948
1.390673518
1.407375693
1.422024965
1.442937016
1.446321845
1.452639222
1.470787644
1.487897873
1.494277835
1.49556911
1.490326166
1.488530636
1.490325689
1.499293685
1.513415575
1.533177018
1.542998552
1.547783136
1.55751431
1.581753373
1.583406568
1.59285152
1.616500616
1.626047969
1.638236761
1.653381228
1.674887896
1.67082119
1.685409904
1.687894344
1.698651433
1.702051997
1.700481057
1.716024041
1.709493518
1.713891506
1.705748677
1.711675763
1.715914726
1.706301093
1.705065608
1.697383761
1.705115438
1.697181225
1.69346571
1.686749935
1.681545138
1.682851315
1.688992381
1.696869969
1.705263019
1.698670745
1.694863081
1.690955877
1.693577647
1.692710757
1.683847666
1.669437647
1.671598554
1.671497345
1.663249373
1.64898777
1.654863715
1.653571606
1.660796285
1.667456985
1.668209791
1.675096035
1.681280494
1.680903077
1.672206283
1.671810269
1.683315516
1.680492401
1.683007479
1.685198307
1.685947537
1.697461247
1.713266611
1.71080637
1.706024766
1.724812746
1.726098776
1.741359472
1.741065621
1.75102365
1.763927221
1.774112701
1.778374314
1.790584207
1.807078958
1.814924002
1.813387513
1.815288186
1.81335938
1.81786406
1.824104309
1.826646209
1.834483504
1.855093718
1.883209586
1.902199268
1.921241999
1.930685163
1.940386295
1.946465254
1.959691048
1.97074151
1.983724594
1.989685416
2.008248091
2.018994093
2.021159887
2.040642738
2.060160875
2.07401967
2.095964193
2.108522415
2.130845785
2.147355556
2.156431198
2.169427633
2.197051764
2.214788437
2.227398157
2.234973669
2.242230415
2.250116587
2.256000757
2.254242659
2.259254217
2.263596535
2.267475128
2.27681756
2.282924652
2.295819521
2.300679922
2.305912495
2.320386171
2.311656952
2.323553085
2.340758801
2.325642586
2.309256554
2.301761627
2.303129196
2.305058479
2.306709766
2.316048861
2.32175684
2.336771488
2.361392498
2.370820284
2.391266346
2.409779787
2.42249608
2.425386429
2.437344074
2.442078352
2.438696623
2.44010663
2.443481684
2.440453768
2.446640491
2.441217661
2.428472519
2.44322443
2.431849718
2.43208909
2.440672398
2.454120398
2.462007761
2.467187643
2.465397835
2.474750519
2.470383167
2.474547148
2.472755194
2.482910156
2.496098518
2.507354975
2.525314331
2.540234804
2.546430349
2.55198288
2.57124424
2.583563328
2.589344025
2.593584538
2.613050699
2.642009974
2.64865613
2.641775131
2.633553982
2.628403902
2.631387234
2.63974452
2.643170118
2.647063494
2.662064552
2.678404331
2.676141739
2.669707775
2.671218395
2.676740408
2.676588774
2.681032181
2.69264698
2.698771954
2.685668707
2.689754009
2.700494766
2.699102163
2.685090542
2.688466072
2.67845583
2.683457613
2.690440655
2.694644213
2.688253164
2.683503389
2.684304476
2.686546803
2.694582701
2.691776991
2.69051218
2.690366507
2.708597183
2.710860729
2.722487211
2.735548973
2.739194632
2.732758045
2.737880707
2.745051622
2.744780302
2.741245031
2.739598274
2.750616074
2.763743401
2.805031538
2.817329407
2.783893347
2.719907045
2.627973318
2.512019396
2.387736559
2.267143726
2.127921104
1.985686302
1.840770245
1.702890158
1.561686754
1.424887657
1.275549054
1.144731879
1.251052618
1.17807138
1.17417872
1.399705529
1.764300227
1.892956495
2.177203417
2.281408787
2.400816679
2.509043217
2.534989357
2.487606525
2.415580273
2.324241877
2.213504553
2.079524517
1.950509071
1.837074161
1.730557084
1.597014546
1.56828928
1.508327961
1.471697688
1.449367166
1.44172287
1.416294456
1.40128839
1.416094422
1.421477079
1.421850324
1.425145388
1.428162217
1.426233053
1.428900957
1.436974525
1.438623309
1.442466855
1.470843077
1.494171739
1.500474691
1.511292696
1.506265879
1.511581421
1.516776681
1.523689628
1.545942664
1.546317697
1.545165062
1.546615243
1.532040715
1.539078712
1.536846757
1.534107924
1.527847767
1.529410005
1.519221425
1.516825557
1.511252165
1.500184059
1.481797934
1.478084683
1.476499438
1.476772666
1.465842605
1.457382917
1.451818705
1.449331164
1.451439023
1.446058869
1.437524915
1.43589294
1.470736265
1.475463033
1.46598351
1.449625015
1.433979988
1.411627054
1.394481301
1.383511901
1.383713007
1.376390815
1.369487524
1.359093547
1.357878566
1.341243029
1.332564116
1.31373477
1.309427023
1.301789045
1.295691252
1.286038995
1.287331223
1.280002356
1.290314078
1.278431296
1.258956909
1.246360064
1.248042703
1.233905315
1.207308292
1.208958507
1.2085886
1.211227179
1.208498478
1.212622523
1.201515079
1.18618989
1.172909141
1.169874072
1.177052617
1.162529707
1.151342034
1.137624383
1.133762479
1.139182687
1.139508843
1.144327521
1.149842024
1.144697666
1.148834109
1.155359268
1.157214761
1.158455014
1.164234042
1.17501986
1.182585716
1.214077115
1.24627018
1.296790123
1.363835096
1.428118944
1.48632586
1.535797596
1.570752144
1.590141535
1.584970951
1.549669385
1.480637908
1.41169405
1.343753338
1.286010861
1.262923956
1.257287145
1.292834997
1.308503747
1.311639786
1.286729217
1.251353145
1.201296568
1.16110146
1.119939804
1.086957455
1.071670055
1.050865531
1.037119031
1.028712511
1.025149345
1.021809101
1.022102237
1.021408677
1.02355063
1.029306173
1.036196232
1.041162848
1.040228367
1.034822822
1.039527416
1.042533994
1.048040748
1.051861882
1.065715671
1.076941967
1.064967752
1.06308043
1.051568031
1.064389825
1.075000644
1.100812554
1.111971617
1.125361919
1.128651738
1.152389765
1.152855754
1.155824423
1.181468606
1.187074065
1.189813852
1.208247066
1.220186234
1.231207728
1.250283957
1.284437776
1.314296126
1.324475408
1.34337914
1.353227496
1.3652457
1.368196845
1.368864775
1.383725047
1.37996304
1.373922467
1.372445822
1.369337201
1.354891181
1.371227503
1.373408318
1.366250396
1.370490551
1.360533357
1.356853962
1.368685365
1.357458949
1.349898577
1.345121026
1.3378613
1.336110592
1.327355266
1.328874469
1.325802803
1.332968235
1.337231636
1.343926668
1.349339724
1.360256553
1.367436886
1.362546086
1.383143663
1.399475574
1.4128474
1.434311271
1.447802186
1.460375786
1.473551273
1.479600906
1.496886969
1.505136013
1.516731739
1.540246248
1.554861069
1.559628129
1.576352119
1.601617098
1.609571099
1.622279286
1.637004375
1.648609996
1.670791626
1.712523699
1.742668629
1.755123854
1.760877013
1.781154752
1.810580969
1.824855089
1.838360429
1.85224402
1.85485971
1.875978231
1.915780306
1.949559093
1.968090892
1.980269074
1.996975183
2.011502743
2.039776564
2.060207844
2.083531618
2.118109703
2.15246129
2.185652018
2.21590662
2.254181862
2.290800571
2.322723627
2.361691475
2.400967598
2.459566116
2.482395887
2.535116196
2.588823795
2.666379213
2.732056856
2.823511839
2.935522556
3.026058435
3.100062609
3.145800114
3.1603508
3.126564026
3.036265373
2.895344019
2.645016432
2.429964066
2.214382648
2.31660533
2.502911568
2.666633606
2.74830389
2.774257898
2.785179377
2.789670229
2.783853531
2.754931927
2.712735653
2.670112133
2.620770693
2.593033791
2.565993071
2.536128759
2.515245914
2.499128103
2.489701509
2.48829031
2.498160124
2.493767977
2.503718376
2.520607233
2.542975903
2.557211637
2.580449581
2.583409786
2.592955112
2.61522913
2.623728037
2.651016712
2.677449465
2.697441339
2.70055604
2.715095282
2.732031822
2.758446455
2.76459384
2.765705824
2.779098034
2.791598082
2.812085152
2.818072796
2.837202072
2.847302198
2.879626274
2.899109364
2.901735783
2.91031599
2.921860456
2.920154095
2.941319704
2.95010972
2.946763992
2.949249506
2.957325697
2.971927881
2.972388983
2.976774931
2.975008249
2.982787132
2.986600161
2.996133327
2.992866516
2.995689631
2.992176771
2.995537758
2.99302721
2.983405113
2.983994484
2.990835428
2.983876467
2.979814768
2.980132103
3.000528574
3.005058289
2.999278069
2.99704361
3.008395433
3.005668879
3.006833315
3.007433414
2.997109652
2.990498781
2.998311758
3.009433985
3.009163141
3.013664961
3.013769865
3.010938644
3.006305456
3.002366066
3.012037754
3.015284061
3.024193287
3.03013134
3.041724443
3.059392452
3.065677643
3.075148106
3.075327635
3.080942154
3.080403328
3.094110012
3.097051382
3.12022686
3.120203018
3.094475746
3.033663034
2.936305761
2.829554319
2.704025745
2.543609619
2.365226507
2.181114674
1.989619732
1.772423506
1.571000099
1.375992179
1.168955445
0.9572474957
0.7752109766
0.608617425
0.4533801675
0.309759289
0.2086907476
0.11220029
0.04866943508
-0.4963992238
-0.2622080743
-0.1750729978
-0.1942773312
-0.1240428984
-0.06080599129
0.1476554722
0.6440874338
1.023416758
1.436779618
1.649697542
1.936311007
2.228564501
2.432230949
2.572599888
2.571237087
2.556148291
2.558665752
2.52103281
2.469336033
2.433605194
2.367141724
2.301162958
2.217739582
2.13101697
2.036965132
1.95646441
1.87138319
1.798704386
1.728783607
1.674724698
1.636947632
1.608167887
1.571554542
1.556861281
1.546638846
1.545662403
1.545791149
1.54030025
1.545624137
1.552799463
1.558187008
1.560903549
1.566957831
1.565956116
1.572608471
1.576161504
1.580826998
1.588635445
1.587848425
1.581997275
1.566856265
1.565968871
1.554412007
1.555136681
1.545794249
1.537643909
1.526767015
1.519337654
1.502423167
1.480573058
1.46888876
1.444463968
1.436005712
1.429629683
1.413716078
1.402835846
1.39841485
1.390795708
1.362272382
1.340022206
1.320689082
1.304579735
1.290068388
1.282087564
1.270561099
1.255694389
1.23346436
1.222267389
1.210801721
1.194050789
1.162274957
1.140468001
1.114205003
1.11179173
1.090511084
1.082428098
1.068681717
1.071172357
1.063694835
1.068043828
1.072575808
1.06923902
1.062512517
1.06827271
1.047634006
1.020104289
1.005054474
0.9843869805
0.9763996601
0.9749929309
0.9675372839
0.9579462409
0.9502622485
0.9511628747
0.9492484331
0.9460418224
0.9420856833
0.9428056479
0.9481850266
0.9579677582
0.9624094963
0.9812745452
1.007270813
1.037773848
1.072295547
1.113846302
1.164093256
1.209789038
1.250289083
1.289101362
1.299886107
1.27898097
1.229356527
1.131545305
1.043182611
0.9807937741
0.9681369066
1.030917525
1.10192728
1.081577063
1.020966649
0.947419107
0.8832112551
0.8230512142
0.7737579942
0.7228180766
0.6803185344
0.6481374502
0.6373333931
0.6263749599
0.6281770468
0.637213707
0.6440142989
0.6488166451
0.6515243053
0.657668829
0.6714026332
0.6785842776
0.6883084774
0.6943581104
0.6998210549
0.7046374083
0.7164860368
0.7229613066
0.7236803174
0.7318986058
0.7428718209
0.7537698746
0.7626543641
0.7647148967
0.7684791684
0.7777427435
0.7855946422
0.795429647
0.8072296381
0.822049439
0.8449923396
0.8565496206
0.8727936149
0.8857656121
0.8981633186
0.9025251269
0.9182568789
0.9331433177
0.9506267905
0.9642462134
0.9789041877
0.9881798029
0.9978433847
0.9897992015
0.9934292436
0.9941180348
0.9931181073
0.9963937998
0.9864020348
0.987272799
0.9875422716
0.9846223593
0.9957661033
0.9992094636
1.010652781
1.025672555
1.036214709
1.034275413
1.021020412
1.001097679
1.005695105
1.001720548
1.003791809
1.003633022
0.9970055223
0.996773541
0.9872664809
0.9835028648
0.9805535078
0.9757188559
0.9840347171
0.9966503382
0.9994443655
0.9993052483
1.006035089
1.010187507
1.019378304
1.034547329
1.045616031
1.057747245
1.077069879
1.089141607
1.099354386
1.108377576
1.122261286
1.117722273
1.127114177
1.128101945
1.139646292
1.138088346
1.152072191
1.164760351
1.177464128
1.178604603
1.187892318
1.213745594
1.22619307
1.250917554
1.264958501
1.276948452
1.291926622
1.302800775
1.303636193
1.306932926
1.309258699
1.324538827
1.342155457
1.353877544
1.371381879
1.385408998
1.431844234
1.456811666
1.478831887
1.502133846
1.511916041
1.522564411
1.537751913
1.56092906
1.579484463
1.586439133
1.589293122
1.593497872
1.60636282
1.633115888
1.664397359
1.688181639
1.716205716
1.728941917
1.741889477
1.752616525
1.779780149
1.810011268
1.842455864
1.87146461
1.895852804
1.909905672
1.922748446
1.957740784
2.063833714
2.093326569
2.129096031
2.148230791
2.18493104
2.19917655
2.211564302
2.21518755
2.23739171
2.269475698
2.289569378
2.302472115
2.300365448
2.330546856
2.371641874
2.406385422
2.403977633
2.396202803
2.419183493
2.44288826
2.45904541
2.474444866
2.46968174
2.489173412
2.493122816
2.508182764
2.520493984
2.523686409
2.538768053
2.54409337
2.568227291
2.587148428
2.593517303
2.608948708
2.617411852
2.631710768
2.641178131
2.65716362
2.669043064
2.697517157
2.720122337
2.733258247
2.755014658
2.77250123
2.789574623
2.804559469
2.833772421
2.844448566
2.871536255
2.89323163
2.910555601
2.931694508
2.943416834
2.975052357
2.993105888
3.005473375
3.013993979
3.013993979