-0.2178199738
-0.4583895802
-0.6877925396
-0.9019454718
-1.105240941
-1.303076625
-1.496518254
-1.660622954
-1.800790668
-1.936523199
-2.07428956
-2.209437132
-2.327099323
-2.426577091
-2.52633214
-2.635390997
-2.619050264
-2.638310909
-2.596727371
-2.423078537
-2.128665209
-1.759881377
-1.060403585
-0.7843785286
-0.4583836496
-0.2358012795
0.1441212893
0.501516223
0.7499148846
0.9654832482
1.183683038
1.385497928
1.551210403
1.690762043
1.789405584
1.841007352
1.87964642
1.918147087
1.956773877
1.965215325
1.952589035
1.951708078
1.928214788
1.919610023
1.891191602
1.866842389
1.847115993
1.841263533
1.801892757
1.776283979
1.75193119
1.810671926
1.720983624
1.668102384
1.622736812
1.571659327
1.542121053
1.507282972
1.483413219
1.459620237
1.449095964
1.431521058
1.421612024
1.41323638
1.405431747
1.390585303
1.394769669
1.396609187
1.397335291
1.391972184
1.379405618
1.372485757
1.35484159
1.338260055
1.316129565
1.297496796
1.27737689
1.262609363
1.257942796
1.256862521
1.252337098
1.250790954
1.243725061
1.231368661
1.217391491
1.205021858
1.197501659
1.20120573
1.200064898
1.194293737
1.189898372
1.190249562
1.194376945
1.202257156
1.192859888
1.189492822
1.183007598
1.168352485
1.157235622
1.149775028
1.147071004
1.156812787
1.154357791
1.155192971
1.166077375
1.159556985
1.144977093
1.133897662
1.131107807
1.127866864
1.116353989
1.109914303
1.09806776
1.077405572
1.071711659
1.043931961
1.032176852
1.026423216
1.023523927
1.019550562
1.011986613
1.018179655
1.016083956
1.01998198
1.02580595
1.018506885
1.00797224
1.004426718
0.9913777709
0.9816147685
0.98274827
0.9743027091
0.9469297528
0.9047003984
0.8274700642
0.6416144967
0.371409744
0.04181101918
-0.2702203691
-0.2903526723
-0.003831595182
0.2803782821
0.4926840067
0.6812990904
0.8378776908
0.9439502358
1.023345113
1.080268741
1.133939505
1.114329934
1.120424509
1.110734224
1.100598097
1.074216247
1.047861457
1.024862766
1.006230831
0.977463901
0.9430496097
0.9051946402
0.8745168447
0.8471170068
0.8237303495
0.796687305
0.7664694786
0.7401130795
0.7159395814
0.6907731891
0.6637746096
0.6391102076
0.6153200269
0.587456584
0.5640655756
0.5418378711
0.5222426653
0.5042496324
0.4893544316
0.482696563
0.4651272595
0.4409228563
0.4278202653
0.4066575468
0.3753546476
0.3520841599
0.3244192898
0.2853986919
0.2518903613
0.2267895788
0.1983745396
0.1631554216
0.1431068331
0.1302222461
0.1126253903
0.09252923727
0.06490854174
0.0437999703
0.01945621148
-0.00697382912
-0.03677236289
-0.06185675412
-0.09008188546
-0.1246218383
-0.1548616439
-0.1983199418
-0.2302760184
-0.2754458785
-0.2984024286
-0.3350389302
-0.3644001782
-0.4063844383
-0.4279605448
-0.4523454607
-0.484079361
-0.5125409365
-0.5359413028
-0.5557726026
-0.5875436068
-0.6096729636
-0.6332818866
-0.6449410915
-0.6646443009
-0.6898382306
-0.6987915039
-0.7024328113
-0.7144372463
-0.726626575
-0.7329058051
-0.7331665754
-0.7387601137
-0.7302991152
-0.7218177319
-0.7266538143
-0.7397909164
-0.7471928596
-0.7565613389
-0.7710337639
-0.7777200937
-0.7901477814
-0.8156394362
-0.8353472948
-0.8615990281
-0.8710231781
-0.8807245493
-0.8884340525
-0.892780304
-0.8857650161
-0.882262826
-0.8862212896
-0.8851339817
-0.8829037547
-0.8848483562
-0.8846119046
-0.886069417
-0.8998436332
-0.9193640947
-0.9274881482
-0.9308402538
-0.9388939738
-0.9457163215
-0.9468166232
-0.9458780289
-0.9576858282
-0.968236804
-0.9757489562
-0.970790565
-0.9733656049
-0.9696998596
-0.9770855308
-0.9946961403
-1.018104792
-1.031024456
-1.032895088
-1.022571087
-1.033617496
-1.030489922
-1.022885799
-1.026263237
-1.033843517
-1.029174685
-1.018436193
-1.029746413
-1.030351281
-1.031679988
-1.029826641
-1.043946505
-1.053831339
-1.06503427
-1.077352524
-1.086669564
-1.085549355
-1.0820297
-1.084815025
-1.088036656
-1.090342045
-1.083339334
-1.079480648
-1.087732434
-1.069443345
-1.066833138
-1.052754045
-1.044445753
-1.028116941
-1.017552733
-1.004358411
-1.004798055
-1.020079613
-1.034597754
-1.05109489
-1.064207792
-1.080616951
-1.085195541
-1.092882991
-1.099661589
-1.105094314
-1.110442519
-1.114753366
-1.129108787
-1.135606527
-1.128848433
-1.12866199
-1.143855095
-1.147866368
-1.154886484
-1.139595747
-1.137521505
-1.133468628
-1.12155354
-1.114642382
-1.100556016
-1.079929709
-1.059997201
-1.033561826
-1.003587961
-0.9921317101
-0.9815322161
-0.9724583626
-0.9654104114
-0.9569492936
-0.9520227909
-0.9544987679
-0.9518606663
-0.9530633688
-0.9442153573
-0.9177875519
-0.908739984
-0.8898114562
-0.8636723757
-0.8452928066
-0.829651773
-0.8100676537
-0.7925715446
-0.774065733
-0.7657984495
-0.7560303807
-0.7334715128
-0.7156307697
-0.6950649023
-0.666664958
-0.6449198723
-0.634115994
-0.6028775573
-0.5857558846
-0.5744196177
-0.5554242134
-0.5218632817
-0.4952643514
-0.4857995808
-0.4688109159
-0.4542161822
-0.4418565035
-0.4287717342
-0.4341331124
-0.4528594613
-0.4684965909
-0.4534218311
-0.4253461063
-0.3803481162
-0.3687530458
-0.3586530685
-0.3317822814
-0.3160189986
-0.2890802622
-0.265068382
-0.2473103553
-0.2485761642
-0.2458065152
-0.2311420292
-0.2225130796
-0.2041445673
-0.1842253059
-0.1614734083
-0.1320163459
-0.1095230281
-0.1030133069
-0.09273247421
-0.07121304423
-0.04699678719
-0.03142495453
-0.02700604871
-0.01623076946
0.007335097063
0.03379845619
0.05651980639
0.08546575159
0.114217706
0.1293154508
0.1433019489
0.1803070903
0.2088570893
0.2286059707
0.2424717844
0.2576172352
0.2638167739
0.2873048782
0.302365005
0.2474073172
-0.00212085247
-0.2685486972
-0.5456045866
-0.8217376471
-1.087980032
-1.340972066
-1.561699271
-1.760602474
-1.943033218
-2.104016304
-2.26467824
-2.401646376
-2.51947093
-2.630483627
-2.745791435
-2.82142067
-2.805585623
-2.835983515
-2.853290558
-2.684414148
-2.404483795
-2.219626904
-1.851690888
-1.519474506
-1.094892025
-0.6474988461
-0.2208310068
0.1452777982
0.4833724201
0.7768256664
1.049630404
1.265280128
1.446144938
1.597805858
1.711978912
1.818366528
1.827114344
1.846946836
1.844156265
1.831817269
1.81861341
1.812903762
1.790152311
1.773917079
1.753028393
1.728245616
1.714539886
1.693228483
1.657798767
1.631520391
1.59534049
1.549468398
1.517190099
1.494948506
1.463426709
1.43843925
1.42418623
1.397239923
1.378290534
1.35671854
1.336535454
1.319113016
1.306436658
1.287870049
1.26138103
1.241698146
1.231260538
1.218521476
1.210026979
1.204558969
1.197926521
1.188846827
1.182206631
1.186249495
1.184754491
1.184063792
1.183613062
1.176360726
1.178173184
1.179292083
1.176100612
1.175532818
1.177057862
1.179970384
1.18408072
1.183663845
1.184250116
1.101786137
1.083135724
1.083893418
1.090590715
1.097895384
1.102542162
1.111738682
1.120907784
1.131726503
1.127767801
1.121470332
1.110641003
1.117814422
1.10910356
1.110148907
1.10315609
1.100680709
1.10626018
1.110394716
1.113240242
1.100425243
1.086812258
1.08643043
1.08551693
1.076911449
1.080848575
1.086105585
1.083075523
1.083262086
1.07747829
1.074626088
1.069615722
1.066050649
1.056059957
1.048604012
1.046178937
1.042294264
1.032313585
1.020593286
1.001814127
0.9793508053
0.9613995552
0.9452651739
0.9322244525
0.9087648392
0.8974785209
0.8858067393
0.8740238547
0.8600303531
0.8532159328
0.8384848833
0.8357356787
0.8259813786
0.8195471764
0.811444521
0.7983211875
0.7766635418
0.7349781394
0.6833850145
0.6101139188
0.5150995851
0.3863652349
0.2487178445
0.1096800864
-0.04721966013
-0.2077151835
-0.3542810678
-0.4744185805
-0.5660043955
-0.6006153226
-0.5805149078
-0.5130581856
-0.3728615642
-0.2269015312
-0.04678803682
0.1143106595
0.2481172383
0.3512949049
0.4227712154
0.4705207944
0.5014971495
0.5301809907
0.5425935984
0.5564119816
0.5626684427
0.5664868951
0.5691595674
0.5625098944
0.5504127741
0.5353092551
0.5150646567
0.496832639
0.4791820943
0.4635331333
0.4545303881
0.4457408786
0.4303496182
0.4205847383
0.4128806591
0.4029655159
0.3911355436
0.4293986559
0.4271606803
0.4558422863
0.4376839995
0.3985153139
0.3673885465
0.328322947
0.2978212833
0.264623791
0.2351025939
0.2080634236
0.1712919325
0.1418523192
0.1309368163
0.1064461321
0.08040748537
0.0609642528
0.0306080915
0.007421417162
-0.01325947978
-0.04215500876
-0.07081287354
-0.1942742914
-0.2462578565
-0.2833390534
-0.3230483532
-0.3363813758
-0.3587402403
-0.3837976456
-0.4216459394
-0.4672162235
-0.4882479608
-0.505662322
-0.5442271829
-0.5511010885
-0.5690817237
-0.6027903557
-0.6155734658
-0.6259530187
-0.644800961
-0.6574031115
-0.6654946804
-0.6619677544
-0.656522274
-0.6561748981
-0.6556951404
-0.6611840129
-0.6659880877
-0.6780873537
-0.6893975735
-0.6977937818
-0.7062684894
-0.7270476818
-0.7439867258
-0.7598769665
-0.7811511159
-0.7925323248
-0.7977743745
-0.8161408305
-0.8252438307
-0.8343989849
-0.850071907
-0.8558921218
-0.8702649474
-0.8762007356
-0.8798167706
-0.8963067532
-0.9040307999
-0.9084559679
-0.9197226167
-0.934661448
-0.9344724417
-0.9323766232
-0.935360074
-0.9384047389
-0.9358981252
-0.9423368573
-0.9578542709
-0.9705589414
-0.9794266224
-0.9887566566
-1.001921177
-1.012435436
-1.017988801
-1.016508698
-1.025311351
-1.033137679
-1.03183496
-1.019425988
-1.022421837
-1.025170922
-1.022510529
-1.031784296
-1.030872583
-1.018151045
-1.018432975
-1.019506574
-1.008999467
-1.001545787
-0.9900406599
-0.9707177281
-0.9563456178
-0.9483065009
-0.9347591996
-0.9172284603
-0.892550528
-0.8748059273
-0.8538914323
-0.830213666
-0.7739732265
-0.7007186413
-0.5852506757
-0.439591378
-0.2701377869
-0.04192984104
0.2058407515
0.4846066535
0.8167150021
1.16157794
1.504335642
1.841561913
2.148661375
2.021903992
1.705723286
1.34059906
0.9720391631
0.6338144541
0.337689817
0.06573568285
-0.1891219914
-0.4246394336
-0.625995934
-0.7950826883
-0.936306715
-1.037729144
-1.132552385
-1.204004288
-1.264833808
-1.317473292
-1.350356102
-1.35292542
-1.358578444
-1.429728508
-1.391896248
-1.360863566
-1.326930285
-1.294583917
-1.274091005
-1.256716013
-1.234340429
-1.209787726
-1.182284832
-1.142770529
-1.102865458
-1.074178934
-1.038998961
-1.013721347
-0.9834014177
-0.9581853151
-0.9422145486
-0.9336128831
-0.9120153785
-0.9013183117
-0.8815251589
-0.8570007086
-0.8326132894
-0.8279659748
-0.7974278927
-0.783874929
-0.7670840025
-0.7715345621
-0.7591951489
-0.7140089869
-0.6654586792
-0.6267439127
-0.6051840782
-0.5854462385
-0.5613754392
-0.5228279829
-0.5037321448
-0.4936310649
-0.4715287983
-0.4558853507
-0.4387085736
-0.4217276573
-0.4125288725
-0.405244112
-0.3950701356
-0.3781577647
-0.3651542366
-0.3593888283
-0.3492769599
-0.3421391249
-0.3284753263
-0.3168022931
-0.2773465812
-0.2483060062
-0.2146067172
-0.182372123
-0.1636766642
-0.1358393729
-0.1004932821
-0.0635009259
-0.03831181675
-0.008479113691
0.02039568685
0.05014774576
0.07355783135
0.09874165058
0.1241381392
0.1491984576
0.1761632264
0.2023328394
0.2149837911
0.2237270474
0.2279066592
0.2514176071
0.2624737918
0.2747779191
0.2847278118
0.2799864113
0.254188627
0.2555396557
0.2716556191
0.2879326046
0.2802700996
0.1974906027
0.09084366262
-0.1313242018
-0.4008166194
-0.6386569142
-0.8861402273
-1.125640392
-1.39153111
-1.638420105
-1.872051358
-2.102984667
-2.308390141
-2.496052504
-2.651911736
-2.779152393
-2.884599924
-2.97892642
-3.044403791
-3.091036797
-3.139101028
-3.146404028
-3.14044714
-3.136113167
-3.137108088
-3.122681618
-3.072025537
-3.098414183
-3.081892252
-3.053870916
-3.041949749
-3.036491394
-3.04665041
-3.046189547
-2.942368269
-2.785403967
-2.650351524
-2.465151787
-2.206927061
-1.88446939
-1.53977561
-1.268430233
-1.030109525
-0.6761589646
-0.3508224189
-0.06019181013
0.2171489447
0.5009533167
0.7420514822
0.9443301558
1.125435829
1.266735673
1.395346642
1.4973768
1.568743944
1.61206913
1.64879179
1.673151731
1.673044801
1.667614102
1.658927321
1.651934505
1.640232801
1.617771983
1.598060131
1.574208856
1.546899319
1.521748185
1.497622132
1.475313187
1.441185355
1.416401148
1.393939495
1.374819994
1.36067462
1.335728049
1.312542439
1.289639235
1.26247406
1.247343183
1.229847431
1.213811755
1.209616542
1.208802342
1.207788825
1.198983431
1.189226985
1.185365558
1.165157795
1.152468681
1.1368469
1.12488687
1.121329188
1.110629797
1.095562458
1.082222104
1.06983602
1.063992739
1.065359831
1.06134069
1.067310572
1.07416141
1.071185708
1.058031678
1.055197477
1.051907182
1.046840191
1.04175508
1.03562355
1.030094504
1.033363104
1.026855111
1.013946533
1.011560917
1.006632566
0.9970713258
0.9896131754
0.9776825309
0.9658486843
0.9454140663
0.9320266843
0.9158960581
0.9056851268
0.8938205838
0.8877051473
0.8897891045
0.8815847635
0.8730230927
0.8628015518
0.8470218182
0.8352147341
0.8247581124
0.8146002889
0.8070565462
0.7998802662
0.7855470181
0.7722771168
0.748617053
0.7224219441
0.7012565732
0.6768829226
0.6427005529
0.5968060493
0.5326846242
0.456191659
0.3614780307
0.2336066365
0.07031649351
-0.09943403304
-0.2827799618
-0.4365909398
-0.5316677094
-0.5746759772
-0.5338304639
-0.3805724978
-0.1317410171
0.07945583761
0.2421759963
0.3683426976
0.4672365487
0.5310130119
0.5588345528
0.5902373791
0.6168787479
0.6243223548
0.6321829557
0.624964416
0.6174530983
0.6082849503
0.5928025842
0.5721898079
0.5529242158
0.5350192189
0.5145806074
0.4968373775
0.4752700329
0.4589109123
0.4402991831
0.424344033
0.4118633866
0.3925159872
0.3669558465
0.3470065296
0.3284474611
0.3146309555
0.2935003936
0.2777074277
0.2705113292
0.2660525441
0.251490593
0.2320642173
0.2096361071
0.1820533425
0.1616004407
0.1424187273
0.1291774809
0.1100301296
0.07807031274
0.05152912438
0.02938993648
-0.002211905085
-0.03428015858
-0.07073044032
-0.1050084904
-0.1480468065
-0.1867740005
-0.222802341
-0.2564572394
-0.2874775231
-0.3175123036
-0.3457541168
-0.3713162541
-0.3985037208
-0.416841805
-0.4285189211
-0.4466443658
-0.4606672823
-0.4760599434
-0.4859994054
-0.4921641946
-0.497435689
-0.519369781
-0.5552991033
-0.5853044391
-0.6144977212
-0.6383138895
-0.6543979645
-0.6710282564
-0.6873480082
-0.7016794086
-0.7048380375
-0.715565443
-0.7228894234
-0.7259751558
-0.7239578366
-0.7199006677
-0.7051673532
-0.7038900852
-0.7139588594
-0.7354502678
-0.7558577657
-0.7713961005
-0.776925683
-0.7957347035
-0.8003975749
-0.8123339415
-0.8270068765
-0.8328789473
-0.8251507878
-0.8207274675
-0.8109673858
-0.8143541813
-0.821113646
-0.8260878325
-0.8317670226
-0.8412997127
-0.8494876027
-0.8497826457
-0.8415470123
-0.8416606784
-0.857766211
-0.8761614561
-0.8946440816
-0.9039335251
-0.9154106379
-0.9293690324
-0.959392786
-0.9848583937
-1.008307219
-1.036323667
-1.049096823
-1.078128338
-1.110789776
-1.157161951
-1.143327236
-1.140787601
-1.153333545
-1.165329099
-1.174464107
-1.18419385
-1.186370492
-1.200630784
-1.200618744
-1.200265408
-1.202766299
-1.206369638
-1.219949603
-1.228658438
-1.230462313
-1.226235271
-1.219051361
-1.209708929
-1.216520786
-1.226859331
-1.228728771
-1.221940994
-1.221225858
-1.211113334
-1.193882227
-1.179017425
-1.159953594
-1.147259831
-1.131889343
-1.107548594
-1.109388828
-1.113228083
-1.124914765
-1.133699775
-1.129636526
-1.140313506
-1.155062914
-1.144339681
-1.145833015
-1.14944756
-1.154011488
-1.143206239
-1.139804721
-1.121282101
-1.120405793
-1.115152478
-1.104285598
-1.084629059
-1.070855975
-1.057947636
-1.03257513
-1.00468576
-1.00077486
-0.9833279252
-0.9797682166
-0.9792749882
-0.9850491881
-0.9703046679
-0.9617353082
-0.9539721608
-0.9431474805
-0.9557327032
-0.9345487356
-0.9235733747
-0.914688766
-0.8952522278
-0.8807814717
-0.8629425168
-0.8365167975
-0.8112355471
-0.7916261554
-0.7704825997
-0.7513665557
-0.71964854
-0.6800098419
-0.6386495829
-0.622333467
-0.6094369292
-0.6103070974
-0.6138469577
-0.6043112874
-0.5900688767
-0.5863309503
-0.5824912786
-0.5824912786