1.817859
1.816789
1.81468
1.810942
1.806821
1.80321
1.799661
1.795758
1.792357
1.788577
1.785218
1.781636
1.777793
1.774654
1.770835
1.767001
1.763703
1.759526
1.756028
1.752262
1.74852
1.745014
1.740874
1.737676
1.733731
1.730037
1.726937
1.723237
1.719966
1.716848
1.713166
1.710102
1.706976
1.703567
1.700192
1.696819
1.693495
1.690009
1.686149
1.683164
1.679173
1.675538
1.672142
1.668397
1.665144
1.661333
1.657815
1.654687
1.650833
1.647825
1.644484
1.640864
1.638082
1.63446
1.630862
1.627701
1.624018
1.620526
1.616718
1.613012
1.60986
1.605826
1.602773
1.599254
1.595877
1.592751
1.589261
1.586075
1.582503
1.578904
1.575955
1.572465
1.569
1.566003
1.56228
1.559147
1.555677
1.551587
1.548731
1.545103
1.54142
1.538012
1.534147
1.53085
1.526774
1.523221
1.519605
1.515504
1.512375
1.508782
1.505064
1.502317
1.498681
1.495349
1.491941
1.488228
1.484931
1.480977
1.477235
1.474004
1.469919
1.466358
1.462776
1.459108
1.455741
1.451968
1.448735
1.445467
1.441578
1.438583
1.434808
1.431265
1.428414
1.424566
1.42152
1.418588
1.414738
1.411595
1.4081
1.40442
1.400988
1.397435
1.394217
1.390327
1.386788
1.383417
1.379706
1.376459
1.372908
1.36952
1.36628
1.362504
1.359323
1.355616
1.351829
1.349025
1.344977
1.341434
1.338524
1.334172
1.330815
1.327501
1.323602
1.320452
1.31641
1.3132
1.309441
1.305284
1.302561
1.298553
1.295393
1.291903
1.288123
1.285345
1.281659
1.278281
1.275246
1.271598
1.268551
1.265029
1.26113
1.258189
1.254203
1.250272
1.24728
1.242894
1.239677
1.23582
1.232512
1.229266
1.225493
1.222119
1.218781
1.214929
1.211673
1.208437
1.204724
1.201735
1.198322
1.19516
1.191635
1.18812
1.184832
1.180987
1.17764
1.173905
1.170071
1.166911
1.163054
1.159546
1.156468
1.152483
1.149482
1.146379
1.142839
1.139944
1.136269
1.133125
1.130113
1.126187
1.123589
1.119857
1.115854
1.113163
1.11151
1.112567
1.116092
1.119401
1.123037
1.126312
1.129585
1.13266
1.136064
1.139421
1.142607
1.146117
1.148979
1.15233
1.156138
1.158946
1.162553
1.166167
1.16952
1.173034
1.176287
1.179997
1.18369
1.186943
1.191085
1.194465
1.197734
1.201685
1.204753
1.207987
1.21148
1.214681
1.218389
1.221423
1.224715
1.228237
1.231271
1.235073
1.238707
1.242014
1.246278
1.249457
1.253057
1.256623
1.260249
1.263874
1.266912
1.270712
1.274201
1.277141
1.280947
1.284022
1.287267
1.29143
1.294036
1.297382
1.301271
1.30422
1.30788
1.311027
1.314983
1.318811
1.321891
1.325664
1.329612
1.332701
1.33694
1.340351
1.34359
1.346934
1.350504
1.354181
1.35757
1.361191
1.364685
1.367677
1.371408
1.374848
1.3783
1.382162
1.385096
1.388533
1.391992
1.395291
1.399237
1.401769
1.405545
1.409339
1.41279
1.416112
1.419569
1.422903
1.426271
1.429761
1.43266
1.435951
1.439353
1.442884
1.445973
1.449041
1.45301
1.456196
1.459679
1.463612
1.467073
1.471162
1.474741
1.478774
1.482078
1.485775
1.489751
1.492365
1.496026
1.499865
1.50223
1.505952
1.509535
1.512806
1.516638
1.519935
1.523559
1.527321
1.530589
1.5344
1.537611
1.541136
1.544889
1.547983
1.55195
1.555257
1.559091
1.562511
1.565609
1.56922
1.572292
1.575398
1.578871
1.581819
1.584989
1.58886
1.591867
1.595191
1.598667
1.601918
1.605425
1.608508
1.612415
1.615917
1.619208
1.62342
1.626263
1.629842
1.633681
1.636756
1.640232
1.643508
1.646904
1.650224
1.653115
1.656879
1.660115
1.663349
1.66705
1.670215
1.673588
1.677475
1.680684
1.68454
1.68762
1.691399
1.694955
1.697753
1.701467
1.704591
1.707623
1.71115
1.714325
1.717324
1.721154
1.724228
1.727738
1.731631
1.735028
1.738932
1.742043
1.745967
1.749685
1.752672
1.756754
1.760118
1.763871
1.767801
1.771255
1.775362
1.778704
1.78247
1.78649
1.78945
1.793038
1.796906
1.799755
1.803613
1.807372
1.810731
1.815095
1.818546
1.816556
1.813228
1.809647
1.806042
1.801854
1.798375
1.795127
1.791017
1.7879
1.784155
1.780286
1.777111
1.773323
1.769589
1.76639
1.762666
1.759055
1.75551
1.751694
1.748455
1.744295
1.740985
1.737043
1.73318
1.729979
1.726045
1.72266
1.719464
1.715655
1.712704
1.70921
1.705973
1.702935
1.699384
1.696396
1.693155
1.68922
1.686364
1.682747
1.679034
1.675913
1.672082
1.668637
1.66503
1.66147
1.658323
1.654061
1.650974
1.647744
1.643947
1.641047
1.637502
1.634298
1.631285
1.627618
1.624372
1.62076
1.617083
1.613827
1.609861
1.60639
1.603026
1.599369
1.596337
1.592571
1.589336
1.586126
1.582486
1.579575
1.576038
1.572488
1.569544
1.565896
1.562494
1.559493
1.555739
1.552448
1.549109
1.54539
1.542289
1.538643
1.535349
1.531452
1.527714
1.524414
1.520223
1.516817
1.513257
1.509305
1.506178
1.502616
1.499723
1.496495
1.492664
1.489715
1.486059
1.482345
1.479309
1.475152
1.471431
1.467948
1.463968
1.460632
1.456779
1.453469
1.450202
1.446276
1.443497
1.439567
1.435973
1.43302
1.429211
1.425964
1.422775
1.419175
1.416191
1.412941
1.409646
1.406282
1.402421
1.399266
1.395734
1.391862
1.38889
1.3854
1.382061
1.378106
1.374872
1.371626
1.36794
1.364849
1.361258
1.357102
1.354242
1.350622
1.346806
1.344187
1.340245
1.33678
1.33335
1.329474
1.326272
1.32246
1.319096
1.31592
1.311719
1.30853
1.304982
1.301168
1.298181
1.294468
1.290751
1.287222
1.283872
1.280809
1.277431
1.274319
1.271558
1.26761
1.264348
1.261025
1.257149
1.254006
1.250312
1.246662
1.242883
1.239186
1.235953
1.232104
1.228706
1.22566
1.221714
1.218471
1.215031
1.211523
1.208394
1.204923
1.201755
1.198409
1.194816
1.191865
1.188296
1.184669
1.181709
1.177662
1.174263
1.171045
1.166863
1.16371
1.159961
1.156738
1.153102
1.149857
1.146922
1.143311
1.140233
1.137138
1.133467
1.130349
1.127406
1.123695
1.120763
1.117119
1.11351
1.11035
1.109067
1.110457
1.11354
1.116985
1.120784
1.123599
1.127197
1.13015
1.133374
1.13698
1.13992
1.143311
1.146634
1.149587
1.153235
1.156286
1.15954
1.163552
1.166184
1.16993
1.173744
1.176918
1.18058
1.184066
1.187714
1.191286
1.194736
1.198596
1.201427
1.204895
1.208768
1.211242
1.214689
1.218087
1.221272
1.224827
1.227946
1.231341
1.235139
1.238529
1.242589
1.24585
1.249298
1.25335
1.256222
1.259948
1.263158
1.266944
1.270344
1.273298
1.276859
1.280289
1.283314
1.287007
1.289993
1.29326
1.297114
1.300092
1.303638
1.307226
1.310452
1.314128
1.317503
1.321064
1.324834
1.328164
1.332297
1.335459
1.339058
1.342907
1.345965
1.349491
1.352718
1.356118
1.359944
1.362902
1.366508
1.36998
1.373157
1.377059
1.380139
1.383382
1.387091
1.389915
1.393696
1.396882
1.40056
1.404209
1.407331
1.411026
1.414443
1.417583
1.421175
1.424224
1.427355
1.430794
1.433913
1.437129
1.440798
1.443887
1.44751
1.450649
1.454192
1.458065
1.46132
1.465245
1.469105
1.472426
1.476279
1.479672
1.483308
1.486559
1.489906
1.493487
1.496319
1.500243
1.503861
1.506672
1.510641
1.514106
1.517246
1.521198
1.524494
1.528014
1.531444
1.534927
1.538786
1.541693
1.545519
1.549068
1.552543
1.556094
1.559224
1.562599
1.565946
1.568961
1.572346
1.575383
1.578226
1.581641
1.584294
1.587907
1.591762
1.594537
1.598211
1.60155
1.604796
1.608724
1.61217
1.616066
1.619358
1.622883
1.626583
1.629192
1.63253
1.636146
1.639099
1.642531
1.645517
1.648877
1.652418
1.655483
1.659016
1.662234
1.665523
1.669399
1.672354
1.675892
1.679615
1.682891
1.686487
1.689544
1.693141
1.696266
1.699256
1.702629
1.705589
1.708895
1.712439
1.715575
1.718991
1.723061
1.726069
1.729872
1.733173
1.736715
1.740539
1.743398
1.747514
1.750904
1.754226
1.758326
1.761612
1.765412
1.769121
1.772729
1.776498
1.77991
1.783443
1.787093
1.790196
1.793866
1.79722
1.800366
1.804049
1.807726
1.809603
1.80821
1.804816
1.801073
1.797848
1.794542
1.790732
1.787365
1.783639
1.77996
1.776491
1.772681
1.769348
1.765842
1.76191
1.758975
1.755264
1.751566
1.748435
1.744394
1.741105
1.737447
1.733748
1.730262
1.726356
1.723125
1.719215
1.71567
1.712799
1.709063
1.705783
1.702951
1.699218
1.696136
1.693232
1.689397
1.686318
1.683011
1.679497
1.676244
1.672505
1.669574
1.66589
1.662356
1.658984
1.655254
1.652058
1.648219
1.644756
1.641679
1.637806
1.634961
1.632016
1.628444
1.62574
1.622425
1.618767
1.61587
1.611717
1.608418
1.605071
1.601355
1.597507
1.593596
1.590791
1.587245
1.583596
1.58071
1.577193
1.574044
1.570731
1.567106
1.564295
1.561
1.557683
1.554634
1.550827
1.547735
1.544571
1.54057
1.537544
1.534261
1.530292
1.527024
1.523152
1.519517
1.515401
1.512308
1.508884
1.504874
1.501817
1.498278
1.494637
1.491613
1.48834
1.484979
1.481391
1.47806
1.474526
1.470696
1.466814
1.463537
1.45941
1.456095
1.452864
1.448915
1.445908
1.442297
1.438994
1.435587
1.432131
1.428787
1.425184
1.421963
1.418847
1.41514
1.412119
1.409128
1.405521
1.402035
1.398789
1.395526
1.392035
1.388423
1.385414
1.381583
1.37798
1.375161
1.370855
1.368072
1.364783
1.360981
1.357973
1.354344
1.350819
1.347516
1.343651
1.34081
1.337083
1.333457
1.330452
1.326537
1.322843
1.319618
1.31596
1.31269
1.309149
1.305791
1.302278
1.298534
1.295399
1.29158
1.288137
1.285101
1.281271
1.27823
1.275122
1.271824
1.268748
1.26537
1.262235
1.258773
1.255059
1.252016
1.248335
1.244493
1.241392
1.237231
1.233831
1.230408
1.226743
1.22376
1.220008
1.216644
1.213438
1.209549
1.2068
1.203509
1.199887
1.196991
1.193414
1.19021
1.187063
1.183501
1.180362
1.176671
1.173247
1.16995
1.165729
1.16261
1.159219
1.155485
1.152421
1.148941
1.145788
1.142504
1.139304
1.136319
1.132837
1.129652
1.126709
1.123462
1.120338
1.116664
1.113005
1.11014
1.106678
1.108442
1.110564
1.11349
1.117441
1.120611
1.12406
1.127124
1.129984
1.133616
1.136619
1.139785
1.143425
1.146106
1.149311
1.152964
1.156079
1.159464
1.16243
1.165989
1.169861
1.172815
1.176668
1.180157
1.18362
1.187429
1.190737
1.194146
1.197568
1.200783
1.20428
1.207054
1.210486
1.213936
1.216671
1.220392
1.223612
1.22674
1.230707
1.233925
1.237481
1.241374
1.244882
1.248532
1.251533
1.255149
1.258841
1.261854
1.265423
1.26868
1.271798
1.275223
1.278249
1.281508
1.284915
1.288301
1.291749
1.294833
1.298323
1.301989
1.304766
1.30854
1.312135
1.315184
1.31936
1.322664
1.326277
1.329994
1.333363
1.33736
1.340218
1.343717
1.34737
1.350366
1.353832
1.357215
1.360275
1.364072
1.367294
1.370518
1.3744
1.377265
1.380988
1.383636
1.3873
1.391117
1.393793
1.397635
1.400859
1.404423
1.407784
1.410594
1.414492
1.41745
1.42065
1.424343
1.427023
1.430184
1.433989
1.436953
1.44031
1.443881
1.446955
1.450965
1.454098
1.457928
1.461654
1.46466
1.468966
1.472123
1.475562
1.479581
1.482561
1.485854
1.489283
1.492685
1.496006
1.499191
1.50303
1.506442
1.509449
1.513473
1.516496
1.519986
1.524018
1.526988
1.530504
1.533853
1.537293
1.541437
1.544362
1.548121
1.551385
1.554462
1.558004
1.560956
1.564005
1.567468
1.570245
1.573607
1.576969
1.579857
1.583678
1.586637
1.59009
1.593683
1.596618
1.600522
1.603579
1.607019
1.610964
1.614027
1.617655
1.620884
1.624198
1.627906
1.630459
1.633892
1.637497
1.640179
1.644052