-0.027007
-0.023263
-0.011113
0.002677
0.01638
0.029206
0.044131
0.057899
0.070988
0.084325
0.097425
0.111619
0.12522
0.138599
0.152958
0.166785
0.180765
0.193891
0.206999
0.220205
0.232734
0.24549
0.258558
0.271125
0.283786
0.296472
0.308704
0.321406
0.334832
0.348115
0.361573
0.374154
0.386365
0.398911
0.410324
0.422753
0.434714
0.447706
0.459858
0.471321
0.482584
0.494835
0.506696
0.517984
0.529324
0.540266
0.55118
0.56207
0.573153
0.583964
0.59398
0.60385
0.613715
0.62337
0.633871
0.644161
0.653087
0.662204
0.670631
0.6788
0.687491
0.695793
0.703689
0.711422
0.71816
0.725694
0.732072
0.739313
0.746028
0.752179
0.758149
0.763096
0.767639
0.773229
0.777043
0.781303
0.785907
0.789192
0.792447
0.795519
0.797478
0.80053
0.802413
0.804251
0.806375
0.806838
0.808046
0.809115
0.809271
0.809347
0.809529
0.809054
0.807959
0.807297
0.806172
0.804373
0.802887
0.801229
0.799095
0.796512
0.793623
0.790923
0.788035
0.784222
0.780143
0.776009
0.772085
0.767577
0.762705
0.757633
0.752343
0.747137
0.741313
0.736202
0.730591
0.72456
0.718627
0.712348
0.705599
0.698435
0.690444
0.682724
0.674975
0.667391
0.659352
0.651127
0.642826
0.634308
0.625175
0.616091
0.607824
0.597571
0.587741
0.577785
0.567768
0.557756
0.546836
0.535436
0.524417
0.507189
0.495238
0.483746
0.470204
0.462214
0.450029
0.437173
0.424645
0.411329
0.397716
0.384015
0.370129
0.35577
0.341245
0.32671
0.311301
0.296084
0.280888
0.265278
0.249806
0.233794
0.217886
0.202288
0.186568
0.17059
0.154247
0.137768
0.120586
0.103832
0.08723
0.070342
0.052173
0.036602
0.020781
0.004485
-0.011441
-0.025151
-0.041679
-0.058415
-0.074684
-0.091017
-0.107373
-0.12284
-0.13861
-0.154806
-0.170149
-0.186104
-0.200914
-0.215905
-0.230747
-0.245831
-0.260161
-0.274693
-0.288981
-0.302865
-0.316653
-0.330442
-0.343701
-0.356963
-0.370337
-0.383505
-0.396614
-0.409388
-0.422197
-0.434939
-0.447567
-0.459112
-0.470446
-0.481845
-0.493223
-0.504317
-0.51517
-0.525734
-0.53603
-0.545
-0.555253
-0.565612
-0.57546
-0.584967
-0.594391
-0.603776
-0.61246
-0.62149
-0.6303
-0.638856
-0.647512
-0.65555
-0.662998
-0.670236
-0.677831
-0.685326
-0.692755
-0.699655
-0.706446
-0.71256
-0.7187
-0.724964
-0.731157
-0.737344
-0.74243
-0.747885
-0.752658
-0.757943
-0.762513
-0.766779
-0.771502
-0.776046
-0.779111
-0.782659
-0.786362
-0.788612
-0.791112
-0.792973
-0.794181
-0.795834
-0.798074
-0.798643
-0.799641
-0.80062
-0.801129
-0.800069
-0.79941
-0.798189
-0.797676
-0.795881
-0.794108
-0.792787
-0.789885
-0.787928
-0.785031
-0.781642
-0.778481
-0.774159
-0.77015
-0.765422
-0.760432
-0.755961
-0.75042
-0.745445
-0.739924
-0.733542
-0.727542
-0.720973
-0.714133
-0.707671
-0.700369
-0.693031
-0.685747
-0.677575
-0.669887
-0.662094
-0.653386
-0.644724
-0.63616
-0.627496
-0.618145
-0.609072
-0.600027
-0.59041
-0.580717
-0.570905
-0.561046
-0.550858
-0.54048
-0.530239
-0.519616
-0.508873
-0.497469
-0.486639
-0.474895
-0.464009
-0.452835
-0.441541
-0.430885
-0.420123
-0.408894
-0.396662
-0.384457
-0.372129
-0.360097
-0.348231
-0.336397
-0.32427
-0.312445
-0.300065
-0.287535
-0.274703
-0.262189
-0.249424
-0.236649
-0.223171
-0.209677
-0.195794
-0.1818
-0.167635
-0.153691
-0.139752
-0.125636
-0.11148
-0.097245
-0.083533
-0.069046
-0.053153
-0.038176
-0.022313
-0.006791
0.008396
0.023342
0.037417
0.052196
0.067527
0.082928
0.097867
0.113202
0.129253
0.145355
0.161847
0.177258
0.192926
0.209229
0.224406
0.239643
0.255356
0.26994
0.285509
0.300402
0.315063
0.330765
0.346186
0.362539
0.375721
0.391059
0.405483
0.419651
0.434197
0.448272
0.461596
0.475806
0.488812
0.502316
0.516047
0.528201
0.540411
0.55246
0.564666
0.575888
0.587107
0.597746
0.608354
0.619017
0.628852
0.639674
0.649364
0.658688
0.668241
0.676987
0.685329
0.693481
0.701883
0.709966
0.716869
0.723538
0.730786
0.738114
0.744929
0.750619
0.757307
0.763385
0.768645
0.773552
0.778174
0.782518
0.786986
0.791115
0.794647
0.797811
0.80124
0.804833
0.807488
0.810558
0.813268
0.814918
0.816548
0.81793
0.819362
0.821045
0.821281
0.822457
0.822468
0.822544
0.822948
0.8232
0.822877
0.821305
0.819804
0.818551
0.81682
0.814839
0.812445
0.810122
0.807825
0.804571
0.801053
0.797187
0.793588
0.78898
0.783883
0.779047
0.773791
0.767803
0.761755
0.755594
0.74849
0.741875
0.735525
0.728052
0.720379
0.712617
0.70384
0.695383
0.68727
0.677433
0.667772
0.657888
0.647738
0.637698
0.627044
0.61668
0.605979
0.594761
0.584386
0.571252
0.559964
0.548225
0.536433
0.524448
0.511567
0.49867
0.485827
0.46652
0.45369
0.439716
0.432756
0.419354
0.405709
0.391739
0.378344
0.364269
0.350323
0.336606
0.322279
0.307763
0.293702
0.279282
0.265358
0.251353
0.237384
0.223102
0.209236
0.195265
0.181211
0.166888
0.152765
0.138535
0.123942
0.10979
0.094926
0.080928
0.066999
0.051401
0.038124
0.024996
0.011301
-0.001971
-0.014844
-0.026367
-0.040076
-0.054246
-0.067691
-0.080716
-0.093939
-0.107416
-0.120655
-0.134284
-0.14813
-0.161529
-0.174846
-0.188032
-0.201017
-0.214474
-0.227756
-0.24085
-0.253824
-0.26715
-0.279938
-0.292424
-0.305197
-0.318264
-0.331491
-0.344424
-0.356706
-0.3696
-0.382814
-0.395942
-0.408992
-0.421808
-0.434723
-0.447338
-0.459354
-0.471648
-0.483583
-0.495055
-0.50645
-0.517555
-0.528292
-0.540042
-0.551647
-0.56287
-0.574919
-0.585127
-0.595259
-0.60569
-0.61545
-0.625824
-0.636037
-0.644946
-0.654071
-0.662764
-0.671891
-0.680615
-0.688443
-0.697049
-0.704143
-0.711386
-0.718701
-0.725261
-0.732258
-0.738166
-0.744154
-0.750433
-0.755488
-0.760894
-0.766167
-0.770137
-0.77486
-0.779237
-0.782397
-0.785965
-0.788307
-0.790411
-0.793059
-0.795481
-0.796805
-0.798825
-0.800404
-0.801042
-0.801427
-0.802281
-0.802523
-0.8019
-0.801601
-0.801019
-0.80031
-0.799126
-0.797763
-0.796521
-0.795159
-0.793051
-0.790222
-0.787624
-0.784866
-0.782222
-0.778631
-0.775062
-0.771094
-0.766919
-0.762758
-0.758455
-0.754
-0.749116
-0.743665
-0.738481
-0.733198
-0.727486
-0.721688
-0.715385
-0.708989
-0.701897
-0.695195
-0.688319
-0.681075
-0.673173
-0.664863
-0.656596
-0.64834
-0.639775
-0.630646
-0.621302
-0.612144
-0.602419
-0.592576
-0.581859
-0.571623
-0.560824
-0.549917
-0.538261
-0.526731
-0.513913
-0.501637
-0.488518
-0.475734
-0.462299
-0.449475
-0.437177
-0.423675
-0.409372
-0.395722
-0.381184
-0.366739
-0.352665
-0.337707
-0.32281
-0.307919
-0.292535
-0.277508
-0.261893
-0.247188
-0.232093
-0.216192
-0.200218
-0.183915
-0.167714
-0.151475
-0.134914
-0.118587
-0.102547
-0.086948
-0.071557
-0.054001
-0.03748
-0.020463
-0.003372
0.012626
0.027739
0.043311
0.058438
0.074036
0.089446
0.10468
0.119703
0.135792
0.15182
0.167588
0.183194
0.197989
0.212786
0.226553
0.240794
0.255406
0.269185
0.283337
0.296676
0.309254
0.322746
0.336638
0.350256
0.363549
0.37679
0.390107
0.402062
0.414489
0.426602
0.438094
0.449928
0.461657
0.473139
0.484649
0.495763
0.507011
0.518271
0.528955
0.539742
0.549988
0.5605
0.569475
0.57953
0.589633
0.599315
0.608411
0.616753
0.625486
0.63415
0.643143
0.652886
0.661251
0.669616
0.677614
0.685443
0.692801
0.700172
0.707858
0.71496
0.721279
0.727481
0.734479
0.741613
0.747499
0.753411
0.759644
0.764863
0.769496
0.774969
0.779738
0.783251
0.787303
0.791024
0.79395
0.797512
0.800734
0.80322
0.806449
0.807849
0.809545
0.811109
0.811872
0.812768
0.813521
0.813696
0.814318
0.813698
0.813266
0.811871
0.810419
0.80948
0.807281
0.805239
0.802717
0.799786
0.797108
0.794169
0.790745
0.787531
0.782708
0.7778
0.773277
0.767931
0.762948
0.757808
0.752094
0.746535
0.740262
0.733298
0.726738
0.720557
0.713538
0.706279
0.699098
0.691533
0.683251
0.674995
0.667217
0.658996
0.650307
0.641968
0.633783
0.625132
0.615976
0.606704
0.597317
0.588752
0.578902
0.569039
0.559063
0.548346
0.538833
0.528837
0.518281
0.507981
0.491075
0.480286
0.468603
0.458404
0.452629
0.441608
0.42988
0.417697
0.406076
0.394066
0.382112
0.36966
0.357118
0.344028
0.330629
0.317438
0.303875
0.290433
0.277187
0.26371
0.250156
0.235551
0.220959
0.206886
0.192968
0.178307
0.163106
0.148014
0.132643
0.116345
0.101138
0.0859
0.07023
0.052973
0.038409
0.023202
0.007788
-0.007568
-0.022052
-0.039087
-0.0549
-0.070699
-0.086428
-0.102625
-0.118459
-0.134716
-0.151478
-0.166911
-0.182201
-0.197523
-0.213649
-0.229679
-0.245493
-0.26112
-0.276021
-0.290798
-0.306114
-0.320801
-0.336125
-0.350714
-0.36431
-0.379573
-0.394033
-0.408048
-0.422724
-0.436202
-0.449505
-0.463011
-0.475625
-0.488211
-0.500683
-0.512132
-0.523398
-0.535271
-0.546307
-0.55773
-0.569309
-0.580157
-0.590346
-0.600427
-0.610565
-0.620176
-0.629496
-0.638617
-0.647047
-0.655516
-0.663894
-0.672248
-0.680362
-0.688056
-0.695336
-0.702199
-0.708762
-0.715374
-0.722092
-0.728672
-0.734582
-0.740326
-0.745498
-0.750583
-0.75621
-0.761293
-0.765804
-0.769914
-0.773872
-0.777656
-0.78156
-0.785117
-0.788031
-0.790609
-0.792604
-0.794911
-0.797192
-0.799193
-0.800782
-0.802298
-0.803242
-0.804442
-0.805085
-0.804752
-0.804442
-0.804527
-0.804162
-0.803105
-0.801435
-0.800184
-0.798963
-0.797094
-0.794691
-0.792328
-0.789304
-0.785686
-0.782242
-0.77842
-0.773472
-0.769248
-0.764855
-0.759214
-0.754223
-0.74915
-0.742515
-0.736274
-0.729909
-0.723077
-0.716374
-0.708665
-0.701138
-0.693064
-0.68408
-0.676094
-0.667327
-0.658057
-0.649296
-0.639152
-0.629873
-0.62014
-0.609874
-0.59972
-0.588942
-0.578344
-0.567173
-0.554906
-0.544015
-0.532261
-0.519453
-0.507748
-0.495428
-0.483577
-0.470348
-0.45709
-0.444613
-0.432291
-0.419134
-0.407012
-0.395042
-0.38157
-0.367608
-0.355211
-0.341929
-0.328777
-0.315808
-0.303303
-0.289932
-0.276443
-0.263195
-0.250536
-0.237834
-0.224525
-0.210827
-0.197143
-0.183607
-0.169792
-0.156445
-0.142491
-0.128931
-0.115924
-0.102816
-0.090132
-0.07733
-0.063963
-0.048866
-0.035499
-0.021707
-0.007493
0.006835
0.020713
0.032641
0.046884
0.060628
0.074354
0.087582
0.100859
0.113447
0.12705
0.141166
0.155496
0.169428
0.183644
0.197749
0.211453
0.225319
0.238957
0.252524
0.266385
0.280052
0.293504
0.307128
0.320933
0.33533
0.350136
0.364337
0.378239
0.391596
0.404158
0.417859
0.431407
0.445055
0.458232
0.470838
0.48382
0.497067
0.509951
0.522438
0.534689
0.546654
0.557984
0.569562
0.581847
0.5936
0.603932
0.614669
0.625446
0.635265
0.646365
0.656336
0.666177
0.674986
0.683588
0.693002
0.700949
0.709248
0.717696
0.725137
0.733453
0.740608
0.746969
0.754265
0.760283
0.76622
0.77246
0.777557
0.782089
0.786854
0.791355
0.794902
0.799188
0.803767
0.806427
0.809125
0.812181
0.814289
0.815989
0.817994
0.819848
0.820836
0.821991
0.823172
0.823835
0.824797
0.825101
0.824847
0.824059
0.823632
0.823083
0.822062
0.820491
0.818341
0.816467
0.814545
0.812192
0.809814
0.807379
0.804233
0.800909
0.797362
0.793175
0.789468
0.784864
0.780234
0.775034
0.770047
0.764863
0.758897
0.752875
0.746442
0.740244
0.733985
0.727317
0.719776
0.712231
0.704561
0.69656
0.687953
0.679064
0.670245
0.66154
0.652287
0.642362
0.633316
0.622888
0.612374
0.601054
0.590632
0.579218
0.568231
0.556321
0.543855
0.531712
0.519229
0.50037
0.487531
0.473935
0.459913
0.452362
0.438229
0.423975
0.410037
0.395616
0.381254
0.366667
0.351795
0.336177
0.320587
0.304775
0.289377
0.274157
0.258752
0.243086
0.226855
0.210886
0.195335
0.179675
0.164069
0.14751
0.131184
0.114568
0.098829
0.082921
0.067041
0.049972
0.034917