1.863238
1.862354
1.859927
1.856345
1.852729
1.849398
1.846007
1.842497
1.838667
1.835359
1.83186
1.828099
1.824867
1.821102
1.817611
1.814086
1.810379
1.806772
1.803021
1.799486
1.796147
1.792071
1.78837
1.785049
1.781177
1.777742
1.77399
1.770524
1.767104
1.763424
1.760141
1.756626
1.753259
1.749949
1.745625
1.742479
1.738785
1.73488
1.731394
1.727553
1.723979
1.72042
1.71664
1.713351
1.709538
1.705894
1.702622
1.698826
1.69537
1.692005
1.68853
1.685214
1.681728
1.678465
1.675227
1.67167
1.668623
1.665041
1.66153
1.658192
1.654481
1.650898
1.647639
1.644121
1.640789
1.637056
1.633734
1.63023
1.626211
1.622811
1.619262
1.615462
1.612211
1.608364
1.604733
1.60147
1.597882
1.594284
1.590802
1.587599
1.584279
1.58062
1.577366
1.573836
1.570075
1.56689
1.562963
1.559155
1.555754
1.552142
1.548818
1.545168
1.541786
1.538426
1.534139
1.531226
1.527759
1.523892
1.520594
1.51683
1.513216
1.509666
1.506187
1.503032
1.499446
1.496126
1.493216
1.489693
1.486373
1.483131
1.47938
1.475615
1.472004
1.468467
1.464583
1.461059
1.45748
1.45355
1.450326
1.446911
1.442912
1.440105
1.43705
1.433412
1.430279
1.426501
1.423019
1.419776
1.415929
1.412897
1.409106
1.40562
1.402423
1.39865
1.395305
1.391936
1.387441
1.384886
1.381239
1.376999
1.373418
1.370635
1.366338
1.362748
1.359173
1.356722
1.352131
1.348613
1.346335
1.341764
1.339367
1.334437
1.331058
1.328383
1.32403
1.320626
1.316994
1.313776
1.310438
1.306597
1.303119
1.300062
1.296004
1.29242
1.288755
1.285028
1.281278
1.27779
1.274216
1.27096
1.267408
1.264084
1.2605
1.257104
1.253491
1.250102
1.246824
1.243128
1.239797
1.236365
1.232619
1.229599
1.225658
1.222238
1.219136
1.215264
1.211921
1.208781
1.205076
1.201777
1.198257
1.194786
1.19136
1.187817
1.184507
1.180861
1.177137
1.174228
1.170221
1.166893
1.163726
1.15997
1.156432
1.152843
1.151729
1.153025
1.157072
1.159435
1.163322
1.166958
1.169915
1.173907
1.177288
1.180745
1.184645
1.187913
1.191514
1.194962
1.198315
1.201921
1.20519
1.208759
1.211768
1.215307
1.219217
1.222576
1.226272
1.229936
1.233246
1.237153
1.240312
1.243957
1.247677
1.250438
1.254257
1.25775
1.260462
1.264607
1.26787
1.271433
1.275059
1.278644
1.282404
1.285946
1.289627
1.293549
1.29653
1.300391
1.304223
1.307483
1.311158
1.314746
1.318042
1.321873
1.32535
1.328864
1.332355
1.336678
1.339562
1.342561
1.347378
1.34976
1.353057
1.35687
1.361202
1.364942
1.366826
1.37208
1.376023
1.377999
1.382683
1.38496
1.389186
1.391815
1.395517
1.399121
1.40364
1.407058
1.410682
1.414196
1.417562
1.421517
1.424624
1.428149
1.431712
1.434677
1.438187
1.441579
1.444987
1.448087
1.45167
1.455654
1.459373
1.462605
1.466784
1.47026
1.473545
1.477467
1.480488
1.484127
1.487431
1.490876
1.494581
1.497943
1.501713
1.505127
1.508131
1.512045
1.515414
1.518621
1.522489
1.525631
1.529331
1.532815
1.536167
1.540127
1.543425
1.547268
1.551324
1.554502
1.558454
1.561763
1.565162
1.569116
1.572458
1.576069
1.579719
1.582806
1.586585
1.590049
1.593505
1.597069
1.600366
1.604151
1.607704
1.611071
1.614769
1.618067
1.621587
1.62519
1.628404
1.63247
1.635847
1.639795
1.643672
1.646649
1.650695
1.654115
1.657181
1.660831
1.664171
1.667547
1.671012
1.674594
1.67806
1.681112
1.684909
1.688469
1.69126
1.695169
1.698575
1.701697
1.705586
1.708724
1.712299
1.716146
1.719543
1.723521
1.726877
1.730588
1.73453
1.737948
1.741645
1.745402
1.74883
1.752457
1.755686
1.759296
1.762825
1.765972
1.770149
1.773243
1.77715
1.781088
1.784208
1.788473
1.791819
1.795316
1.799159
1.802534
1.806421
1.809625
1.813312
1.817352
1.820745
1.824592
1.82846
1.831855
1.835612
1.839099
1.842725
1.846213
1.84924
1.852896
1.856088
1.859394
1.86351
1.866905
1.870838
1.874476
1.872223
1.869062
1.866156
1.862418
1.85868
1.855591
1.852146
1.84857
1.845366
1.841407
1.837952
1.834285
1.830756
1.827007
1.823409
1.820099
1.816336
1.812778
1.809365
1.805515
1.80178
1.798424
1.794361
1.790881
1.787139
1.78347
1.780037
1.776275
1.772748
1.769105
1.765474
1.762389
1.758461
1.755182
1.75191
1.747995
1.744322
1.740577
1.737036
1.733367
1.729511
1.72609
1.7224
1.718697
1.715511
1.711759
1.707839
1.704386
1.700796
1.697382
1.693683
1.690288
1.687204
1.683476
1.680267
1.677027
1.673339
1.670375
1.666729
1.663285
1.659924
1.65629
1.652882
1.649243
1.645689
1.642414
1.638462
1.63508
1.631594
1.627603
1.624375
1.620581
1.616852
1.61338
1.609666
1.605976
1.602427
1.599223
1.59584
1.591851
1.588917
1.585595
1.581698
1.578533
1.57489
1.571082
1.567677
1.563897
1.560384
1.556638
1.552853
1.549407
1.545475
1.542079
1.538479
1.535148
1.531845
1.528011
1.524286
1.520634
1.516925
1.513553
1.509848
1.506241
1.503821
1.499716
1.496342
1.493281
1.489569
1.486375
1.482787
1.479252
1.475441
1.471748
1.468276
1.464423
1.460954
1.457522
1.453509
1.449944
1.446596
1.44304
1.439641
1.436177
1.433248
1.429859
1.425753
1.422886
1.419077
1.415536
1.41252
1.40841
1.403702
1.401525
1.39781
1.393376
1.391167
1.386722
1.383258
1.379679
1.376074
1.372568
1.368811
1.365599
1.361844
1.358066
1.354887
1.351383
1.347833
1.345087
1.340098
1.337654
1.333373
1.33001
1.326455
1.322585
1.319321
1.315657
1.312433
1.308963
1.305422
1.301867
1.298027
1.294506
1.290866
1.286846
1.283426
1.279768
1.275998
1.272735
1.269017
1.265638
1.262104
1.258635
1.255433
1.251527
1.248279
1.244825
1.240878
1.237754
1.234044
1.230547
1.227262
1.223366
1.220149
1.216715
1.213245
1.209866
1.206158
1.202772
1.199543
1.195505
1.192413
1.18883
1.185166
1.182043
1.178109
1.174808
1.171217
1.16776
1.164409
1.160432
1.157221
1.153613
1.149755
1.148665
1.150382
1.154044
1.157053
1.160878
1.164299
1.167525
1.171337
1.174822
1.178415
1.182263
1.185427
1.189207
1.192659
1.196075
1.199908
1.203
1.206805
1.210029
1.213216
1.217241
1.220504
1.223891
1.228037
1.231461
1.235037
1.23878
1.241789
1.245804
1.248864
1.252225
1.256167
1.259089
1.262853
1.266406
1.26972
1.273749
1.277172
1.280868
1.284578
1.288213
1.29205
1.295224
1.299126
1.302473
1.306041
1.30991
1.313753
1.31702
1.320695
1.32411
1.328024
1.331302
1.334942
1.338566
1.341964
1.345417
1.34903
1.352059
1.356069
1.359529
1.362871
1.367109
1.370163
1.373819
1.377555
1.380733
1.384587
1.388084
1.39163
1.395503
1.398538
1.401901
1.405927
1.409944
1.4137
1.417181
1.420708
1.424271
1.427808
1.431502
1.434453
1.437964
1.441513
1.444728
1.448346
1.451989
1.455735
1.459561
1.462939
1.467015
1.470467
1.473781
1.4778
1.480894
1.484516
1.488219
1.491187
1.495166
1.498524
1.501874
1.50569
1.508707
1.512547
1.515527
1.519102
1.523176
1.526603
1.530211
1.533988
1.537252
1.541016
1.544716
1.548345
1.552244
1.55541
1.559518
1.562763
1.566361
1.570361
1.573421
1.577034
1.580782
1.583912
1.587784
1.591128
1.594627
1.598378
1.601709
1.60549
1.609179
1.612385
1.616405
1.619668
1.62288
1.627025
1.630076
1.633861
1.638152
1.641821
1.645419
1.648877
1.65299
1.65623
1.659522
1.66334
1.666382
1.669601
1.673343
1.676361
1.680042
1.683585
1.687066
1.691079
1.694084
1.697828
1.701286
1.704471
1.708252
1.711901
1.715235
1.719222
1.722574
1.72623
1.730062
1.733725
1.737486
1.740727
1.744851
1.748581
1.751772
1.755691
1.759132
1.762345
1.76631
1.769382
1.773079
1.776954
1.780465
1.784747
1.788011
1.792088
1.795635
1.799049
1.802977
1.806305
1.809958
1.813759
1.817212
1.821057
1.824576
1.828414
1.832286
1.83556
1.839548
1.843461
1.846811
1.850708
1.854179
1.857684
1.861611
1.864895
1.868531
1.871537
1.874707
1.879087
1.88097
1.87945
1.875657
1.872291
1.869538
1.86623
1.862733
1.85923
1.855469
1.851982
1.847827
1.844265
1.840626
1.836685
1.833235
1.829699
1.825982
1.822525
1.818736
1.815301
1.811679
1.80801
1.804573
1.800466
1.796958
1.793583
1.789388
1.785943
1.782164
1.778368
1.774825
1.7711
1.767671
1.764168
1.760655
1.757153
1.753087
1.749751
1.745985
1.74215
1.738752
1.73487
1.731501
1.72803
1.724104
1.720634
1.717051
1.713174
1.710013
1.705802
1.70214
1.698831
1.695117
1.691507
1.688039
1.684655
1.681279
1.677806
1.674602
1.671077
1.66754
1.664232
1.660646
1.657169
1.65401
1.650117
1.646568
1.642976
1.639402
1.635984
1.631941
1.628563
1.624656
1.620841
1.617396
1.613553
1.609935
1.606481
1.602818
1.599068
1.595537
1.592227
1.5889
1.585203
1.581783
1.578591
1.57475
1.571115
1.567288
1.563468
1.560225
1.5563
1.552859
1.549133
1.545415
1.542194
1.53818
1.534971
1.5316
1.52752
1.523997
1.52015
1.516395
1.513108
1.509697
1.506595
1.502726
1.499448
1.496311
1.492309
1.489153
1.485818
1.481875
1.478458
1.474407
1.470851
1.467373
1.463677
1.460379
1.455533
1.451713
1.449644
1.444717
1.442199
1.438956
1.435272
1.431905
1.428483
1.424139
1.421235
1.417904
1.414506
1.410767
1.407427
1.403263
1.399569
1.395844
1.392736
1.388826
1.385032
1.381611
1.377963
1.373856
1.370697
1.367419
1.36333
1.359901
1.356842
1.353051
1.349465
1.346041
1.34217
1.338829
1.33515
1.331541
1.327839
1.324226
1.320947
1.317118
1.313695
1.31063
1.306308
1.303088
1.299526
1.295488
1.29189
1.287986
1.284362
1.280723
1.276949
1.273589
1.269755
1.266266
1.263089
1.259346
1.255944
1.252344
1.248711
1.245356
1.241516
1.238221
1.23461
1.230787
1.227583
1.223726
1.220249
1.21713
1.213293
1.209722
1.206483
1.202822
1.199324
1.195585
1.192081
1.1888
1.184876
1.181695
1.177853
1.174314
1.17107
1.167261
1.163635
1.160618
1.156582
1.153085
1.14926
1.146198
1.147556
1.150643
1.153603
1.157179
1.161199
1.16452
1.167964
1.171743
1.175254
1.178997
1.18252
1.186191
1.190112
1.193027
1.197017
1.200693
1.203669
1.207498
1.210704
1.214434
1.2181
1.221445
1.225246
1.228896
1.232494
1.236418
1.239329
1.243295
1.246912
1.250009
1.253763
1.257268
1.260585
1.264203
1.267711
1.27149
1.27504
1.278675
1.282859
1.28609
1.28996
1.293421
1.297143
1.300742
1.304354
1.308059
1.311874
1.315207
1.319227
1.322762
1.325866
1.330097
1.333045
1.336881
1.340595
1.344179
1.347603
1.351251
1.354972
1.357945
1.360708
1.365441
1.369112
1.371586
1.376483
1.380056
1.383707
1.387617
1.391007
1.394624
1.398103
1.401803
1.405491
1.408663
1.41251
1.415956
1.420118
1.424055
1.42648
1.430973
1.433772
1.437673
1.44044
1.444562
1.448137
1.451289
1.455156
1.459184
1.463115
1.465494
1.469332
1.473793
1.476319
1.481234
1.484532
1.488114
1.491448
1.495181
1.498946
1.502012
1.506028
1.509329
1.512734
1.51659
1.519737
1.523506
1.527108
1.530829
1.534699
1.538014
1.541691
1.545751
1.54886
1.552694
1.556765
1.560085
1.564039
1.567407
1.571168
1.57464
1.578158
1.581969
1.585308
1.588962
1.592605
1.595903
1.599716
1.603212
1.60693
1.610606
1.614135
1.61808
1.621361
1.624877
1.628804
1.632107
1.635771
1.639854
1.643064
1.646992
1.650475
1.65399
1.657992
1.661032
1.665024
1.668162
1.671541
1.675398
1.678371
1.682051
1.685866
1.689246
1.693069
1.696535
1.700024
1.70352
1.706721
1.710694
1.714118
1.717775