0.805987
0.806336
0.806751
0.807917
0.808553
0.808906
0.808506
0.807591
0.807482
0.806743
0.805815
0.804286
0.802357
0.800306
0.798144
0.795873
0.79306
0.789983
0.78628
0.782839
0.779481
0.776095
0.77245
0.767917
0.763242
0.758447
0.753478
0.748282
0.742882
0.736868
0.730824
0.724286
0.717678
0.711004
0.703089
0.694909
0.687331
0.679822
0.671517
0.66292
0.654118
0.645284
0.635457
0.625008
0.615125
0.60494
0.59422
0.583
0.572011
0.560531
0.548479
0.536815
0.5249
0.511791
0.499546
0.487216
0.474064
0.461217
0.448268
0.434267
0.420629
0.406212
0.392124
0.378072
0.362891
0.348151
0.332982
0.317341
0.302074
0.286249
0.271436
0.255615
0.239594
0.223114
0.207224
0.191634
0.175586
0.159608
0.143787
0.127442
0.111496
0.095743
0.079804
0.064388
0.050509
0.035855
0.021478
0.006782
-0.00815
-0.023461
-0.042514
-0.057664
-0.072637
-0.08717
-0.102374
-0.117243
-0.131882
-0.146537
-0.160677
-0.174571
-0.188774
-0.203363
-0.217962
-0.232388
-0.246156
-0.259478
-0.272663
-0.286308
-0.299182
-0.311968
-0.324659
-0.336892
-0.348802
-0.360609
-0.372789
-0.385266
-0.397423
-0.409716
-0.421967
-0.43403
-0.445254
-0.456568
-0.467763
-0.479342
-0.49032
-0.500759
-0.510695
-0.520914
-0.531562
-0.542423
-0.55284
-0.563413
-0.573063
-0.582297
-0.592095
-0.602567
-0.612014
-0.621145
-0.629766
-0.633241
-0.641994
-0.651422
-0.659062
-0.67164
-0.679832
-0.686997
-0.694751
-0.702344
-0.708727
-0.715992
-0.722927
-0.729184
-0.735393
-0.742032
-0.747736
-0.753981
-0.759536
-0.763755
-0.768767
-0.773688
-0.777793
-0.782601
-0.785591
-0.788665
-0.791724
-0.794194
-0.797691
-0.800291
-0.801784
-0.803224
-0.803611
-0.804551
-0.804854
-0.804712
-0.805126
-0.804332
-0.803585
-0.803143
-0.801481
-0.800642
-0.798666
-0.796367
-0.793909
-0.790642
-0.787697
-0.784531
-0.780421
-0.776824
-0.773653
-0.769689
-0.765458
-0.761553
-0.756325
-0.750525
-0.745245
-0.74008
-0.734055
-0.728118
-0.722059
-0.715567
-0.708709
-0.701611
-0.694863
-0.688104
-0.680808
-0.673127
-0.665732
-0.65803
-0.650185
-0.641457
-0.632789
-0.623671
-0.614943
-0.606182
-0.597129
-0.587738
-0.578015
-0.56811
-0.558685
-0.548724
-0.539139
-0.529136
-0.518614
-0.50763
-0.496723
-0.485711
-0.474764
-0.463581
-0.451727
-0.439564
-0.427815
-0.416138
-0.403983
-0.391452
-0.378859
-0.366138
-0.353201
-0.339521
-0.32621
-0.312802
-0.299679
-0.285808
-0.270971
-0.256368
-0.241683
-0.22655
-0.211568
-0.196933
-0.18145
-0.166389
-0.151224
-0.136142
-0.121176
-0.106204
-0.090169
-0.074062
-0.057699
-0.040749
-0.023451
-0.00721
0.009176
0.024557
0.040448
0.055306
0.071841
0.087996
0.104276
0.120867
0.137175
0.152876
0.169683
0.186354
0.202714
0.219368
0.235347
0.250777
0.265791
0.281419
0.297322
0.312236
0.32719
0.341647
0.355916
0.370445
0.384421
0.398986
0.412796
0.425625
0.438157
0.451765
0.464594
0.476597
0.489349
0.501252
0.51264
0.524155
0.535866
0.547113
0.557599
0.567993
0.578682
0.58941
0.599531
0.609335
0.619798
0.629931
0.638794
0.647741
0.656673
0.665327
0.67363
0.681525
0.688541
0.69595
0.703247
0.710723
0.718315
0.725083
0.731355
0.737051
0.742736
0.747908
0.753464
0.758554
0.763401
0.767853
0.772506
0.776646
0.781091
0.785663
0.789474
0.792911
0.796397
0.799507
0.802345
0.804493
0.806293
0.808328
0.80997
0.81083
0.81141
0.812192
0.813231
0.813458
0.812925
0.813052
0.812746
0.811443
0.810237
0.808962
0.8066
0.804336
0.802132
0.799004
0.795942
0.793384
0.789005
0.784765
0.780435
0.775026
0.770841
0.765682
0.760137
0.75493
0.748108
0.741737
0.735072
0.727666
0.721216
0.712834
0.705282
0.697451
0.687751
0.679536
0.670577
0.661922
0.653451
0.643223
0.633243
0.623345
0.612275
0.601937
0.591265
0.580574
0.569542
0.557999
0.546792
0.535189
0.523934
0.512264
0.500672
0.488918
0.476804
0.465593
0.454015
0.441696
0.429541
0.417436
0.404974
0.392721
0.380361
0.367778
0.354911
0.342116
0.329383
0.316232
0.303219
0.290593
0.277157
0.264127
0.251217
0.238199
0.225215
0.212399
0.199133
0.185555
0.172144
0.158704
0.145195
0.131524
0.118574
0.105162
0.091782
0.078238
0.06528
0.05268
0.041303
0.028478
0.015365
0.002371
-0.011476
-0.025455
-0.042264
-0.05644
-0.07007
-0.08425
-0.098679
-0.11285
-0.127089
-0.140851
-0.155129
-0.169234
-0.183712
-0.19882
-0.213549
-0.228321
-0.24279
-0.257392
-0.271689
-0.286157
-0.300526
-0.314731
-0.328198
-0.341889
-0.355887
-0.369761
-0.384402
-0.398398
-0.41222
-0.426287
-0.439614
-0.453038
-0.466412
-0.478802
-0.491764
-0.503982
-0.516977
-0.529904
-0.541607
-0.553516
-0.565155
-0.57609
-0.587854
-0.599112
-0.610383
-0.619925
-0.628802
-0.639899
-0.644874
-0.655216
-0.664483
-0.677154
-0.685429
-0.693497
-0.701833
-0.709336
-0.716678
-0.723019
-0.730104
-0.737011
-0.743712
-0.750197
-0.757087
-0.762007
-0.766992
-0.772171
-0.776928
-0.780853
-0.785264
-0.789366
-0.792448
-0.79529
-0.798592
-0.802148
-0.805256
-0.80701
-0.808458
-0.809564
-0.811419
-0.812301
-0.812774
-0.812632
-0.812947
-0.81289
-0.812861
-0.812684
-0.811505
-0.810766
-0.809643
-0.808411
-0.806894
-0.804978
-0.802563
-0.799736
-0.796955
-0.79419
-0.790896
-0.787359
-0.783582
-0.779586
-0.775392
-0.771415
-0.766765
-0.761775
-0.756112
-0.750347
-0.744602
-0.738671
-0.731854
-0.725224
-0.718278
-0.71094
-0.703117
-0.695147
-0.687533
-0.679204
-0.67015
-0.661362
-0.652417
-0.642614
-0.632787
-0.622431
-0.611532
-0.600863
-0.589855
-0.578303
-0.566427
-0.554401
-0.542167
-0.530329
-0.518091
-0.504861
-0.491873
-0.47837
-0.465062
-0.452255
-0.438261
-0.424052
-0.409607
-0.395297
-0.381101
-0.366399
-0.351796
-0.337174
-0.322026
-0.307308
-0.292227
-0.27689
-0.261655
-0.246177
-0.230604
-0.214871
-0.199206
-0.183723
-0.16802
-0.152838
-0.138216
-0.123685
-0.109175
-0.093533
-0.07812
-0.062653
-0.046957
-0.032079
-0.014627
-0.000265
0.013971
0.028514
0.042874
0.055559
0.07036
0.084298
0.098167
0.112452
0.126609
0.140699
0.154456
0.168298
0.182382
0.196261
0.210044
0.223816
0.237663
0.250972
0.263306
0.275902
0.289206
0.302708
0.315419
0.328162
0.340239
0.352079
0.364255
0.376415
0.388441
0.400499
0.412257
0.423689
0.434902
0.446769
0.458776
0.470186
0.481176
0.492624
0.503697
0.514089
0.52479
0.535439
0.546641
0.556756
0.566662
0.576483
0.586951
0.597511
0.607462
0.617669
0.628273
0.637334
0.646176
0.655866
0.66485
0.672812
0.681764
0.689816
0.697595
0.706107
0.713969
0.720999
0.727827
0.734208
0.740818
0.747495
0.753004
0.759211
0.764042
0.768625
0.774157
0.779062
0.78407
0.788774
0.791812
0.795795
0.798424
0.801491
0.804021
0.805852
0.807978
0.809033
0.809786
0.81169
0.812251
0.813422
0.813879
0.813023
0.812699
0.811927
0.810444
0.809419
0.80791
0.805547
0.80356
0.801218
0.798195
0.79493
0.792269
0.789018
0.785202
0.781943
0.777961
0.77324
0.768456
0.763571
0.758741
0.753839
0.7482
0.742239
0.736571
0.730864
0.724691
0.717847
0.710819
0.70397
0.697296
0.690259
0.682791
0.675467
0.667643
0.65966
0.651749
0.643323
0.634513
0.624704
0.615499
0.605819
0.596265
0.586708
0.576426
0.566322
0.556388
0.546701
0.53623
0.525039
0.513822
0.502039
0.490781
0.479586
0.467988
0.455958
0.443248
0.431227
0.418624
0.405831
0.392698
0.379022
0.365635
0.351024
0.337543
0.322711
0.307957
0.293093
0.278049
0.262538
0.247507
0.232471
0.217094
0.200961
0.185017
0.168644
0.152515
0.136756
0.121218
0.104971
0.088603
0.072442
0.056235
0.043146
0.027391
0.01088
-0.004931
-0.021675
-0.041133
-0.056249
-0.072773
-0.088831
-0.105236
-0.121661
-0.136985
-0.153031
-0.16915
-0.185145
-0.201817
-0.217631
-0.233023
-0.248176
-0.263045
-0.278335
-0.293454
-0.308062
-0.321922
-0.335582
-0.349257
-0.363189
-0.376981
-0.390529
-0.403765
-0.416813
-0.429805
-0.442594
-0.454733
-0.467018
-0.478873
-0.490148
-0.50126
-0.512592
-0.524041
-0.535041
-0.546049
-0.556136
-0.565848
-0.576038
-0.585991
-0.595529
-0.604725
-0.614181
-0.622677
-0.630651
-0.639697
-0.643078
-0.651949
-0.65905
-0.667398
-0.678593
-0.685657
-0.692855
-0.699874
-0.706358
-0.712497
-0.718729
-0.724708
-0.730515
-0.736045
-0.741313
-0.747675
-0.753212
-0.757729
-0.761696
-0.766057
-0.77054
-0.774511
-0.777882
-0.781122
-0.784178
-0.787358
-0.789656
-0.792142
-0.79503
-0.797044
-0.798158
-0.799456
-0.800014
-0.799925
-0.800116
-0.799975
-0.79912
-0.798703
-0.798327
-0.796889
-0.795932
-0.79421
-0.791242
-0.788898
-0.785315
-0.782456
-0.779383
-0.775263
-0.771664
-0.767428
-0.762522
-0.758267
-0.752734
-0.748098
-0.742244
-0.735712
-0.729576
-0.72244
-0.715904
-0.709042
-0.701512
-0.694185
-0.68645
-0.678354
-0.670399
-0.661733
-0.653407
-0.64475
-0.635314
-0.626001
-0.616582
-0.606474
-0.596865
-0.587006
-0.576543
-0.565812
-0.555339
-0.544881
-0.533936
-0.52341
-0.513015
-0.501567
-0.490153
-0.479073
-0.468045
-0.457061
-0.445463
-0.433328
-0.421881
-0.410201
-0.398568
-0.386489
-0.374857
-0.363114
-0.351368
-0.339096
-0.32659
-0.314174
-0.301683
-0.289285
-0.276521
-0.263448
-0.250221
-0.237033
-0.223925
-0.210748
-0.197883
-0.184647
-0.171593
-0.158116
-0.145662
-0.132472
-0.119403
-0.105728
-0.09126
-0.076964
-0.062853
-0.048774
-0.034145
-0.017707
-0.003894
0.010745
0.024952
0.03872
0.052825
0.066368
0.080845
0.09585
0.111051
0.126555
0.141797
0.1563
0.171302
0.187169
0.202951
0.218691
0.234357
0.249028
0.263443
0.278882
0.294037
0.308867
0.32384
0.338173
0.353311
0.367689
0.38184
0.396785
0.410339
0.424036
0.437976
0.452044
0.46583
0.478675
0.49165
0.503883
0.516445
0.529878
0.541705
0.553431
0.565123
0.576639
0.588552
0.600271
0.611824
0.623756
0.633884
0.643378
0.654573
0.664121
0.673306
0.682633
0.691125
0.699049
0.708046
0.716683
0.724417
0.73182
0.739303
0.745568
0.751757
0.75815
0.763865
0.769301
0.774438
0.779512
0.784825
0.790188
0.794559
0.79849
0.802692
0.806717
0.81003
0.813005
0.81524
0.817765
0.820072
0.821997
0.823623
0.824939
0.826189
0.827615
0.828786
0.829813
0.830184
0.829735
0.829442
0.828906
0.828259
0.827343
0.825968
0.824215
0.822254
0.820164
0.818116
0.815836
0.812724
0.809188
0.805918
0.80241
0.798473
0.79383
0.788982
0.784451
0.779043
0.773323
0.767653
0.761978
0.755499
0.74849
0.741655
0.734814
0.726866
0.718836
0.711126
0.702011
0.693794
0.684817
0.674821
0.665075
0.65515
0.644293
0.633794
0.622929
0.611723
0.600364
0.588106
0.576411
0.564595
0.552559
0.540597
0.527678
0.514111
0.50111
0.487959
0.475355
0.462015
0.44851
0.434945
0.420782
0.407117
0.393437
0.379346
0.365004
0.350225
0.335956
0.320961
0.305966
0.29153
0.276296
0.261073
0.246433
0.232144
0.217212
0.202239
0.18739
0.172386
0.157691
0.143176
0.128685
0.114477
0.099823
0.085677
0.071199
0.057195
0.04637
0.033075
0.019081
0.005393
-0.00854
-0.022444
-0.038901
-0.051781
-0.065593
-0.079377
-0.093083
-0.107154
-0.120571
-0.133521
-0.146492
-0.159939
-0.173467
-0.186914
-0.200212
-0.213446
-0.226704
-0.239685
-0.252932
-0.265811
-0.278506
-0.291406
-0.30408
-0.316296
-0.328604
-0.341137
-0.353854
-0.366316
-0.37889
-0.39107
-0.403195
-0.41496
-0.427153
-0.439446
-0.451556
-0.463384
-0.474986
-0.486553
-0.498147
-0.509939
-0.521708
-0.532409
-0.543485
-0.55398
-0.564216
-0.575033
-0.585917
-0.595525
-0.60464
-0.615266
-0.619607
-0.629313
-0.638805
-0.647477
-0.660645
-0.66898
-0.676923
-0.685745
-0.692934
-0.699815
-0.707081
-0.713407
-0.720523
-0.727604
-0.734055
-0.741058
-0.745769
-0.751023
-0.755911
-0.760664
-0.766189
-0.769435
-0.773001
-0.776818
-0.779859
-0.783263
-0.78659
-0.788685
-0.791168
-0.79224
-0.793727
-0.79503