224.426
224.516
224.688
224.94
225.124
225.236
225.258
225.229
225.157
225.063
224.984
224.924
224.89
224.893
224.941
225.043
225.166
225.312
225.435
225.557
225.629
225.688
225.707
225.714
225.683
225.622
225.547
225.477
225.419
225.381
225.358
225.349
225.328
225.3
225.284
225.291
225.324
225.358
225.403
225.449
225.512
225.572
225.635
225.679
225.733
225.756
225.738
225.652
225.541
225.436
225.332
225.226
225.131
225.115
225.149
225.228
225.307
225.424
225.537
225.635
225.708
225.785
225.836
225.858
225.829
225.805
225.772
225.754
225.73
225.699
225.646
225.564
225.476
225.395
225.336
225.298
225.291
225.317
225.389
225.493
225.62
225.732
225.825
225.887
225.926
225.933
225.892
225.815
225.715
225.621
225.526
225.436
224.746
224.082
223.447
224.08
224.767
225.474
225.549
225.573
225.601
225.585
225.546
225.436
225.384
225.376
225.489
225.611
225.728
225.096
224.37
223.462
223.642
223.733
223.977
223.78
223.736
223.727
223.786
223.89
224.139
224.489
224.934
225.228
225.267
225.165
224.939
224.802
224.527
224.337
224.143
224.069
224.02
223.999
224.035
224.049
224.038
223.982
224.02
224.098
224.198
224.257
224.364
224.463
224.571
224.641
224.738
224.835
224.857
224.855
224.785
224.72
224.606
224.473
224.383
224.306
224.277
224.261
224.302
224.381
224.474
224.558
224.64
224.695
224.743
224.76
224.776
224.779
224.78
224.786
224.787
224.786
224.747
224.689
224.613
224.533
224.444
224.356
224.289
224.26
224.262
224.296
224.352
224.428
224.533
224.663
224.811
224.932
225.031
225.064
225.059
224.955
224.834
224.692
224.601
224.519
224.46
224.405
224.389
224.405
224.467
224.524
224.541
224.488
224.4
224.339
224.32
224.303
224.251
224.195
224.18
224.223
224.304
224.392
224.483
224.57
224.68
224.774
224.843
224.839
224.804
224.753
224.706
224.686
224.663
224.655
224.596
224.536
224.452
224.372
224.292
224.217
224.172
224.144
224.153
224.196
224.269
224.37
224.492
224.635
224.757
224.808
224.792
224.738
224.687
224.615
224.525
224.407
224.305
224.225
224.193
224.201
224.23
224.272
224.315
224.331
224.353
224.381
224.434
224.463
224.461
224.515
224.545
224.087
223.57
223.075
223.506
223.893
223.802
223.29
222.818
223.262
223.671
224.048
223.946
223.84
223.756
223.757
223.828
223.487
223.116
222.708
223.189
223.673
224.134
224.1
224.02
223.941
223.879
223.37
222.869
222.381
222.828
223.271
223.256
222.776
222.321
222.341
222.392
222.454
222.979
223.632
224.422
224.894
225.276
225.524
225.609
224.983
223.694
221.797
220.478
219.757
219.614
219.548
219.535
219.608
220.292
221.577
223.386
224.598
225.214
225.302
225.387
225.46
225.485
225.496
225.507
225.483
225.436
225.373
225.324
225.281
225.226
225.172
225.109
225.042
224.987
224.977
225.034
225.118
225.211
225.311
225.425
225.539
225.603
225.613
225.585
225.554
225.508
225.438
225.323
225.193
225.074
225.002
224.984
224.989
225.007
225.012
225.011
225.015
225.037
225.098
225.158
225.211
225.242
225.282
225.326
225.371
225.41
225.438
225.431
225.39
225.295
225.202
225.087
225.002
224.929
224.909
224.932
224.988
225.079
225.175
225.277
225.351
225.402
225.422
225.418
225.388
225.336
225.276
225.218
225.166
225.114
225.058
225.008
224.952
224.901
224.834
224.779
224.736
224.725
224.719
224.744
224.782
224.863
224.936
225.019
225.086
225.14
225.158
225.149
225.133
225.143
225.18
225.222
225.233
225.194
225.129
225.047
224.97
224.886
224.81
224.75
224.717
224.725
224.772
224.874
224.996
225.139
225.262
225.373
225.447
225.489
225.497
225.483
225.444
225.38
225.308
225.241
225.194
225.155
225.122
225.082
225.053
225.039
225.064
225.107
225.158
225.187
225.203
225.231
225.284
225.369
225.45
225.522
225.55
225.52
225.458
225.357
225.259
225.121
225.014
224.909
224.848
224.807
224.828
224.908
225.043
225.179
225.295
225.365
225.415
225.46
225.516
225.554
225.555
225.512
225.459
225.418
225.406
225.391
225.343
225.256
224.533
223.829
223.139
223.718
224.319
224.964
225.033
225.131
225.251
225.363
225.479
225.55
225.579
225.549
225.507
224.807
223.501
221.567
220.282
219.595
219.519
219.44
219.362
219.325
219.357
219.455
219.568
219.62
220.071
220.951
222.324
223.278
223.803
223.868
223.918
223.948
223.955
223.937
223.865
223.745
223.607
223.484
223.402
223.343
223.319
223.332
223.405
223.51
223.623
223.716
223.802
223.869
223.908
223.912
223.883
223.838
223.771
223.745
223.736
223.746
223.721
223.681
223.68
223.676
223.713
223.724
223.77
223.821
223.887
223.942
223.99
224.082
224.202
224.349
223.935
223.503
223.016
223.508
223.941
224.34
224.214
224.075
223.94
223.836
223.787
223.779
223.81
223.865
223.957
224.049
224.127
224.171
224.206
224.241
224.273
224.292
224.284
224.274
224.263
224.261
224.233
224.173
224.069
223.957
223.866
223.813
223.773
223.746
223.733
223.769
223.837
223.95
224.081
224.226
224.353
224.436
224.463
224.437
224.385
224.326
224.253
224.176
224.087
224.016
223.956
223.922
223.905
223.912
223.931
224.004
224.08
224.131
224.047
223.931
223.822
223.794
223.749
223.709
223.686
223.744
223.841
223.961
224.049
224.137
224.181
224.207
224.205
224.228
224.251
224.243
224.194
224.14
224.11
224.089
224.062
224.007
223.94
223.852
223.771
223.693
223.639
223.609
223.605
223.629
223.7
223.801
223.94
224.088
224.245
224.348
224.348
224.276
224.173
224.089
223.993
223.892
223.778
223.697
223.655
223.664
223.678
223.71
223.742
223.799
223.866
223.952
224.04
224.071
224.063
224.035
224.035
224.062
224.082
224.102
224.094
224.084
224.019
223.902
223.718
223.541
223.407
223.328
223.305
223.315
223.324
223.326
223.311
223.364
223.428
223.506
223.527
223.522
223.483
223.42
223.354
223.297
223.255
223.201
223.149
223.117
223.111
223.101
223.064
223.032
223.032
223.077
223.121
223.163
223.205
223.27
223.344
223.423
223.487
223.086
222.201
220.865
219.955
219.464
219.314
219.098
218.879
218.793
218.789
218.873
218.961
219.082
219.13
219.135
219.155
219.204
219.252
219.189
219.138
219.124
219.2
219.3
219.389
219.459
219.472
219.432
219.318
219.185
219.045
218.945
218.86
218.807
218.854
218.975
219.747
221.044
222.966
224.299
225.033
225.066
225.012
224.935
224.844
224.137
222.846
220.989
219.796
219.137
219.048
219.496
220.629
222.423
223.674
224.34
224.386
224.436
224.475
224.515
224.578
224.644
224.723
224.775
224.818
224.838
224.861
224.842
224.794
224.691
224.589
224.452
224.339
224.238
224.244
224.315
224.45
224.579
224.709
224.813
224.878
224.908
224.938
224.952
224.936
224.855
224.764
224.676
224.609
224.558
224.511
224.48
224.424
224.377
224.32
224.298
224.274
224.26
224.256
224.296
224.365
224.442
224.508
224.579
224.651
224.695
224.696
224.666
224.645
224.646
224.665
224.689
224.717
224.722
224.698
224.625
224.53
224.432
224.352
224.304
224.265
224.267
224.286
224.374
224.479
224.617
224.74
224.863
224.944
224.996
225.011
225.007
224.979
224.911
224.811
224.697
224.618
224.589
224.586
224.557
224.522
224.477
224.493
224.526
224.588
224.606
224.608
224.622
224.689
224.777
224.863
224.928
224.977
224.988
224.941
224.851
224.101
222.757
220.841
219.561
218.933
218.923
218.981
219.029
219.078
219.126
219.775
221.042
222.919
224.19
224.853
224.89
224.934
224.94
224.924
224.838
224.154
222.856
221.059
219.868
219.283
219.215
219.151
219.082
219.091
219.091
219.157
219.192
219.279
219.942
220.62
221.273
220.714
220.135
219.525
219.457
219.357
219.205
219.067
218.922
218.845
218.847
218.89
218.999
219.061
219.139
219.107
219.066
219.431
220.331
221.736
222.733
223.263
222.863
222.454
222.048
222.108
222.142
222.098
222.403
222.677
222.972
222.866
222.851
222.926
223.042
223.142
223.177
223.229
223.234
223.28
223.301
223.401
223.461
223.511
223.438
223.342
223.21
223.159
223.171
223.259
223.324
223.353
223.328
223.289
223.247
223.222
223.234
223.293
223.365
223.447
223.501
223.581
223.695
223.835
223.948
223.982
223.946
223.875
223.784
223.691
223.546
223.408
223.283
223.218
223.169
223.158
223.195
223.311
223.435
223.546
223.573
223.602
223.615
223.656
223.66
223.641
223.619
223.619
223.626
223.612
223.571
223.506
223.411
223.293
223.189
223.114
223.075
223.056
223.075
223.139
223.248
223.381
223.524
223.663
223.776
223.835
223.83
223.782
223.711
223.633
223.557
223.473
223.392
223.314
223.268
223.252
223.277
223.327
223.394
223.451
223.463
223.427
223.371
223.333
223.29
223.206
223.106
223.037
223.045
223.112
223.232
223.359
223.479
223.572
223.642
223.676
223.679
223.671
223.652
223.611
223.543
223.486
223.461
223.452
223.424
223.347
223.262
223.171
223.114
223.063
223.024
222.993
222.976
223.006
223.072
223.177
223.295
223.425
223.543
223.62
223.63
223.589
223.492
223.38
223.245
223.142
223.051
222.996
222.963
222.975
223.013
223.067
223.113
223.17
223.22
223.283
223.326
223.362
223.374
223.39
223.413
223.435
223.443
223.427
223.393
223.317
223.211
223.062
222.932
222.81
222.733
222.676
222.669
222.705
222.791
222.913
223
223.021
223.006
223.003
223.082
223.085
223.111
222.989
222.904
222.782
222.74
222.708
222.616
222.576
222.596
222.682
222.725
222.679
222.659
222.608
222.61
222.607
222.651
222.723
222.808
222.883
222.922
222.441
221.489
220.075
219.139
218.659
218.586
218.449
218.261
218.166
218.173
218.279
218.397
218.54
218.671
218.724
218.728
218.712
218.697
218.675
218.639
218.668
218.691
218.735
218.751
218.803
218.834
218.836
218.737
218.607
218.456
218.359
218.279
218.252
218.279
218.385
218.521
218.703
218.865
219.005
219.067
219.072
219.042
218.982
218.868
218.748
218.606
218.548
218.519
218.575
218.642
218.655
218.623
218.513
218.453
218.393
218.425
218.461
218.495
218.512