2.340643607
2.335250539
2.320188348
2.255768245
2.22674342
2.256274391
2.235819132
2.218435652
2.201820118
2.184401732
2.165185657
2.152340034
2.136614617
2.116770223
2.100660834
2.07668001
2.057533749
2.034565216
2.013795798
1.994213203
1.977266056
1.956793344
1.937612176
1.918780073
1.900925355
1.89019158
1.880539909
1.861585633
1.844987552
1.823589816
1.797444783
1.77627394
1.76196224
1.741297541
1.71902714
1.698571881
1.677104332
1.662862445
1.642616626
1.622527886
1.605947258
1.582612206
1.564303702
1.541335169
1.523567717
1.497562311
1.478398596
1.460648598
1.442566987
1.421919742
1.404972595
1.390870334
1.379909667
1.362002588
1.33709674
1.311911639
1.296727274
1.276847974
1.256270542
1.240056434
1.217384607
1.190436723
1.172965977
1.15469238
1.141096265
1.120222127
1.101093318
1.082383389
1.061910677
1.044370118
1.029779165
1.01501368
0.9973509478
0.9779603398
0.9647656506
0.9475567042
0.9295798129
0.9091420074
0.887342845
0.8658578419
0.8445299185
0.8282285432
0.8041604529
0.7819773181
0.7639655202
0.746355148
0.7339633103
0.7193723578
0.7035073149
0.6835407483
0.662998223
0.6466968477
0.6312332306
0.6144431632
0.6869092337
0.5762728124
0.5560095398
0.5339311248
0.5138074785
0.5019915995
0.4840496147
0.4679751323
0.4451287724
0.4320737096
0.4142888045
0.3957185013
0.378160489
0.3567103925
0.3248057738
0.310912953
0.2945766712
0.3682470189
0.2705609406
0.2752035165
0.2564761336
0.2362303143
0.2190562744
0.2028247124
0.1836086373
0.1643052958
0.1452986602
0.1272868623
0.09060004147
0.07037167544
0.05379104755
0.0394444411
0.04366813788
0.02771582852
0.02555162025
0.03761184538
0.05644394801
0.07403686687
0.09634217471
0.1116836188
0.1286482192
0.1412145898
0.1677435944
0.1775523448
0.1972222055
0.2248507675
0.2443111887
0.2571219054
0.2809980096
0.3041061689
0.3259402378
0.3402519377
0.3655592118
0.3862239102
0.4020889531
0.428635411
0.4370304447
0.4599291645
0.4757767541
0.4850269991
0.5116432702
0.5269498078
0.5446648997
0.5613502473
0.5773374633
0.5989446394
0.6208310682
0.6418622857
0.6639057942
0.6782524006
0.6944839627
0.7108202445
0.7325146871
0.7533190117
0.7709817438
0.7887491956
0.8044397055
0.8252091236
0.8436398005
0.8653167898
0.8812167393
0.8956157057
0.9107477103
0.9278519369
0.9432457409
0.9629505082
0.9809972127
0.9996722357
1.016776462
1.040373314
1.063882899
1.085524982
1.10608496
1.122630681
1.143365193
1.163244493
1.182303489
1.196754815
1.211555207
1.226791931
1.24443721
1.261977769
1.281560363
1.300514639
1.316309869
1.330569209
1.348755539
1.368198507
1.388374513
1.409545357
1.432025198
1.44549914
1.466024212
1.483564771
1.500703904
1.518942595
1.538560096
1.558683742
1.579540426
1.593380887
1.62509352
1.647119575
1.672688649
1.691224045
1.716897838
1.729900541
1.745695771
1.76349813
1.782277872
1.800097684
1.820605303
1.842369558
1.85175943
1.865669704
1.882634304
1.901134794
1.919006966
1.935762127
1.953965911
1.967562026
1.984474266
2.003829968
2.025140438
2.04969722
2.067883551
2.087780305
2.110103066
2.126805867
2.144136986
2.160996867
2.18099834
2.200231868
2.214892634
2.229082161
2.248245876
2.267304871
2.28776013
2.302787415
2.319507669
2.338636478
2.358480872
2.383002748
2.4005084
2.411556334
2.436270196
2.453898022
2.465434648
2.491440054
2.51320431
2.532001506
2.538389411
2.483167193
2.578654157
2.593733801
2.609337045
2.630438076
2.572370971
2.661225684
2.687876861
2.703061226
2.720741411
2.738683396
2.747986001
2.768057287
2.790659301
2.811184373
2.827520655
2.778616529
2.866546217
2.8850118
2.906304817
2.927964353
2.942747292
2.953638146
2.973709433
2.990272607
3.008703284
2.955016957
3.044639614
3.062913211
3.077172551
3.094049885
3.039752692
3.131801356
3.128555044
3.083001951
3.094800376
3.07738199
3.057642317
3.013782192
2.990359874
2.969119217
2.946779002
2.933008355
2.914333332
2.975437309
2.959624626
2.944230822
2.936062681
2.916323007
2.894785644
2.876320061
2.851867998
2.831011313
2.717390379
2.699500754
2.684473469
2.65845061
2.63698306
2.615410791
2.596020183
2.580853272
2.562474954
2.55015293
2.535055832
2.51723602
2.4945991
2.47604625
2.462485042
2.447230864
2.431487994
2.414540847
2.397523887
2.3774526
2.35338451
2.336402456
2.319263323
2.301216619
2.279993415
2.253935649
2.237005956
2.220390421
2.200528574
2.187578231
2.170369285
2.151380102
2.134502769
2.118166487
2.105827009
2.092108721
2.071356756
2.052210494
2.032069395
2.018578
1.996970824
1.981681739
1.96281473
1.938659373
1.920699935
1.905602837
1.891867096
1.875810067
1.856018033
1.836208546
1.806520496
1.776361206
1.770811059
1.751437904
1.729691102
1.707560327
1.691642924
1.676859985
1.664241255
1.649353596
1.629003057
1.606209057
1.586888262
1.564897114
1.54383099
1.517581238
1.493827307
1.471277653
1.455342797
1.43829093
1.422966939
1.405862712
1.386681544
1.366767337
1.352926876
1.333588628
1.315664097
1.29988632
1.278383864
1.257788979
1.238398371
1.223458352
1.209408452
1.19031455
1.168829547
1.150433776
1.124358557
1.10751613
1.087409937
1.070968936
1.051927393
1.031454681
1.011051782
0.9942268084
0.9772796614
0.9606292203
0.9435249936
0.9234537072
0.9057560686
0.887220672
0.8695928465
0.8506560241
0.834476822
0.8186815922
0.8006174345
0.7813489995
0.7631626687
0.7462678816
0.7266852874
0.7080451709
0.688357857
0.6678676916
0.6464874082
0.6241471938
0.6031334296
0.5876349059
0.5701467067
0.5544911034
0.5364094923
0.5170537909
0.4990594463
0.4805938628
0.4678704126
0.452022823
0.4362799531
0.4160515871
0.3964689929
0.3718074906
0.3547381705
0.3380179162
0.3179640831
0.2988352745
0.2801427982
0.2578374904
0.2411346895
0.2242049957
0.2034704842
0.1821425607
0.1668185699
0.1511280599
0.1363276679
0.1195550538
0.106622164
0.09438740595
0.07590436917
0.06281439978
0.05571090972
0.04696681017
0.04188790205
0.05183627878
0.06939429106
0.09175195878
0.09990264638
0.1271123294
0.1441467429
0.1595580002
0.1821425607
0.200119452
0.2201209253
0.2279574536
0.2487792316
0.267838227
0.2920284904
0.3072303082
0.3224146727
0.3389429407
0.3588396942
0.2813470754
0.3958930342
0.409541509
0.4285132379
0.4466995688
0.4724257219
0.4964065459
0.5156051676
0.5368458246
0.55309484
0.5744402167
0.5928010804
0.6116331831
0.6284930636
0.6461034358
0.5585053606
0.5756270406
0.5901830866
0.6095736946
0.6331530927
0.6459638095
0.664673739
0.6806784083
0.7005751618
0.7257777161
0.7423059842
0.7665137009
0.7838971802
0.8700117255
0.8862432876
0.905721162
0.9260193412
0.9457415618
0.9639977058
0.9816080779
1.002796375
1.015746718
1.029726805
1.052328819
1.07035807
1.090481717
1.104496711
1.119087663
1.134237121
1.153243757
1.175514158
1.197697293
1.221119611
1.239358302
1.257911152
1.274369607
1.293149349
1.312155985
1.332244725
1.349209325
1.363643198
1.378653029
1.40399521
1.418341817
1.440140979
1.468886552
1.477333945
1.499202921
1.517563785
1.539467667
1.560987576
1.57812671
1.606575576
1.6249888
1.645444059
1.666475276
1.694313278
1.714698724
1.731768044
1.672601382
1.767966172
1.78486096
1.799835885
1.820779836
1.831304171
1.843451663
1.86156818
1.88149984
1.899581451
1.917034744
1.935046542
1.953965911
1.972606027
1.996098159
2.015593487
2.032854793
2.048999089
2.065178291
2.085005231
2.104221306
2.122704343
2.143718107
2.160944507
2.175605272
2.19663649
2.215782752
2.231944501
2.24646564
2.263168441
2.279714162
2.29634715
2.314463668
2.335145819
2.353192524
2.373019464
2.39330019
2.416216363
2.438329685
2.458697677
2.478367538
2.492783957
2.505263062
2.521756423
2.540518712
2.561462664
2.576699388
2.592808777
2.607155383
2.62436433
2.643370965
2.664838515
2.687824501
2.709780743
2.726605717
2.750080396
2.761599569
2.774532459
2.790990913
2.81540807
2.828585306
2.846754183
2.864102756
2.882009834
2.902517453
2.926917156
2.948245079
2.966012531
2.983361104
2.999069067
3.016330373
3.036803085
3.058898954
3.074135678
3.092740888
3.110368713
3.123685575
3.13579816
3.120334543
3.098919353
3.081256621
3.07038322
3.056822012
3.040258837
3.021653627
3.00062241
2.980760563
2.958839228
2.942223693
2.913443214
2.887333088
2.868431172
2.849023111
2.824850301
2.805913479
2.791689045
2.773520168
2.752331871
2.73531491
2.717582365
2.701961668
2.683897511
2.665798446
2.643475685
2.623509118
2.607452089
2.595496584
2.57416866
2.555511091
2.534043541
2.512453818
2.499974714
2.482329435
2.466062967
2.446934158
2.422429735
2.405587308
2.385184409
2.372757665
2.355950144
2.335494885
2.312962685
2.302735055
2.287027092
2.276450397
2.263098628
2.241578718
2.22208339
2.201732851
2.184087573
2.173580691
2.150612158
2.131099377
2.110068159
2.09401113
2.072840286
2.057481389
2.041546533
2.023203122
2.00543567
1.987999831
1.973199439
1.96291945
1.945169451
1.926930761
1.906684941
1.889685434
1.872546301
1.848443304
1.829314496
1.808684704
1.788177085
1.758663567
1.739377679
1.722343266
1.707315981
1.690752806
1.672688649
1.654257972
1.69633786
1.681816721
1.667155955
1.643349664
1.627222822
1.616785753
1.590466187
1.570394901
1.549224057
1.531491512
1.510320668
1.493041909
1.472813543
1.456983406
1.435603123
1.409318464
1.401918268
1.381061584
1.35866901
1.340796838
1.314424913
1.29426636
1.277930078
1.259883374
1.244367397
1.229217939
1.21029857
1.193456143
1.173925908
1.159230236
1.145773747
1.129245479
1.107097251
1.073709103
1.061229998
0.9495463795
0.9313251422
0.9080075434
0.889192894
0.8723504667
0.8514065157
0.8351400471
0.817774021
0.8037590271
0.8780926
0.8545830149
0.8418595647
0.8239524866
0.8141262829
0.7915068158
0.682092125
0.6654940438
0.6428745767
0.6271142535
0.6067462612
0.5868495077
0.5688377098
0.5455899242
0.5315051171
0.5148895826
0.4966857985
0.4765272457
0.4540474049
0.4358087142
0.421060682
0.4028568979
0.384007342
0.3661526238
0.3480535594
0.3295356161
0.3156427952
0.3010169361
0.2832145777
0.2615375884
0.2407856236
0.2194577001
0.1961401013
0.1806939375
0.1629962988
0.1426457598
0.1251052008
0.1074773753
0.09634217471
0.08550368006
0.07150613945
0.06014404602
0.04883431247
0.04415683008
0.05024802916
0.05780530483
0.07307693578
0.08374089751
0.1085943861
0.1281071671
0.1438500369
0.1537635071
0.1702568685
0.196297181
0.2075894612
0.2299296757
0.2530552882
0.2749242638
0.2951177232
0.3086963848
0.3229906314
0.3449468734
0.3667983956
0.3855955916
0.4057017846
0.4239404753
0.4410272487
0.4597371783
0.4770682977
0.4941376178
0.51317916
0.530126307
0.5444903667
0.5606346623
0.58299233
0.5989969993
0.6199584036
0.6419670055
0.6608340147
0.6787061862
0.6969274236
0.7160213256
0.7393563777
0.7588866121
0.7772649291
0.7942120761
0.8092044544
0.8276525846
0.8442681191
0.8633620211
0.88662726
0.9015149185
0.9147968741
0.9328610319
0.9480279431
0.9703681575
0.9879785297
1.010248931
1.030424937
1.044928623
1.064668297
1.08912036
1.107481224
1.126889285
1.143208113
1.163663372
1.179458602
1.19460806
1.213509976
1.227716956
1.246671231
1.168672467
1.188900833
1.206197046
1.219391735
1.244890996
1.25440304
1.274893205
1.30131749
1.3199227
1.342070928
1.453963987
1.469951203
1.493216442
1.516237334
1.536395887
1.559242247
1.574199719
1.586190131
1.607308615
1.632406449
1.564286249
1.582769285
1.599402273
1.619648093
1.635722575
1.647521001
1.671658904
1.685028126
1.704296561
1.720702656
1.743932989
1.762346212
1.785541638
1.900907902
1.818964693
1.837255744
1.855407168
1.870731159
1.890313753
1.905183958
1.924975992
1.93276016
1.946234102
1.966567188
1.983374709
2.010217873
2.029311775
2.05409545
2.069052922
2.086087335
2.097973027
2.120225975
2.212868052
2.233009152
2.252504479
2.268509149
2.287288891
2.236429997
2.32512763
2.345705061
2.298336825
2.379634262
2.39457428
2.409444486
2.425082636
2.44450815
2.46464925
2.489223486
2.505507408
2.517707259
2.543468319
2.558827216
2.57861925
2.599650468
2.619041076
2.632829177
2.658782223
2.671313687
2.693339742
2.713917174
2.727949621
2.744024103
2.765334573
2.784096863
2.802719526
2.819300154
2.838516229
2.853927486
2.869565636
2.891294986
2.912675269
2.933497047
2.953812679
2.969258843
2.98912069
3.007970246
3.030101021
3.051324225
3.066683122
3.086841675
3.102322745
3.117891082
3.131522104
3.12440116
3.117960896
3.107262027
3.084398214
3.06741616
3.048374618
3.026418376
3.007219754
2.986555056
2.961108156
2.943078904
2.911558258
2.895885201
2.875988448
2.866947642
2.849005658
2.825408806
2.802841699
2.781077443
2.761337769
2.745455273
2.72529672
2.706028285
2.68712637
2.670458475
2.656652921
2.640700612
2.625324261
2.606177999
2.584989702
2.567152437
2.547011337
2.526451359
2.506432432
2.486029533
2.466970538
2.447771916
2.428049695
2.412655891
2.399565922
2.385271676
2.369144833
2.348288149
2.32905462
2.309611652
2.293345184
2.278405165
2.261300939
2.240374441
2.221036193
2.19822474
2.179340277
2.167472038
2.151554635
2.129301687
2.118358473
2.102371257
2.084743432
2.063642401
2.045386257
2.025018265
2.005138964
1.984421906
1.96578179
1.946077023
1.930683219
1.916999837
1.899406918
1.87895166
1.859962477
1.835021722
1.818214202
1.799521725
1.782592032
1.753514846
1.736864405
1.719166767
1.706390956
1.690979699
1.677034518
1.660331717
1.641290175
1.621149076
1.597377691
1.578667762
1.553779367
1.530758474
1.508872045
1.483233158
1.463371311
1.4484662
1.431466693
1.417538965
1.398794129
1.383260699
1.363730464
1.345544134
1.329644184
1.312906477
1.288244974
1.268051515
1.251401074
1.236077083
1.213195816
1.191099948
1.172616911
1.155093806
1.133730976
1.116556936
1.100691893
1.076920508
1.055644945
1.037929853
1.021017612
1.00647902
0.991818254
0.9736144699
0.9566847762
0.9360549844
0.9230348282
0.9070476123
0.8915665418
0.8711985494
0.8531692983
0.8290313947
0.8098327729
0.791402096
0.7717322354
0.7604225018
0.739251658
0.7104013654
0.7023903042
0.6774670025
0.6690545155
0.6434679886
0.6358408998
0.6147747757
0.5914222703
0.5819625858
0.5676159793
0.5530599334
0.5267927281
0.5063723759
0.4927937143
0.4680449455
0.457276264
0.4409399822
0.4172907709
0.4026474584
0.3779510495
0.3576877769
0.3341083787
0.3153635425
0.3018721474
0.2855358656
0.3381749959
0.3193603465
0.3001791781
0.2806314904
0.2629163985
0.2514844919
0.2400700386
0.2224247599
0.1953896098
0.1808335638
0.1626821396
0.1381777169
0.1266061839
0.1065698041
0.07649778111
0.057159533
0.03536037065
0.02673844414
0.004904375198
0.02424262331
0.03925245488
0.05794493117
0.07993607974
0.1043881426
0.1147903049
0.1325926633
0.1486671457
0.1648812544
0.1897696496
0.2012888226
0.2145358717
0.2359685149
0.259006861
0.2803871443
0.3056769652
0.3221703266
0.3453133925
0.3663795166
0.3831346774
0.4064348229
0.4234517831
0.4371177112
0.4552342288
0.4659330971
0.4874879134
0.5045048736
0.5227610176
0.5394114586
0.559063866
0.5788558997
0.5900609135
0.6158568799
0.6259099764
0.6435378018
0.6666634144
0.6875026457
0.7035771281