0.01357257059
0.01344592272
0.01338276315
0.01346302728
0.01308664044
0.01294378681
0.01317941727
0.01357172691
0.01343935948
0.01409404042
0.01404568636
0.01468966784
0.01523872947
0.01559180534
0.01573121766
0.01622468684
0.01622064425
0.01584361034
0.01546174113
0.01507407642
0.01539165214
0.01554301227
0.01599636863
0.01582347434
0.01579579931
0.01594078139
0.01590946012
0.01579514705
0.01548896571
0.01563660678
0.01317536219
0.01276025756
0.01264670807
0.01307086121
0.01367004437
0.01405488155
0.01466975031
0.01485500749
0.01517933578
0.01436115548
0.01384382291
0.01347809807
0.01349373062
0.01360003028
0.01345313406
0.01310257051
0.0129053936
0.01307154572
0.01319422903
0.01311159093
0.01258788446
0.01255474163
0.01250920262
0.01211947708
0.01186614908
0.01175582451
0.0116363058
0.01214596409
0.01228748613
0.01218651072
0.01266241656
0.01291821735
0.01292760291
0.01259012838
0.0124158557
0.01216049496
0.012256917
0.01136059788
0.01121282677
0.01083949944
0.01079985787
0.01100384457
0.01146034887
0.01183720385
0.01227034411
0.01232344817
0.01285537091
0.01280775234
0.01358756335
0.01420173824
0.01405678841
0.014198402
0.01392437105
0.01373394047
0.01366070978
0.01324184031
0.0136083537
0.0133452313
0.01426119643
0.01482372055
0.01528685779
0.01502267949
0.01454175005
0.01386395266
0.01348174951
0.01288760452
0.01254067681
0.0125272809
0.01204635146
0.01197686168
0.01207485353
0.0119751712
0.01209603398
0.01157236496
0.01135596232
0.01167128683
0.01192760672
0.01250415509
0.01263402789
0.01276006199
0.01268886196
0.01285031194
0.01310797694
0.01295705581
0.01348880897
0.0134859003
0.01379659133
0.01421935567
0.01407070343
0.0144953996
0.01443130376
0.01430581894
0.01421309308
0.01423198696
0.01382606191
0.01339332528
0.012577598
0.01245497712
0.01254402969
0.01263928971
0.01276595319
0.0131318632
0.01334693635
0.0132594411
0.01324745688
0.01398869783
0.01385217962
0.01398555822
0.0142041226
0.01414492552
0.01402670822
0.01366278101
0.01336436653
0.01323811189
0.01319136301
0.01303435718
0.01336571683
0.01425433047
0.0144778477
0.01434692109
0.014121962
0.01405447895
0.01409279206
0.01450474355
0.01394229225
0.01288537828
0.01238345668
0.01172418699
0.01158002779
0.01146082533
0.01132540879
0.01063853065
0.01046824542
0.01107046209
0.01163817105
0.01190513006
0.01150813389
0.01121024059
0.01004697599
0.009599133203
0.0101177058
0.01022645224
0.009634921511
0.009833624537
0.009880010354
0.009732223638
0.009674176089
0.01014192184
0.01053333162
0.01063476061
0.01060557091
0.01067519593
0.01113101155
0.01034456448
0.009780126208
0.009307847878
0.00926274995
0.009214257532
0.008789741332
0.008810748055
0.009025091951
0.009569889406
0.009752939079
0.01020766343
0.01066902072
0.01015672319
0.009285938177
0.009450613078
0.009307453606
0.01010517958
0.01069176786
0.01107741751
0.01099890732
0.01114296977
0.01061378405
0.01038824656
0.01013925764
0.01054153021
0.01068140234
0.01124745515
0.01164429008
0.01122925515
0.01132873566
0.01154759548
0.01162436942
0.01161359194
0.01191111697
0.01232029399
0.0126206351
0.01297354556
0.01288417986
0.01299155206
0.01309831257
0.0132536841
0.01334084957
0.01326048452
0.01343837848
0.01260427539
0.01280888106
0.01304343585
0.01252737973
0.0125599452
0.0130037818
0.01286965627
0.01256491366
0.01254549027
0.01217728328
0.01143654583
0.01127209771
0.01130957962
0.0115939116
0.01183023386
0.01202906068
0.012083643
0.01229479526
0.01283859299
0.01282878507
0.01258990368
0.01270409191
0.01265421382
0.01229360516
0.01202979825
0.01201982492
0.01197293456
0.01228058376
0.01187570109
0.01146988111
0.01155945279
0.01143945242
0.0117493393
0.01105589376
0.01118482509
0.01125793302
0.01132714192
0.01103022443
0.01097044374
0.01089041783
0.01066028014
0.01068269335
0.01040457819
0.01052451198
0.01069134758
0.01098536057
0.01110515704
0.01128441691
0.01126054105
0.0112165552
0.01133450306
0.0116932267
0.01170621273
0.01158181086
0.01143909143
0.01162473769
0.0118998724
0.01193451846
0.01149240563
0.01144698937
0.0115662012
0.01166051455
0.01177304351
0.01197563933
0.01164797897
0.01170311577
0.01236405409
0.01276719427
0.0134479076
0.01317870467
0.01299612001
0.01219916489
0.0123747806
0.01215918523
0.01239809262
0.01169450523
0.01165597886
0.01172090381
0.01115519534
0.01140543053
0.01159555007
0.01155807024
0.01128876015
0.01036415639
0.009265251865
0.00955583707
0.009784274914
0.01018087161
0.01152370922
0.01321578711
0.01389626118
0.01325678106
0.01304325796
0.0118106513
0.01109695118
0.01040775213
0.01072447169
0.01141166712
0.01184738108
0.0108575434
0.01087149586
0.01132307332
0.01161972138
0.0118097348
0.01170038811
0.01111630279
0.0113029082
0.01068264757
0.01117036496
0.01094771845
0.01120827339
0.01072115626
0.01062559351
0.01076703129
0.01078307267
0.0110120109
0.01158150814
0.01165619628
0.01192451184
0.01207043122
0.01235128965
0.01234124454
0.01243470172
0.01260285434
0.01259129144
0.01228676313
0.01238935517
0.01196787143
0.01175195981
0.01178825682
0.01172264631
0.01196735752
0.01166175251
0.01164665259
0.0114197263
0.01094703393
0.01022651362
0.01026550084
0.01066589359
0.01104620235
0.01120344537
0.01158216352
0.01157787542
0.01192705225
0.01230770327
0.01201005965
0.01132883969
0.01178075316
0.0109448337
0.01127798891
0.01190870764
0.01221203337
0.01215057781
0.01235906899
0.01223191449
0.01243291033
0.01202631741
0.01230819949
0.01219769911
0.01225973516
0.01181735914
0.01145599939
0.01159606918
0.01150260158
0.01158031908
0.01204031566
0.0124393633
0.01278652091
0.01292077752
0.0134464127
0.01363426126
0.01366622231
0.0128641146
0.01255291279
0.01205368139
0.01171846744
0.01145091337
0.01159899449
0.01165900404
0.01129252707
0.01124162324
0.01135312751
0.01131130131
0.01184302223
0.01173933788
0.01156163326
0.01101765972
0.0115048195
0.01150131578
0.01175627288
0.011619815
0.01184755169
0.01150941865
0.01178862613
0.01141974711
0.01195380141
0.01241979739
0.0118657933
0.01134598899
0.0107275104
0.01050058098
0.01071809466
0.01091597794
0.009838017713
0.01031314438
0.01061510003
0.01090925762
0.01088198206
0.01009646813
0.009454804436
0.008999729503
0.009091488926
0.008638975205
0.008914459454
0.009133090415
0.009642418934
0.009668698924
0.009831400382
0.009642009056
0.009266379547
0.008963597897
0.009249463273
0.009797875761
0.01034306853
0.01034156946
0.01028015655
0.01001200432
0.01038823512
0.01062211684
0.01052191852
0.00989189679
0.009859216891
0.01032088627
0.009915847555
0.0103477998
0.01042087548
0.009616047397
0.01043371067
0.01137148563
0.01097004115
0.01130383094
0.01111259517
0.01136707061
0.01086194281
0.01103569951
0.01072305064
0.01017257212
0.01024536693
0.01037914292
0.01051905562
0.01038034654
0.00987674278
0.01042806602
0.010097136
0.01043208677
0.0106394846
0.01013242601
0.0101501766
0.009993608738
0.01039588338
0.01088723036
0.01125804746
0.01081713513
0.01044416774
0.01084368872
0.01130207492
0.01186673581
0.01176407927
0.01164641957
0.01132535989
0.01129351743
0.01154565117
0.01118326568
0.01149018564
0.01175699069
0.01191151229
0.01162937117
0.0115692732
0.01170305543
0.01158024209
0.01147017136
0.01209058594
0.01232245365
0.01247677967
0.01222209825
0.01195897065
0.01181007914
0.01159291083
0.01166198033
0.01156009257
0.01150763662
0.01116972725
0.01086921553
0.01112321764
0.01115605983
0.01110788366
0.01066306294
0.009911607303
0.009314639979
0.00942010532
0.009164582295
0.009427230316
0.009673108744
0.01000343539
0.01042375711
0.01099342599
0.01075012958
0.01105628595
0.01201805537
0.01280242914
0.01297816864
0.01254070906
0.01161176414
0.0117329775
0.01208932614
0.01197327578
0.01207730967
0.01255294296
0.01293131261
0.01290927807
0.01243507831
0.01190705981
0.0116878827
0.01121617549
0.01145777517
0.01104971752
0.01069350308
0.01057192561
0.01056181704
0.01076777926
0.0105082074
0.009818358174
0.009028643526
0.009258335969
0.009540601916
0.009206593661
0.00923909567
0.01001281367
0.01031660545
0.01049550953
0.01074450157
0.01039206653
0.01128518881
0.01109750774
0.01199098684
0.01082420707
0.01138424072
0.01054052944
0.009863570535
0.009614733502
0.01060842236
0.01116844145
0.01027226589
0.01117888707
0.01144347213
0.01010365451
0.009658525857
0.01067488696
0.01133237982
0.0102277162
0.009764264795
0.01057982043
0.01161410065
0.01097817003
0.009780065871
0.009536745534
0.009153743438
0.01001780293
0.01057602542
0.0108828039
0.01144308306
0.01158997928
0.01191745446
0.01199111687
0.0115114181
0.01165274561
0.01166586584
0.01261048804
0.01305796568
0.01370993249
0.01373258704
0.01406918147
0.01335434222
0.01230879038
0.01144507835
0.0101613057
0.01025979273
0.01079428084
0.01129154399
0.01088639188
0.01029131166
0.01073810894
0.01166637559
0.01204352601
0.01186582139
0.01255794575
0.01250449319
0.01249225825
0.01324201508
0.01235539882
0.01200711457
0.0123796648
0.01242314922
0.01147691248
0.01124583853
0.01116859125
0.01108860799
0.01143795439
0.0116591268
0.01179717217
0.01186656728
0.01210596466
0.0114866996
0.01177435741
0.0117939899
0.01163289258
0.01223451211
0.01275651978
0.01325561281
0.0135975294
0.01317201556
0.01271631957
0.01239660084
0.01196857987
0.01214304709
0.01177338161
0.01122770094
0.0110916311
0.01094026784
0.01046409984
0.01012754285
0.01034522194
0.01068838898
0.01029813393
0.01059943107
0.01063531613
0.01066015843
0.01031973986
0.009963108262
0.01007342035
0.01019114039
0.01031248275
0.01034757614
0.01042235895
0.01050411695
0.01114012664
0.01145851379
0.01236812998
0.01338673812
0.01326534271
0.01281827494
0.01289188534
0.01283653112
0.01309065807
0.01313945737
0.01254825538
0.01265943611
0.01303817819
0.01331083803
0.0132033722
0.0131615252
0.01255430575
0.01197360971
0.011784673
0.01149512601
0.01143717313
0.01173157102
0.01195496446
0.01170802909
0.01190341669
0.01255139187
0.01272054005
0.01322600491
0.01366324706
0.01375337218
0.01420403833
0.01380840599
0.01304305718
0.01244606281
0.01191148524
0.01167287641
0.01156320514
0.01156720301
0.0115516516
0.01160577307
0.01214823714
0.0124513444
0.01288078849
0.01366152017
0.01365258506
0.01330634187
0.01375476722
0.01424020323
0.01395850528
0.0144413031
0.01562381008
0.01534395658
0.01503815807
0.01491982633
0.0145513884
0.01494257348
0.01470809567
0.01477157669
0.01443707325
0.01406577762
0.01414541758
0.01401616168
0.01405998733
0.01363567502
0.01340910868
0.01330026549
0.01307696255
0.01328737517
0.01322443198
0.01248267816
0.01209866489
0.01183129288
0.01158245273
0.01170405308
0.0118510398
0.01216828887
0.01230356705
0.01220544101
0.01255903806
0.01289003985
0.0134325861
0.01360339044
0.01313090301
0.0123887237
0.01165203301
0.01160944012
0.01087257257
0.01096758501
0.01070420878
0.0102804083
0.01052714081
0.01114773225
0.01142082693
0.01154421036
0.01157527467
0.01165119453
0.01146431656
0.01126062011
0.01113797842
0.01102910195
0.01146361228
0.01236255191
0.01279387893
0.01383586255
0.01432825295
0.01422128022
0.01431877272
0.01386776951
0.01326014122
0.01307871025
0.01339088891
0.01340555606
0.01386476201
0.01339254194
0.01279334006
0.01331436776
0.01303912278
0.01267299951
0.01309173061
0.01248931733
0.01178753589
0.01264540562
0.01247538671
0.01235726199
0.01244591925
0.01299287116
0.01270840707
0.01173026961
0.01103791743
0.01103599912
0.01148651131
0.01258015713
0.01377288088
0.01400152678
0.01317822509
0.01243989073
0.01144662423
0.01077625353
0.009976094293
0.009259233745
0.009072177888
0.00887259477
0.008984100076
0.009201066562
0.009621844974
0.01027112677
0.01041331564
0.01041891764
0.0105335324
0.01128578386
0.01188827412
0.01301877248
0.01408076622
0.01452616119
0.01482029381
0.01469305609
0.01436143427
0.01338912977
0.01257346906
0.01125341813
0.009965886896
0.009208385053
0.008047061125
0.007362586593
0.007086219652
0.007404382097
0.008081481442
0.008584481832
0.008860511717
0.009104349082
0.009241635036
0.009102690848
0.008736069273
0.00771193091
0.007535422107
0.007663964882
0.007995169015
0.009165954447
0.01052053076
0.01285834199
0.01398493404
0.014492183
0.01359609067
0.01212596645
0.01141813569
0.01175360764
0.01279741074
0.01278719502
0.011252382
0.01157062038
0.01288321862
0.01259799615
0.01233877071
0.01264131517
0.01305297954
0.01297652497
0.01234708685
0.01226032189
0.01272649263
0.0123936183
0.01243389237
0.01291710735
0.01226277699
0.01200405089
0.01253754239
0.01239193406
0.01252574022
0.01302950315
0.01225860436
0.01251455182
0.01345130521
0.01306512397
0.01373856251
0.01376197232
0.01280520881
0.01330176664
0.01381266288
0.0148744132
0.01467990777
0.0145138784
0.01423489459
0.01325405756
0.01320274386
0.01243403281
0.01257075701
0.01252666297
0.01207006608
0.01216311651
0.01172167883
0.01225482288
0.012154739
0.01316891859
0.01328848932
0.01373512224
0.01368062315
0.01446892403
0.01388214226
0.0141676685
0.01367456758
0.01431314784
0.01363673093
0.0140706691
0.01374113932
0.01399276644
0.01360203077
0.01393222217
0.01377929535
0.01373841166
0.01294680784
0.01284916865
0.01252733708
0.01241802992
0.01247301587
0.01246238924
0.01314133407
0.0128580736
0.01314793788
0.01314530696
0.01311020629
0.01365776366
0.01306106057
0.01300046741
0.01415009892
0.01395943739
0.01424286743
0.0147086439
0.01459100916
0.01527314771
0.01546075284
0.01505386656
0.01480896393
0.01495004177
0.01529610499
0.01577579544
0.01552825878
0.01554040633
0.01557985128
0.01567499687
0.01530130856
0.01456231776
0.01465107281
0.01454786908
0.01392593045
0.01328919985
0.01602373469
0.01568506799
0.01456079165
0.01340269524
0.0127922904
0.01258404368
0.01269061174
0.01319650104
0.01350633174
0.01330191436
0.01301768433
0.01264857125
0.01242486675
0.01259744896
0.01272782421
0.01328078384
0.01369532983
0.01309474331
0.01309991671
0.01287279901
0.01244327481
0.01209509251
0.01194100263
0.01229426783
0.01293909611
0.01287825433
0.01247464082
0.01246853843
0.01222257262
0.01203869487
0.01224665862
0.01149589063
0.0112969733
0.01127455905
0.01135868374
0.01108063515
0.01069309112
0.0110143162
0.01145649353
0.01185349803
0.01240365821
0.01303298502
0.01327813108
0.01405152035
0.01384800282
0.01380820105
0.01427552444
0.01385319183
0.01410498851
0.01442315927
0.01429859616
0.01391829467
0.01317521759
0.01335238959
0.01324461374
0.01277928564
0.01330956575
0.01339063924
0.01329433788
0.01332545109
0.01301411299
0.01263851469
0.01236101851
0.01166484115
0.01158618219
0.01216812554
0.01263370852
0.01348654841
0.01361590625
0.01359336613
0.01378198972
0.01398317385
0.01367390283
0.01347870665
0.01275696502
0.01195631373
0.0113365795
0.01034390181
0.00962151624
0.009252145159
0.009767970334
0.00940446549
0.008748140883
0.009192624549
0.01075595941
0.01106180265
0.01099571048
0.01148577166
0.01209450058
0.01187470761
0.01155582424
0.01226213305
0.01286272373
0.01325318267
0.01405726383
0.01471136844
0.01445752758
0.01423627611
0.01378202405
0.0138936802
0.01344378907
0.01347130389
0.01335674739
0.0121374763
0.0112135633
0.01083114585
0.01236449518
0.01271438045
0.01234979578
0.01180363033
0.01110940145
0.009984317843
0.009344745143
0.009323162095
0.008709187471
0.008770537443
0.008966735434
0.009722807907
0.01017691328
0.009740570984
0.01007908165
0.009901045165
0.009557707524
0.009934531295
0.009334846714
0.009236525095
0.008920789663
0.007993674108
0.007481107144
0.007049734865
0.00671355655
0.006967836419
0.007037907725
0.007418434433
0.008287253808
0.008968271953
0.008622426676
0.008217525281
0.008323434828
0.008193045525
0.008148615468
0.008446988338
0.008882092684
0.009041984299
0.009400801563
0.01040006226
0.01016466898
0.009408268817
0.008505700117
0.007077458788
0.005781379949
0.003996045128
0.002648726445
0.001451067272
0.0004941676804
0.000530287583
0.001223059852
0.002374527483
0.004023034861
0.005734120803
0.007879868184
0.009261212391
0.01077949925
0.0129526231
0.01500469067
0.01595181374
0.01660739974
0.0160250101
0.01596727152
0.01648166941
0.01675592922
0.0160431945
0.01595444049
0.01526489295
0.01497362323
0.01474799419
0.01437520365
0.01401325197
0.01396539309
0.01401730913
0.01360069191
0.01327859402
0.01310130447
0.01306282491
0.0130401922
0.01308740922
0.01339713173
0.01377099898
0.01361982714
0.01335975177
0.01445928568
0.01482542872
0.01437182372
0.01360287133
0.01284074849
0.01307831182
0.0132601277
0.01310968406
0.01256157222
0.01275633148
0.01338987462
0.01326264418
0.01337955903
0.0128429508
0.01205540933
0.01220963236
0.01138868903
0.01125730156
0.01106902023
0.01033346554
0.009872442191
0.009687138194
0.009374487243
0.00882154426
0.008882474473
0.008890884237
0.008213279828
0.007924024123
0.007543177003
0.00716889884
0.007827641098
0.00765471976
0.007530679911
0.007721968739
0.007458025548
0.007736455919
0.009417835391
0.01083289355
0.01037083614
0.008398466791
0.00603104766
0.005097216465
0.004877234158
0.004915164438
0.005541997137
0.007421193302
0.008801032718
0.01110598512
0.012525657
0.01381861026
0.01413622759
0.01266936575
0.01253221399
0.01253221399