3.843173807
3.748509814
3.696680517
3.760737978
3.493498478
3.389214239
3.562723508
3.839492184
3.742581817
4.200168064
4.14810138
4.592594306
4.946817023
5.167880801
5.242643748
5.57477308
5.542807187
5.243004989
4.948773493
4.651129027
4.864476816
4.960304066
5.262879929
5.112994615
5.064868798
5.142227217
5.084172127
4.976574791
4.732595881
4.817258959
2.978817618
2.693713379
2.642173986
2.981460749
3.430736629
3.709325778
4.158891561
4.274125656
4.499643324
3.890893152
3.520200572
3.264706569
3.282180622
3.362955653
3.25680571
3.003925393
2.87341596
3.012812532
3.112122268
3.06736419
2.698217661
2.692491838
2.680653754
2.417655347
2.253853598
2.197978401
2.132805191
2.522077252
2.637416228
2.578517837
2.937008967
3.128777001
3.145959632
2.906689302
2.803300881
2.638584949
2.725582738
2.114708985
2.039315839
1.805027601
1.809457813
1.979060365
2.317667449
2.595254533
2.911692644
2.962041155
3.343587969
3.314932745
3.855991492
4.280831687
4.172378908
4.268496062
4.060903542
3.918000199
3.860985423
3.566099139
3.810317562
3.616140444
4.251752991
4.629361669
4.934237636
4.725071137
4.369353064
3.885154882
3.621262176
3.225332502
2.994012816
2.998869232
2.666847361
2.631948738
2.722321551
2.669867823
2.777375608
2.419360617
2.28431351
2.534273541
2.728184889
3.148474053
3.248970117
3.341689783
3.292242856
3.415616715
3.59742694
3.497607217
3.880829399
3.871232224
4.071126969
4.366094304
4.241954857
4.536691788
4.470405864
4.362069653
4.280315628
4.288837276
3.992108966
3.681737581
3.091947711
3.016720614
3.08718631
3.166143904
3.273441319
3.546227539
3.697125846
3.624123266
3.616180515
4.159563955
4.050582064
4.132086863
4.282465772
4.234309903
4.145415142
3.876061624
3.651448272
3.552816091
3.520978606
3.405813117
3.647363212
4.302705899
4.451048197
4.344589833
4.167376781
4.103928877
4.119746381
4.415281988
3.991576515
3.209567818
2.858621163
2.414520897
2.334878008
2.276291832
2.198774649
1.730115755
1.647397915
2.110388207
2.539375389
2.742890134
2.468721787
2.27470313
1.454763054
1.171995802
1.588659806
1.705500057
1.318341864
1.500142224
1.573812644
1.504289211
1.497026595
1.862481027
2.160088306
2.255747382
2.254882832
2.323355175
2.671538942
2.139678638
1.776747582
1.480212642
1.486129711
1.494596565
1.233348053
1.282625742
1.471055787
1.876797862
2.027639251
2.365310902
2.7050521
2.376168019
1.804156827
1.94614796
1.877633726
2.44670657
2.856403932
3.129662194
3.089242956
3.19598242
2.839192766
2.695888719
2.539964455
2.833095684
2.937603042
3.339182648
3.618323069
3.326949324
3.399535718
3.556757869
3.602335266
3.589194286
3.787974647
4.067980832
4.269059173
4.495546121
4.418099365
4.488391725
4.548616084
4.637283475
4.676789289
4.596354856
4.702797738
4.101177677
4.234441953
4.389176094
4.02025056
4.045637918
4.352316447
4.253758031
4.026469978
3.997402514
3.730510596
3.204171969
3.092743655
3.128379029
3.337159698
3.5175966
3.669476329
3.697600923
3.836440759
4.223932265
4.202823641
4.008459528
4.075914477
4.034542655
3.776356647
3.586499852
3.587351652
3.565006916
3.787070937
3.487534964
3.191925288
3.267683317
3.181142999
3.413801706
2.92035302
3.028245117
3.091162694
3.154997339
2.949027672
2.914685177
2.877772103
2.730395745
2.761855596
2.569606717
2.669632257
2.81040276
3.040161823
3.13403139
3.26933167
3.256390434
3.232683607
3.326981806
3.591845917
3.595058231
3.500910296
3.401415993
3.535758528
3.745153611
3.766716973
3.440196289
3.416867702
3.507921409
3.583532211
3.664884013
3.807618575
3.566827693
3.60461321
4.082213732
4.35798945
4.83911344
4.626954104
4.473790602
3.876278065
4.004272167
3.843209931
4.021260213
3.511393574
3.486683771
3.52731429
3.120203748
3.309043604
3.453717028
3.431956045
3.234460974
2.584751827
1.821265237
2.063675025
2.257987532
2.56558662
3.538141809
4.738674142
5.191974065
4.686316037
4.522458584
3.626185376
3.122001454
2.632752271
2.882810657
3.390401782
3.708588117
2.998628202
3.019155804
3.351945388
3.562569601
3.693195906
3.613834269
3.189768466
3.343329028
2.911759731
3.271432939
3.113065441
3.315647638
2.969633594
2.913555312
3.027445529
3.047473465
3.212914307
3.616936085
3.655284714
3.844356493
3.945559861
4.138424368
4.12543608
4.186090588
4.298080799
4.280501409
4.052292647
4.116572619
3.807691734
3.655123218
3.678852509
3.629917998
3.799259334
3.572983363
3.565371496
3.402869457
3.075836053
2.565629422
2.618862095
2.928217755
3.207536975
3.325996437
3.607845559
3.593002192
3.842206653
4.108187272
3.879223546
3.372284174
3.709688233
3.105539787
3.36271523
3.831163299
4.042487531
3.988849296
4.129636191
4.027309333
4.162751073
3.850603535
4.058008756
3.971079573
4.016630256
3.68428084
3.415117656
3.52416451
3.463410129
3.529018801
3.868143461
4.154301067
4.393740785
4.471087062
4.853860577
4.968874284
4.970998928
4.3412822
4.105173793
3.736852958
3.489231583
3.292559777
3.411134897
3.460144691
3.185060189
3.152080089
3.244756649
3.223471351
3.630947687
3.55226148
3.418113225
3.025672108
3.395049042
3.400643119
3.588170668
3.489241904
3.659002462
3.399950993
3.615081613
3.335085142
3.751479277
4.086306989
3.67977504
3.303296227
2.83668897
2.687292394
2.878588993
3.038582684
2.292026463
2.632871876
2.856178991
3.073729927
3.052588821
2.473354325
2.011830702
1.720979846
1.845934211
1.5668671
1.807583154
1.99266762
2.388504403
2.419607719
2.564566645
2.436311781
2.171998942
1.968720977
2.204157901
2.626015276
3.040180037
3.05987041
3.023892009
2.829510593
3.111601049
3.30084343
3.233731813
2.772459389
2.752109979
3.112686593
2.828031022
3.151122648
3.219419379
2.645514404
3.256857012
3.951697621
3.644023705
3.87973414
3.713375928
3.892937655
3.510831373
3.654140581
3.430036914
3.046537577
3.120515812
3.226860036
3.336080528
3.225787544
2.843178864
3.274452794
3.047390289
3.315174989
3.481460042
3.101357283
3.116649317
3.01175704
3.324948231
3.690717914
3.972343613
3.639238626
3.353153269
3.650946178
3.991911346
4.404984187
4.315349035
4.208264115
3.95795802
3.929376259
4.11086926
3.829368629
4.053615578
4.241970946
4.338901955
4.1133172
4.067636894
4.158826598
4.060467321
3.969559931
4.43635388
4.591702738
4.695720145
4.481369987
4.265503528
4.143064647
3.972661141
4.021981785
3.951359754
3.917942826
3.648037428
3.407982385
3.599562209
3.623210449
3.591027508
3.246725869
2.681133385
2.252404536
2.370944594
2.205555965
2.432789225
2.641184368
2.901290721
3.226102036
3.659344275
3.47051474
3.700023667
4.417743588
4.998958991
5.090754305
4.737380049
4.019572701
4.09909371
4.358323067
4.253584393
4.317640335
4.660003719
4.92360804
4.88040421
4.507791284
4.107408934
3.947928267
3.596282504
3.774420213
3.464890914
3.207641401
3.132799527
3.133571794
3.291115116
3.102156567
2.600858324
2.033128598
2.234437192
2.470919894
2.249241703
2.289035447
2.881078825
3.115599897
3.254746636
3.452623894
3.178732094
3.837973757
3.684415926
4.344314197
3.471689229
3.882041834
3.257573423
2.787213205
2.628873331
3.383039445
3.788163767
3.127549996
3.794021641
3.977408274
2.991237937
2.689641069
3.445940934
3.91533764
3.088056021
2.771364737
3.389181758
4.14387152
3.654825725
2.772553494
2.61428344
2.371487822
3.021889398
3.436759338
3.659317257
4.059236065
4.148267733
4.366797359
4.395133233
4.01391943
4.10178268
4.111096326
4.799348685
5.115607693
5.5756777
5.560898992
5.769641716
5.208372591
4.423627568
3.774950842
2.809624725
2.899312394
3.313587653
3.701133497
3.391922637
2.926909091
3.270326145
3.978176594
4.258460844
4.100070882
4.607269802
4.552057588
4.51710918
5.083400164
4.380916726
4.091993653
4.369763482
4.382071787
3.645671147
3.479369094
3.442381646
3.387407427
3.655507833
3.829133367
3.928800398
3.975443608
4.157199192
3.666330192
3.890795404
3.902785574
3.768321612
4.234006946
4.629167085
4.991737811
5.222734202
4.857523076
4.480247104
4.216739317
3.869252987
4.005531957
3.720190635
3.294131631
3.198306809
3.091114731
2.732196183
2.492893523
2.682093558
2.959829085
2.664206659
2.91649199
2.961843232
2.988392936
2.736994922
2.484460213
2.597785953
2.702383166
2.811326505
2.849014274
2.91990587
2.994752297
3.485429445
3.717584842
4.405870291
5.169552831
5.045526613
4.683807687
4.732234336
4.667802885
4.84727506
4.867753789
4.394535212
4.463273022
4.727862408
4.908460806
4.799238492
4.751255957
4.276647969
3.828773037
3.690723378
3.472455728
3.421272112
3.643250224
3.816852383
3.628743206
3.768625176
4.249781344
4.355705131
4.713288605
5.030476216
5.072960296
5.390682786
5.060333856
4.460662372
4.008563651
3.606718122
3.425282495
3.344530231
3.350673455
3.340157696
3.381053226
3.786541522
4.008602507
4.32210394
4.890647369
4.862236514
4.568213262
4.874540872
5.218443629
4.977119992
5.312941876
6.173804348
5.910976847
5.640432144
5.52132093
5.21217989
5.473549676
5.265848784
5.289457561
5.006990686
4.693346578
4.737129001
4.623409994
4.639046878
4.288383751
4.103474442
4.015576585
3.843242716
4.003460437
3.945056248
3.352415609
3.063401163
2.873129092
2.694922778
2.802072661
2.926660775
3.19071346
3.298352688
3.222722459
3.501287019
3.761960733
4.183467796
4.311476166
3.943669264
3.366477602
2.802235068
2.782816992
2.230943778
2.337067007
2.156424593
1.857497114
2.073706904
2.575087564
2.79994832
2.902950912
2.948983352
3.015972329
2.886850487
2.743429264
2.669694184
2.601050783
2.9340987
3.625370003
3.946664227
4.730567163
5.083091136
4.969131099
5.03229001
4.664548375
4.190785205
4.041720121
4.270474085
4.272573229
4.610360994
4.238158486
3.768309166
4.151239928
3.940893172
3.659471468
3.981622956
3.530045454
3.001606772
3.663063237
3.53680036
3.447664873
3.51365209
3.926005181
3.710177578
2.979333677
2.477328585
2.498899233
2.844869716
3.666172339
4.555748015
4.71539625
4.090604847
3.540162331
2.811466448
2.332964189
1.765558062
1.271728479
1.175920505
1.074273174
1.203171518
1.400287135
1.741164269
2.246736997
2.378744822
2.404055985
2.508735919
3.066167238
3.508821173
4.325878454
5.070666566
5.350283279
5.519699291
5.385485771
5.109699732
4.384075916
3.789128494
2.838522193
1.934734714
1.434323485
0.6544949087
0.2282692668
0.09922711945
0.3908560195
0.9291904701
1.336950639
1.575423658
1.780696494
1.907778538
1.829541453
1.59078445
0.8827247691
0.7973851223
0.927858052
1.206918939
2.095982124
3.113849243
4.821606299
5.612946248
5.958508286
5.261371823
4.153501176
3.617395378
3.867838379
4.639674041
4.627907902
3.474483232
3.70840689
4.684760271
4.445014864
4.227306986
4.451709056
4.746202832
4.668105538
4.17985326
4.104433097
4.448503421
4.18357374
4.203324522
4.547498058
4.032028538
3.829273006
4.232922615
4.113835383
4.209029399
4.585069259
3.972866046
4.153564317
4.873699393
4.54641312
5.053053482
5.044033382
4.287302456
4.648681391
5.010548152
5.798530684
5.605068156
5.43128568
5.189616588
4.406468312
4.356843193
3.763072688
3.862988034
3.838641901
3.48815211
3.568373744
3.230586587
3.640310814
3.556923615
4.329825393
4.396346578
4.724533222
4.662099221
5.249299691
4.765158883
4.974155386
4.573223889
5.044081952
4.502415166
4.823504484
4.545930453
4.721352175
4.379248035
4.630931095
4.496135035
4.45461052
3.826981402
3.754812713
3.503907383
3.429497177
3.466827956
3.465751214
3.984279748
3.762676841
3.983218185
3.963844733
3.932816549
4.332312189
3.870667899
3.814110897
4.651983863
4.493375335
4.692562776
4.99760297
4.868628053
5.368391477
5.472387633
5.128211062
4.919707547
5.005858392
5.237389663
5.575193212
5.351446536
5.331438028
5.333075452
5.375073527
5.061709305
4.478072676
4.528744483
4.434901023
3.95522473
3.482121204
5.495360747
5.203272716
4.346583945
3.478790197
3.030121142
2.891777937
2.987335926
3.373632908
3.605017254
3.446902624
3.239679238
2.973777242
2.821706267
2.967674088
3.071635032
3.48866574
3.796803501
3.346995474
3.362211921
3.201832098
2.893500662
2.647041331
2.552317535
2.829046748
3.319039965
3.279365673
2.991221545
2.999171582
2.826878997
2.703009722
2.872302791
2.328071193
2.198278474
2.20465529
2.293621237
2.115534527
1.858982908
2.12402339
2.476620825
2.789798963
3.209910542
3.677189282
3.861299612
4.430048857
4.262936591
4.214291681
4.546366371
4.215224836
4.390366672
4.618572703
4.50152451
4.208132368
3.648142764
3.785640544
3.702791563
3.355083936
3.750153916
3.806682991
3.729867647
3.755201578
3.52172507
3.248462254
3.04486069
2.533476838
2.496716304
2.951954939
3.308392156
3.947962873
4.045842216
4.026452979
4.157150622
4.295052141
4.043339938
3.891666026
3.354529324
2.766513178
2.32281817
1.611255741
1.116249923
0.889917186
1.321400878
1.09318225
0.7143814761
1.085445467
2.267336088
2.517782581
2.488590504
2.857576903
3.314421239
3.156103829
2.927385686
3.453234665
3.888585458
4.168656606
4.742364569
5.193702559
4.984785286
4.794622802
4.451141999
4.519854916
4.184681141
4.195034797
4.096599325
3.222902776
2.579756682
2.32907599
3.432245645
3.678796957
3.423260152
3.043712611
2.565625779
1.795703633
1.38005065
1.40408563
1.010716215
1.100736439
1.27751752
1.842125242
2.190541539
1.907233641
2.175317048
2.072541066
1.85575663
2.146773535
1.754618983
1.716707183
1.533648096
0.9282422122
0.620506028
0.3717762276
0.1926599617
0.4250682473
0.5271605647
0.8397873161
1.491715591
1.998770925
1.785020459
1.538021238
1.645499881
1.588052222
1.588734027
1.827843316
2.157437737
2.292836827
2.565851631
3.269990707
3.111283217
2.595711397
1.982914869
1.016418361
0.1598140943
-1.022929276
-1.88165868
-2.619639219
-3.181655719
-3.04071947
-2.444613648
-1.535556451
-0.2920290068
0.9763492836
2.529642977
3.516738425
4.589446955
6.112188756
7.510644793
8.110866032
8.494947908
7.984867559
7.873135378
8.170068897
8.28776611
7.699595146
7.570468143
7.006809969
6.739059268
6.528836974
6.213677475
5.899013999
5.819692128
5.82015051
5.483583072
5.221670514
5.058165195
5.002027112
4.963737982
4.971328295
5.172995246
5.416617469
5.270735557
5.056707481
5.817465183
6.043055706
5.678186394
5.092915984
4.525554936
4.677682374
4.792234057
4.659887454
4.252740789
4.378478196
4.817560095
4.709062691
4.773229131
4.381475283
3.807697198
3.914830992
3.333923403
3.240708017
3.113320739
2.609589127
2.304573976
2.193412192
2.005648926
1.651435012
1.724430458
1.755082373
1.319412079
1.161614977
0.9421673742
0.7284056758
1.22618584
1.144838136
1.10534158
1.276871839
1.133513227
1.361002315
2.536729526
3.51578493
3.210292729
1.887324853
0.3156657302
-0.2549989275
-0.340785041
-0.252549451
0.2285151347
1.541021361
2.490359979
4.046314562
4.98953849
5.836387539
6.024618445
5.011649482
4.900757566
4.900757566