0.1129609793
0.1145257503
0.1186648607
0.1112938896
0.1113694385
0.116450198
0.1131226569
0.1135140508
0.1131681651
0.1150594652
0.1209952608
0.122543551
0.1361478865
0.1407582313
0.1391372532
0.1332612336
0.1298441589
0.1281171739
0.1237641796
0.1219569594
0.1187534779
0.1113966182
0.1097962707
0.108173497
0.109456867
0.1106235981
0.1166892201
0.1164971367
0.1156070381
0.1172113866
0.1462422758
0.1426574439
0.1297861636
0.1148492843
0.1094273031
0.1111254916
0.1037249491
0.1101703122
0.1076867804
0.1097199619
0.1039677858
0.09886825085
0.09875222296
0.09990938753
0.1039681733
0.1095441505
0.1086389124
0.1022599414
0.1019977778
0.09633992612
0.09829136729
0.09609063715
0.09067475796
0.09122215211
0.09550727904
0.09633869678
0.1019927487
0.101608783
0.1059834808
0.1100981086
0.1077463552
0.1093640998
0.1069864929
0.115394026
0.1081412509
0.1066363603
0.1040064022
0.1017524004
0.09840085357
0.09929124266
0.09737792611
0.1008635759
0.1074152887
0.1139466986
0.1154422015
0.1139252037
0.1124355048
0.1125951782
0.1158917099
0.1127056703
0.1103139967
0.1041285843
0.1102658138
0.1134274825
0.1145066544
0.1158371344
0.1238527298
0.1311709285
0.1292323172
0.1297089905
0.1286507249
0.131180495
0.1337079853
0.1346842647
0.1304836422
0.1178342849
0.1156089604
0.1126085743
0.1203262508
0.1226491034
0.1177464873
0.1161978096
0.1098402068
0.1161717474
0.1192158088
0.1136090755
0.1173621416
0.1170716882
0.11620906
0.1180410236
0.1209632382
0.1180708632
0.1211186647
0.1158112884
0.112606965
0.1148486808
0.1273691356
0.1264083833
0.1295941919
0.1282901764
0.1311620623
0.1334439963
0.1344034076
0.1301943809
0.1252285838
0.1196225956
0.1215594932
0.1183422208
0.1217338368
0.1208446026
0.1141812801
0.1117556915
0.1160141975
0.1222013757
0.1214691624
0.1168813556
0.1171160862
0.121259056
0.1206368431
0.1159091964
0.1102772355
0.1068836153
0.1094111055
0.1143443584
0.1134361029
0.1154629961
0.1180509701
0.1111153364
0.1128020883
0.1100750417
0.1101175994
0.1137758195
0.1162941083
0.1124419197
0.1128416732
0.1184859425
0.1127997786
0.09679124504
0.09308937937
0.08779525012
0.09152745456
0.09301694483
0.08491338789
0.08738673478
0.09013976902
0.09619606286
0.1012030691
0.1027657315
0.1150334626
0.1161043644
0.1111527383
0.1046192721
0.1052553356
0.1038656011
0.09847272933
0.09889253229
0.1020958424
0.1001542956
0.1059503034
0.1061394438
0.109292306
0.1121581122
0.1036529988
0.1047661081
0.1015749723
0.1021430269
0.1001846865
0.09284877777
0.09865472466
0.1046031788
0.1021649912
0.1068431213
0.1110903025
0.1116821542
0.1093426347
0.1030545458
0.09995078295
0.1003275216
0.09873502702
0.1021125466
0.1115700305
0.1131123528
0.1087919474
0.1089632064
0.1125089228
0.1133905202
0.1147910804
0.1131781414
0.1164389774
0.1121996045
0.1085255519
0.1155031919
0.1154381558
0.1117681861
0.1178265736
0.1224002615
0.1260353178
0.1239511073
0.1216946244
0.1248738095
0.125727877
0.1192004606
0.1179469004
0.1197091192
0.1219055206
0.1265799701
0.1266279519
0.1290618777
0.1295338273
0.1282280684
0.1251897365
0.1184549853
0.1158194393
0.1101406813
0.1120594218
0.1179264635
0.1186725348
0.1198251024
0.1217018366
0.1214601025
0.1223435104
0.1165062264
0.1098694876
0.1171133518
0.1244193912
0.1225122288
0.1230100989
0.1313890517
0.136360243
0.1347030699
0.1290271729
0.1269782335
0.1217542291
0.1138902903
0.1139598414
0.1171066687
0.1204107329
0.1179297492
0.1219298765
0.1216793954
0.1171290949
0.1155899838
0.1159908772
0.1126052067
0.1130818799
0.1151021123
0.1083074957
0.103021726
0.1032047644
0.1078307331
0.1120850667
0.1100845635
0.1086861938
0.1113007292
0.1141440496
0.1154293641
0.113811858
0.1123923287
0.1130619422
0.1181292385
0.1211735457
0.119483985
0.1226014495
0.1161756814
0.1170531064
0.1197667569
0.114751935
0.1135415733
0.109072201
0.1092837304
0.1111002117
0.1119252518
0.1139938533
0.1130100638
0.1177470461
0.1154187545
0.1130482554
0.1155834943
0.1214693487
0.1168257967
0.1160674095
0.1080424115
0.1058424786
0.1048297286
0.1115167141
0.1138454378
0.1131140441
0.1105446517
0.1086591631
0.11493323
0.1105417088
0.1072046533
0.1034675315
0.1053009033
0.1025700048
0.1020748019
0.1045532823
0.1119823828
0.1219957322
0.1176748723
0.119388096
0.1167488024
0.1232818365
0.116565764
0.1103913337
0.1060718521
0.1114824712
0.111405924
0.109053351
0.111881651
0.1153784543
0.1156855375
0.1231021583
0.1126056835
0.1106069386
0.1077147648
0.1131210029
0.1056119576
0.1109411716
0.1106531769
0.1090141907
0.1101944819
0.1149664819
0.1193006039
0.1297150999
0.1300568581
0.1289025694
0.1293696314
0.1271568388
0.1249981672
0.1232870221
0.1216006726
0.1216825545
0.1223503351
0.1225052774
0.1193755716
0.1203108802
0.120976381
0.124477081
0.1274748743
0.1257254928
0.1261398643
0.120211333
0.1222812831
0.1170581654
0.113125518
0.1175831854
0.1189148352
0.1160795167
0.1241062135
0.1264377087
0.130068332
0.1326677948
0.1373795569
0.1341887861
0.1302949041
0.1260219067
0.1223436818
0.1261186153
0.1267987341
0.129822135
0.1297997981
0.1326342672
0.135020107
0.1320733875
0.1304417402
0.126355961
0.1258383244
0.1268058121
0.1253175139
0.120701164
0.1168362796
0.1185212955
0.1216913238
0.1271611899
0.1322387904
0.1281442344
0.1298253238
0.1280057281
0.131385237
0.1249713674
0.1152551249
0.1116409749
0.111144349
0.1092332527
0.1087920368
0.1120700389
0.1141818911
0.1132563949
0.1106582358
0.1079266369
0.1086309031
0.1106798053
0.1187357008
0.1153870523
0.1131507754
0.1150568724
0.1144300252
0.1146822497
0.1186601371
0.1162213236
0.11998377
0.1108115539
0.1146408841
0.1081710011
0.1031605452
0.11465092
0.1119970083
0.1012598425
0.09984827042
0.1192520931
0.115497373
0.1147695109
0.1191087365
0.1238220632
0.1320362091
0.1393434852
0.1321069747
0.1166900247
0.1047597826
0.1008294672
0.1039169356
0.1041283011
0.1103441641
0.1064941734
0.1124667525
0.1214926168
0.1286479533
0.1284856349
0.1274401695
0.1253568828
0.1183428317
0.1192697361
0.1270037591
0.1287037134
0.1208602488
0.1211589798
0.130700022
0.1385482401
0.1301690638
0.1310727596
0.1329861879
0.1278653294
0.1275629103
0.1246642694
0.1172598749
0.1244563833
0.1279699802
0.1422604471
0.1446671635
0.1499362737
0.1406434625
0.1372502893
0.1267073154
0.1190076321
0.1191419214
0.1190703958
0.1284157485
0.1415823698
0.1341128498
0.1264524907
0.1193163916
0.1138424873
0.1191629991
0.1242070124
0.1224946082
0.1200267896
0.1235614866
0.1189747527
0.1173116416
0.1225231811
0.1264308989
0.1272757351
0.1294574887
0.1280659735
0.1322321445
0.1310151815
0.1281508654
0.1308127791
0.1308433264
0.1324642897
0.135348469
0.1406329274
0.1403483897
0.134194836
0.135121569
0.1321299374
0.1319775134
0.1282560527
0.1311029047
0.1278137267
0.1289300621
0.1293188781
0.1276361048
0.1248004586
0.1220506653
0.1119361296
0.1023342684
0.1090979502
0.1182852536
0.1219879165
0.1231254563
0.1195545495
0.1248869225
0.1262913644
0.1207757071
0.1090069115
0.1044345498
0.1011508778
0.09996197373
0.1047414839
0.1102795154
0.1110516191
0.1146352217
0.1172245964
0.1200184748
0.1155950055
0.1216185093
0.1206895337
0.1216836423
0.1245719269
0.1223175153
0.1264492571
0.1277733445
0.1271720082
0.1266163737
0.1285207719
0.126233086
0.1204484701
0.1109251603
0.1080859378
0.1086521745
0.1127539501
0.1099067032
0.1032801941
0.1035983413
0.1060668752
0.1091263592
0.110835366
0.1153539866
0.1110826805
0.1065579727
0.1039889157
0.1118180975
0.1096060947
0.1100266427
0.1104450449
0.1023746505
0.1192189232
0.1187071055
0.1285270303
0.1211272776
0.1283666342
0.1280033141
0.1327228546
0.1207342595
0.1140191033
0.1001761481
0.1023882478
0.1105796397
0.1083043516
0.1117912978
0.1189235151
0.1116054729
0.1066202521
0.1137428135
0.1310244054
0.1232993454
0.112379007
0.1096362174
0.1252729744
0.1360933036
0.1335931122
0.1197400093
0.1153345332
0.1140771732
0.1156723574
0.1187886596
0.1255465448
0.132261768
0.1402237564
0.152980268
0.1571456045
0.1532058418
0.1477874815
0.1413905025
0.1350938678
0.1327185035
0.1350148916
0.1325075775
0.1211982146
0.1194665357
0.1303857863
0.128441751
0.124602586
0.1147999167
0.1193950251
0.1391322911
0.1420308501
0.1384420991
0.1360767633
0.1447398365
0.1488995254
0.1466479897
0.1522113979
0.1428604126
0.1439344734
0.1504920721
0.1485273242
0.1529740393
0.1481153667
0.1411824822
0.1279963255
0.1257778853
0.1286174953
0.1258863509
0.1277304739
0.1284029186
0.1264685392
0.1259031147
0.1233863235
0.1238040328
0.126057595
0.1269137561
0.127632603
0.1340951174
0.1413165927
0.1417997032
0.1383313537
0.1353431791
0.1355012804
0.1318613142
0.1221810579
0.1197894067
0.1159715056
0.1136274561
0.1107223704
0.1050906405
0.1066781357
0.1126389802
0.1163057089
0.1163171455
0.112501651
0.1170314848
0.116287902
0.1097584367
0.1030626148
0.1084914729
0.1094974726
0.1131850034
0.1139992997
0.1143804416
0.120669812
0.1321994811
0.1354528069
0.1333981305
0.1360070854
0.1313717961
0.1225540563
0.1235191673
0.11846257
0.1132390797
0.1171101779
0.1175726354
0.1218110248
0.1253036857
0.1290726662
0.1243821532
0.1220399216
0.121849075
0.1147296503
0.1147981957
0.1247961968
0.1264138222
0.1200249195
0.1197916865
0.12488655
0.1243348196
0.1321554631
0.1374640763
0.1294301301
0.1283035427
0.1224009693
0.1243645474
0.1255970001
0.1169030964
0.1133728996
0.1167447641
0.1189064756
0.1241886616
0.124440223
0.1281152666
0.131533891
0.1326813698
0.13316378
0.1353498846
0.1340083033
0.1431497335
0.1526919156
0.1510402411
0.1509009451
0.1526420414
0.1517049074
0.1547037661
0.1522598118
0.1468794793
0.1424684674
0.1467640698
0.1431637704
0.1391189843
0.1355881393
0.136692971
0.1355266422
0.1299138516
0.1291785836
0.1317183971
0.1289100647
0.1241351515
0.1166281924
0.1153360307
0.1173214763
0.1251060516
0.1200222746
0.1126812398
0.1109339669
0.1161178648
0.1210219041
0.1174355596
0.1228349805
0.1276695877
0.1313506514
0.1305363774
0.1283300221
0.1231895685
0.1127040833
0.10935954
0.1089748442
0.1108739749
0.1100222245
0.1024111807
0.104551442
0.1060563847
0.1118333191
0.1146423221
0.1184182987
0.1244340762
0.1155462712
0.1185765341
0.1167490557
0.1194798425
0.1161429286
0.1196543723
0.1332302839
0.1321023405
0.1350732297
0.1280859709
0.1282614619
0.1329019219
0.1216278598
0.1248485669
0.1240955666
0.1266813576
0.1237346604
0.1206941828
0.1147635654
0.1156751215
0.1258001477
0.1291891336
0.1245889813
0.1261663288
0.1161179543
0.1112433672
0.1182588041
0.1066786647
0.1052677259
0.1078671217
0.1109827459
0.1075917631
0.1059224159
0.1072506532
0.1060832292
0.1054471061
0.1128562614
0.1171644777
0.1116834879
0.1039425954
0.1001135558
0.09614477307
0.09372398257
0.09343065321
0.09717930853
0.09778468311
0.09912953526
0.09757523984
0.09523374587
0.09899867326
0.1047094464
0.1034226865
0.09757338464
0.0980502218
0.09867162257
0.1017700806
0.1020983756
0.09886743128
0.1036279649
0.1181909516
0.1290739477
0.1386290044
0.1454373002
0.1488290131
0.1476095766
0.1543622315
0.1541461051
0.1428723037
0.1342876703
0.1258571893
0.1136478335
0.1058429033
0.1016490757
0.09566891193
0.09215905517
0.09603174776
0.09830968082
0.1091384441
0.1149213836
0.1237417907
0.1324739456
0.1462203413
0.1560591757
0.1546387076
0.1439412534
0.1369400918
0.1389684975
0.130839631
0.1332596987
0.1395828277
0.148094207
0.1434317082
0.1333544999
0.121176526
0.1265930384
0.1295778304
0.1220966652
0.1297717392
0.1387996078
0.1298148632
0.1270396262
0.1276319474
0.1247880682
0.1245834678
0.1222974285
0.1203077063
0.1208101958
0.1311317831
0.1329636723
0.131691128
0.1286989003
0.1258159578
0.1229746863
0.1183994859
0.1264499426
0.1339792013
0.118577458
0.1270781606
0.1177051216
0.117703408
0.117641829
0.1225484833
0.1315463334
0.1305401474
0.1338670999
0.1423513889
0.1372276247
0.1399456561
0.1348584145
0.1269648373
0.1287406683
0.1137365252
0.1119138524
0.1039567068
0.1069711074
0.1102462411
0.1174181402
0.1188094914
0.1300559789
0.1287029982
0.1289476603
0.1229733229
0.1296806782
0.1168643981
0.1178815514
0.113376081
0.1156412512
0.1050338671
0.1124593094
0.1101864502
0.1306928098
0.1219070852
0.1213569269
0.1158284023
0.1146715656
0.1146227792
0.1219788268
0.1178552583
0.1234969795
0.1200957373
0.114061363
0.116317831
0.1107900217
0.120240204
0.1187801212
0.1223874688
0.1244908348
0.1191250011
0.1143067926
0.1143520251
0.1113473102
0.1211100891
0.1293361187
0.1218554899
0.1241678074
0.1278674901
0.1262826324
0.1229652688
0.1244312599
0.117977351
0.1200762615
0.1178203672
0.1147815585
0.1127634645
0.1146594733
0.1195122674
0.1193508357
0.1194731444
0.119774878
0.1111791208
0.1356275082
0.1400946081
0.1310598105
0.1237988472
0.1213769689
0.1150046214
0.1109345257
0.1101720184
0.1125169322
0.1196772903
0.1191844642
0.1182526425
0.1158354953
0.1108413413
0.1158719957
0.1172973961
0.1178627163
0.1205585822
0.1177383959
0.1161702126
0.1171104908
0.1209623516
0.1200496405
0.1213919818
0.1191029549
0.1192739531
0.1166993007
0.115279749
0.1182013154
0.1216440275
0.1210018247
0.1281371415
0.13622576
0.1388566345
0.1363889426
0.1339185089
0.1317712814
0.1342626512
0.1318138391
0.1303851604
0.1279397756
0.1298175156
0.1246246323
0.1198080033
0.1225006506
0.1298786551
0.132188037
0.1340714246
0.1343859583
0.1275475919
0.1341757625
0.1291511655
0.1263527125
0.1182119921
0.117803283
0.1183180586
0.1229177713
0.1244063526
0.1260534078
0.1210761517
0.1192990839
0.1125550866
0.1169515252
0.1202415377
0.1167877614
0.1155759394
0.1194372773
0.1228542998
0.1144835949
0.1083209738
0.1112832353
0.113748081
0.1237891093
0.1215130538
0.1134047881
0.1081730574
0.1055642441
0.1034092233
0.09379856288
0.09112461656
0.08569280803
0.08869814873
0.09322109818
0.1000204012
0.1007442102
0.09618956596
0.09708063304
0.1061733365
0.1049504802
0.109645009
0.115968138
0.1137434244
0.1165622622
0.1129630283
0.1084938496
0.1075020209
0.1064315215
0.1155958697
0.1125156954
0.1023433208
0.1012392044
0.100353688
0.1098336205
0.1100602373
0.1028911769
0.0996620357
0.1082606763
0.1122987121
0.1091735736
0.1071993411
0.1078563929
0.104453139
0.1022808924
0.09953102469
0.1042908281
0.09854375571
0.1035361886
0.1064895988
0.1030447856
0.1089081243
0.1027146056
0.1087740883
0.1158444211
0.1171111465
0.118106842
0.1200650707
0.1129124984
0.1103923991
0.1073943004
0.1121738702
0.112920247
0.115511097
0.1145047471
0.1192258
0.1089703515
0.1065365002
0.1100330353
0.1071434021
0.1078650206
0.1086317375
0.1141636744
0.1177324131
0.1216576621
0.1215514317
0.1185306981
0.1311334521
0.1317581236
0.1278808564
0.1294259131
0.1275945604
0.1202934682
0.1131596118
0.1109014004
0.1120671332
0.1137553379
0.114226833
0.1133823991
0.1147232875
0.1142420322
0.1109467521
0.1093170121
0.1137813255
0.1125068665
0.1073774472
0.1158678159
0.1196468249
0.1235543266
0.1290824562
0.1256920546
0.1223740876
0.1219553277
0.1172912791
0.1107749417
0.1107903495
0.1102994233
0.1027382463
0.09721318632
0.09634754807
0.1028309464
0.101049833
0.09878659993
0.09583562613
0.1061715335
0.1101174876
0.1066757217
0.110473603
0.1069401205
0.1040740386
0.110642232
0.1089578867
0.1111777574
0.1095685437
0.10654293
0.1062547266
0.1030899435
0.1049337238
0.1003434137
0.1063016057
0.1048122346
0.1068952605
0.103833884
0.1007831544
0.1004258767
0.09048574418
0.09655635804
0.09423261881
0.09061851352
0.099027358
0.1009878814
0.09449160844
0.09248435497
0.09947305918
0.08839215338
0.0802385509
0.085448578
0.09949753433
0.09321245551
0.08586265147
0.08069552481
0.08227208257
0.08992040157
0.0948933661
0.0864847675
0.088879399
0.09311176836
0.100680083
0.1150614619
0.1206089109
0.1114404425
0.0973431021
0.09336552769
0.07972747087
0.08448862284
0.09177684784
0.09649720043
0.1017414555
0.1152716279
0.1264248639
0.1298537254
0.1297776699
0.1210421547
0.1118690223
0.1074958891
0.1074958891