0
0.001382
0.002619
0.003859
0.011821
0.031922
0.064397
0.097457
0.119848
0.130774
0.136105
0.142791
0.149532
0.154468
0.155765
0.15423
0.151528
0.148163
0.147203
0.147562
0.149146
0.14963
0.149014
0.148014
0.146596
0.145228
0.143576
0.142255
0.142
0.142781
0.143664
0.143411
0.142037
0.140668
0.139865
0.139328
0.138649
0.137963
0.137279
0.136032
0.133371
0.129767
0.127142
0.127609
0.130197
0.131283
0.129442
0.126829
0.127038
0.129516
0.13263
0.134706
0.135166
0.133793
0.131295
0.12976
0.129614
0.13029
0.130632
0.129752
0.127663
0.125536
0.124225
0.124498
0.125251
0.126485
0.127304
0.126901
0.126144
0.125544
0.126004
0.126774
0.127759
0.129586
0.132172
0.135463
0.137682
0.137879
0.136172
0.134362
0.133724
0.133464
0.132287
0.129048
0.124054
0.119702
0.121385
0.13081
0.144188
0.152755
0.153163
0.148985
0.145269
0.144849
0.145762
0.14663
0.146317
0.1451
0.143512
0.142404
0.142457
0.143669
0.144869
0.144784
0.143869
0.143479
0.144828
0.14701
0.148543
0.149031
0.148834
0.148324
0.147391
0.146231
0.145481
0.145449
0.146077
0.146901
0.147081
0.146432
0.145418
0.145133
0.145834
0.146613
0.146732
0.145618
0.144107
0.142793
0.142233
0.142403
0.142319
0.141073
0.138392
0.136065
0.135449
0.136143
0.136534
0.135981
0.135295
0.135296
0.135777
0.135827
0.134463
0.132059
0.130016
0.128876
0.12844
0.127931
0.128043
0.129139
0.13059
0.131494
0.131533
0.130966
0.12951
0.127186
0.125101
0.124694
0.126369
0.128946
0.130589
0.13043
0.128845
0.127397
0.127842
0.130361
0.134054
0.136837
0.138103
0.13758
0.134584
0.129934
0.125347
0.123475
0.123801
0.124717
0.12415
0.121022
0.117223
0.115966
0.120177
0.127566
0.133724
0.134867
0.133049
0.1325
0.135821
0.141967
0.147693
0.152601
0.154242
0.152668
0.148469
0.144475
0.14268
0.142609
0.143645
0.14475
0.145488
0.145738
0.145817
0.145741
0.145717
0.145671
0.145933
0.1461
0.145561
0.144525
0.144138
0.145063
0.146894
0.148404
0.148679
0.147255
0.145071
0.143672
0.143922
0.144991
0.145222
0.144073
0.14207
0.141377
0.142271
0.144038
0.145034
0.144942
0.144405
0.143106
0.140957
0.138243
0.136486
0.136574
0.138032
0.139106
0.139263
0.139382
0.140399
0.141798
0.141805
0.140144
0.137871
0.136203
0.135839
0.135817
0.135576
0.134854
0.133976
0.133532
0.132162
0.129519
0.125869
0.123358
0.122927
0.123636
0.123582
0.124067
0.126188
0.129997
0.13224
0.131131
0.128824
0.126475
0.125962
0.12592
0.126196
0.125986
0.125737
0.126262
0.127185
0.128021
0.128189
0.12817
0.128229
0.128669
0.12959
0.130573
0.131164
0.131118
0.130821
0.130948
0.131779
0.133284
0.135228
0.137292
0.138937
0.139177
0.137933
0.136081
0.135237
0.136063
0.137911
0.139502
0.139924
0.13959
0.139301
0.13953
0.140123
0.141388
0.143535
0.145704
0.146415
0.145256
0.1441
0.144563
0.146452
0.147924
0.147854
0.146762
0.145632
0.145021
0.145211
0.146247
0.147797
0.148777
0.148896
0.148516
0.148546
0.149269
0.150315
0.151383
0.151135
0.148962
0.14538
0.14332
0.143654
0.144531
0.143189
0.14015
0.137243
0.136608
0.138776
0.142357
0.144914
0.144176
0.142074
0.13998
0.139459
0.140423
0.141778
0.142183
0.139941
0.135979
0.131934
0.128931
0.127473
0.126925
0.126884
0.126963
0.126764
0.12615
0.125127
0.124302
0.124376
0.125169
0.126212
0.125173
0.123247
0.122464
0.125157
0.130469
0.135525
0.139064
0.138747
0.134935
0.129963
0.126776
0.125874
0.125945
0.126189
0.127114
0.128232
0.129188
0.12947
0.129283
0.129155
0.129271
0.129802
0.130608
0.131707
0.13305
0.134246
0.135244
0.135776
0.136293
0.137139
0.138114
0.138656
0.137791
0.136223
0.135021
0.135302
0.136917
0.138943
0.14079
0.141991
0.142297
0.141798
0.141317
0.142151
0.144223
0.146158
0.14649
0.145553
0.145088
0.146226
0.148409
0.150019
0.150138
0.148919
0.146741
0.14404
0.142359
0.142818
0.145286
0.147768
0.14886
0.148485
0.146702
0.144356
0.142569
0.141471
0.142958
0.145464
0.148007
0.14796
0.145969
0.144852
0.143564
0.142255
0.140162
0.138465
0.13726
0.136318
0.136073
0.136353
0.136846
0.137362
0.137357
0.136211
0.134193
0.132707
0.132548
0.133899
0.135647
0.137223
0.138232
0.138138
0.136148
0.132342
0.128962
0.128489
0.130368
0.131729
0.129694
0.123983
0.118045
0.115783
0.120217
0.128296
0.135342
0.138031
0.136546
0.13407
0.131762
0.130467
0.129438
0.128585
0.12787
0.127306
0.127265
0.127747
0.128464
0.129042
0.129625
0.130584
0.131741
0.132411
0.132074
0.131622
0.131926
0.133209
0.134691
0.135579
0.135871
0.135792
0.136124
0.136963
0.137832
0.13825
0.138104
0.137671
0.137344
0.137474
0.137869
0.137959
0.137407
0.137376
0.13903
0.14173
0.143837
0.144561
0.145157
0.146127
0.146375
0.145909
0.145008
0.144859
0.144973
0.145537
0.146411
0.146488
0.145666
0.144496
0.144414
0.145224
0.145765
0.145111
0.143973
0.14354
0.144602
0.146744
0.149645
0.15323
0.15648
0.155287
0.147593
0.136169
0.128146
0.126026
0.127186
0.130696
0.13738
0.146123
0.151595
0.151471
0.148117
0.144702
0.141936
0.139042
0.13587
0.133123
0.131739
0.131906
0.133104
0.133989
0.134021
0.133055
0.131762
0.130713
0.129855
0.12945
0.129094
0.128818
0.128195
0.127691
0.127861
0.128613
0.129215
0.128781
0.127719
0.12675
0.12648
0.126859
0.12743
0.128073
0.128252
0.128368
0.128611
0.129033
0.128978
0.12792
0.126941
0.127036
0.128327
0.12975
0.130308
0.130327
0.13057
0.131332
0.13229
0.132832
0.133014
0.132905
0.132575
0.1323
0.132374
0.133279
0.135165
0.137938
0.140496
0.141574
0.141019
0.139788
0.139195
0.139862
0.141859
0.144868
0.148688
0.151099
0.150852
0.147618
0.144966
0.145077
0.146697
0.147336
0.144208
0.137819
0.130932
0.131018
0.140663
0.154996
0.163578
0.16303
0.157638
0.152352
0.149234
0.147023
0.145804
0.144946
0.144475
0.143996
0.143715
0.14331
0.142614
0.14101
0.140027
0.139323
0.140324
0.14127
0.142576
0.143457
0.142921
0.142088
0.140044
0.138961
0.13826
0.138907
0.139649
0.13926
0.137438
0.135071
0.133464
0.133105
0.133694
0.134325
0.134233
0.133431
0.132625
0.131851
0.130459
0.128407
0.126417
0.125687
0.126084
0.127286
0.128394
0.128972
0.12917
0.129049
0.129101
0.129123
0.129253
0.129254
0.129129
0.129062
0.128889
0.128133
0.126681
0.125242
0.124608
0.124924
0.125696
0.126593
0.127548
0.128559
0.129839
0.131408
0.132818
0.133273
0.132658
0.131839
0.131524
0.131656
0.13207
0.132722
0.133757
0.134986
0.136114
0.137148
0.13783
0.138567
0.139552
0.141102
0.142742
0.143621
0.143802
0.143966
0.144632
0.145345
0.145576
0.14532
0.145556
0.146108
0.146626
0.146437
0.146071
0.146108
0.14622
0.146453
0.146648
0.147525
0.148154
0.147192
0.143911
0.140867
0.139934
0.141253
0.14277
0.143218
0.14367
0.143955
0.145584
0.14682
0.147497
0.147974
0.148897
0.150478
0.150373
0.148569
0.14626
0.144886
0.145115
0.145293
0.144444
0.14207
0.138764
0.136533
0.135532
0.135388
0.134649
0.133115
0.131487
0.130242
0.129997
0.130981
0.132301
0.132886
0.132255
0.131142
0.130008
0.129058
0.128424
0.128539
0.129071
0.129103
0.128318
0.127089
0.126397
0.126488
0.12715
0.127805
0.12789
0.127417
0.126406
0.125172
0.124292
0.124666
0.126407
0.128558
0.130162
0.130814
0.130686
0.129742
0.128637
0.127934
0.128275
0.12931
0.13046
0.131093
0.130929
0.130675
0.13081
0.131779
0.133202
0.134692
0.136251
0.137846
0.140049
0.142308
0.14323
0.141683
0.138684
0.136364
0.134776
0.135034
0.137993
0.143907
0.148773
0.149137
0.146823
0.144063
0.14278
0.142179
0.142708
0.145162
0.148549
0.15158
0.153073
0.152173
0.150587
0.149229
0.149432
0.14961
0.148392
0.145725
0.142953
0.142196
0.143408
0.145148
0.144805
0.142975
0.140602
0.138899
0.138139
0.139429
0.142629
0.145847
0.146605
0.144632
0.141413
0.138809
0.137958
0.138602
0.139777
0.140408
0.140211
0.138256
0.135965
0.134009
0.133506
0.134043
0.136985
0.143547
0.149503
0.149906
0.144298
0.138545
0.135394
0.133559
0.131443
0.130494
0.131369
0.132012
0.130694
0.12805
0.126201
0.126153
0.127098
0.127791
0.127572
0.127626
0.128106
0.128618
0.127981
0.127116
0.126961
0.126967
0.126864
0.126952
0.127419
0.12547
0.122671
0.120484
0.122805
0.126654
0.129825
0.131916
0.132099
0.132647
0.132605
0.133331
0.134195
0.135205
0.13656
0.137769
0.13813
0.137374
0.135874
0.135145
0.135904
0.138003
0.14043
0.142347
0.143593
0.143826
0.143457
0.142713
0.14231
0.142725
0.143471
0.144475
0.14534
0.145836
0.145224
0.143814
0.143293
0.144804
0.147442
0.149339
0.149436
0.148174
0.146837
0.14625
0.14648
0.146797
0.146699
0.145927
0.144595
0.143387
0.143329
0.144289
0.144974
0.144369
0.142789
0.141608
0.141622
0.142523
0.143279
0.14313
0.141991
0.140133
0.137998
0.136936
0.137833
0.139899
0.141455
0.141397
0.140372
0.138869
0.137683
0.137582
0.137905
0.137863
0.136128
0.134349
0.133083
0.132569
0.132695
0.131999
0.129787
0.125472
0.120896
0.120385
0.124309
0.131315
0.136084
0.136551
0.134564
0.131559
0.129937
0.128731
0.128118
0.127194
0.126271
0.125899
0.126001
0.126101
0.126145
0.126298
0.126594
0.127177
0.127846
0.128311
0.128169
0.127436
0.127393
0.128309
0.129957
0.131333
0.132529
0.13434
0.136249
0.137116
0.136555
0.135292
0.134826
0.135504
0.13718
0.139093
0.140102
0.139808
0.138398
0.137493
0.138181
0.140085
0.141787
0.14226
0.142163
0.142168
0.141632
0.140136
0.139852
0.142423
0.146133
0.146919
0.145246
0.144798
0.146362
0.147946
0.147312
0.145573
0.143918
0.143889
0.146184
0.149352
0.151086
0.150378
0.148909
0.148357
0.14957
0.152364
0.15364
0.15037
0.14203
0.133129
0.127519
0.124606
0.124874
0.129422
0.138841
0.147603
0.151109
0.148949
0.145042
0.141643
0.140085
0.140164
0.14063
0.141013
0.139846
0.138353
0.136421
0.135123
0.134409
0.133912
0.133186
0.132115
0.131491
0.131923
0.13311
0.133871
0.133506
0.132505
0.13147
0.130378
0.128923
0.127337
0.126284
0.126004
0.125225
0.123249
0.120167
0.120191
0.123703
0.126884
0.126742
0.123918
0.124744
0.127442
0.130282
0.131762
0.132371
0.133248
0.132501
0.131603
0.131143
0.131719
0.132857
0.133584
0.133828
0.133814
0.133737
0.134186
0.134555
0.135099
0.134975
0.134808
0.134938
0.135517
0.136258
0.136413
0.136965
0.138856
0.143201
0.148731
0.152262
0.15166
0.147787
0.144075
0.142285
0.139687
0.134636
0.129477
0.129253
0.136506
0.146704
0.154681
0.157679
0.156931
0.155821
0.154521
0.152783
0.150347
0.148406
0.147939
0.147583
0.146748
0.145562
0.144825
0.144278
0.143088
0.142267
0.142708
0.144692
0.146379
0.146598
0.145651
0.144444
0.144179
0.144531
0.144672
0.143643
0.141564
0.139256
0.137247
0.136303
0.136503
0.137404
0.137909
0.137792
0.137132
0.135924
0.134295
0.13277
0.132165
0.132241
0.13243
0.132059
0.13108
0.129478
0.127797
0.126607
0.126432
0.127122
0.127893
0.127917
0.126759
0.125598
0.125448
0.126634
0.127735
0.127677
0.126912
0.126354
0.126464
0.126302
0.125361
0.124796
0.125827
0.128175
0.129871
0.129959
0.129693
0.130223
0.131058
0.130918
0.130113
0.129783
0.130333
0.131162
0.132267
0.134209
0.13695
0.139328
0.140686
0.140827
0.140158
0.138829
0.137825
0.138381
0.140304
0.141684
0.14041
0.136659
0.132856
0.13149
0.132974
0.135624
0.138143
0