1.3860000371932983	 15.130000114440918
1.3830000162124634	 16.360000610351562
1.378999948501587	 15.670000076293945
1.371999979019165	 15.65999984741211
1.378000020980835	 15.399999618530273
1.38100004196167	 15.390000343322754
1.3869999647140503	 15.710000038146973
1.3730000257492065	 15.079999923706055
1.38100004196167	 14.520000457763672
1.3890000581741333	 15.270000457763672
1.378999948501587	 15.460000038146973
1.378999948501587	 16.170000076293945
1.38100004196167	 15.0600004196167
1.378000020980835	 17.020000457763672
1.3890000581741333	 16.100000381469727
1.3830000162124634	 17.40999984741211
1.4010000228881836	 18.729999542236328
1.4010000228881836	 18.059999465942383
1.3980000019073486	 17.270000457763672
1.3880000114440918	 17.559999465942383
1.3890000581741333	 16.940000534057617
1.3930000066757202	 16.31999969482422
1.3910000324249268	 15.819999694824219
1.3940000534057617	 15.789999961853027
1.3860000371932983	 16.940000534057617
1.3769999742507935	 16.260000228881836
1.3739999532699585	 17.399999618530273
1.3760000467300415	 16.149999618530273
1.378000020980835	 16.639999389648438
1.3769999742507935	 17.059999465942383
1.3860000371932983	 17.260000228881836
1.3839999437332153	 16.579999923706055
1.3860000371932983	 16.010000228881836
1.3860000371932983	 17.15999984741211
1.4470000267028809	 14.3100004196167
1.4270000457763672	 15.15999984741211
1.4119999408721924	 14.729999542236328
1.3930000066757202	 15.460000038146973
1.3890000581741333	 16.59000015258789
1.3930000066757202	 16.860000610351562
1.378000020980835	 16.850000381469727
1.3910000324249268	 17.139999389648438
1.38100004196167	 16.940000534057617
1.3949999809265137	 14.729999542236328
1.3869999647140503	 14.289999961853027
1.3839999437332153	 14.34000015258789
1.3839999437332153	 15.329999923706055
1.3839999437332153	 15.640000343322754
1.3910000324249268	 15.289999961853027
1.399999976158142	 14.890000343322754
1.3960000276565552	 14.630000114440918
1.3839999437332153	 14.90999984741211
1.3860000371932983	 15.25
1.378000020980835	 14.289999961853027
1.3880000114440918	 13.579999923706055
1.38100004196167	 14.199999809265137
1.3730000257492065	 13.789999961853027
1.378999948501587	 13.15999984741211
1.3849999904632568	 13.539999961853027
1.3830000162124634	 13.539999961853027
1.3910000324249268	 13.789999961853027
1.3819999694824219	 14.960000038146973
1.3890000581741333	 14.600000381469727
1.3940000534057617	 14.109999656677246
1.3839999437332153	 14.960000038146973
1.3869999647140503	 14.90999984741211
1.3830000162124634	 14.119999885559082
1.399999976158142	 14.199999809265137
1.3849999904632568	 13.1899995803833
1.3880000114440918	 13.229999542236328
1.3830000162124634	 13.729999542236328
1.3880000114440918	 11.460000038146973
1.3819999694824219	 12.520000457763672
1.3869999647140503	 12.100000381469727
1.3819999694824219	 12.449999809265137
1.3860000371932983	 13.289999961853027
1.3910000324249268	 14.229999542236328
1.3960000276565552	 14.350000381469727
1.3930000066757202	 14.369999885559082
1.3910000324249268	 13.460000038146973
1.3860000371932983	 14.460000038146973
1.3890000581741333	 13.529999732971191
1.3880000114440918	 15.529999732971191
1.378999948501587	 15.0
1.3799999952316284	 13.65999984741211
1.3700000047683716	 13.729999542236328
1.3849999904632568	 13.9399995803833
1.3869999647140503	 13.829999923706055
1.3869999647140503	 13.850000381469727
1.3919999599456787	 13.119999885559082
1.3990000486373901	 15.239999771118164
1.409999966621399	 14.210000038146973
1.3960000276565552	 15.8100004196167
1.3969999551773071	 15.670000076293945
1.3940000534057617	 15.579999923706055
1.402999997138977	 14.75
1.409999966621399	 14.319999694824219
1.4160000085830688	 13.649999618530273
1.4119999408721924	 13.420000076293945
1.4010000228881836	 11.920000076293945
1.406000018119812	 12.789999961853027
1.4019999504089355	 13.199999809265137
1.4199999570846558	 12.890000343322754
1.4190000295639038	 13.289999961853027
1.409999966621399	 13.09000015258789
1.4119999408721924	 12.8100004196167
1.4019999504089355	 12.829999923706055
1.4199999570846558	 12.170000076293945
1.4220000505447388	 12.460000038146973
1.409000039100647	 12.989999771118164
1.4170000553131104	 13.569999694824219
1.4110000133514404	 14.210000038146973
1.4110000133514404	 13.34000015258789
1.4140000343322754	 13.569999694824219
1.4190000295639038	 13.279999732971191
1.4119999408721924	 13.319999694824219
1.4170000553131104	 14.0600004196167
1.409999966621399	 12.539999961853027
1.402999997138977	 14.079999923706055
1.409999966621399	 13.5
1.4249999523162842	 15.210000038146973
1.4149999618530273	 14.65999984741211
1.4240000247955322	 13.960000038146973
1.4170000553131104	 14.779999732971191
1.4249999523162842	 14.319999694824219
1.4290000200271606	 14.1899995803833
1.430999994277954	 14.140000343322754
1.4249999523162842	 13.84000015258789
1.4249999523162842	 12.770000457763672
1.4229999780654907	 12.329999923706055
1.4359999895095825	 11.800000190734863
1.4290000200271606	 12.5
1.434999942779541	 13.399999618530273
1.4320000410079956	 13.149999618530273
1.4220000505447388	 12.739999771118164
1.4190000295639038	 13.5600004196167
1.4259999990463257	 13.869999885559082
1.434999942779541	 13.5
1.430999994277954	 13.149999618530273
1.4179999828338623	 14.529999732971191
1.4249999523162842	 13.149999618530273
1.4290000200271606	 14.039999961853027
1.4249999523162842	 13.949999809265137
1.4199999570846558	 13.0
1.4149999618530273	 12.600000381469727
1.4160000085830688	 12.020000457763672
1.4229999780654907	 12.420000076293945
1.4290000200271606	 12.920000076293945
1.4249999523162842	 12.59000015258789
1.4299999475479126	 12.520000457763672
1.4290000200271606	 13.699999809265137
1.409999966621399	 14.329999923706055
1.4170000553131104	 13.8100004196167
1.4140000343322754	 12.670000076293945
1.4170000553131104	 12.569999694824219
1.4220000505447388	 13.170000076293945
1.4229999780654907	 13.34000015258789
1.4119999408721924	 13.619999885559082
1.4220000505447388	 11.890000343322754
1.4390000104904175	 11.0
1.4290000200271606	 10.729999542236328
1.4149999618530273	 9.15999984741211
1.4149999618530273	 10.619999885559082
1.4079999923706055	 10.34000015258789
1.4160000085830688	 10.710000038146973
1.4210000038146973	 8.989999771118164
1.4049999713897705	 9.210000038146973
1.4049999713897705	 11.789999961853027
1.402999997138977	 12.050000190734863
1.409000039100647	 11.770000457763672
1.4170000553131104	 10.130000114440918
1.4170000553131104	 9.970000267028809
1.444000005722046	 8.539999961853027
1.4390000104904175	 9.0
1.4259999990463257	 10.579999923706055
1.4190000295639038	 9.59000015258789
1.4279999732971191	 8.329999923706055
1.4220000505447388	 9.680000305175781
1.4140000343322754	 9.039999961853027
1.4179999828338623	 8.819999694824219
1.4220000505447388	 9.069999694824219
1.4129999876022339	 9.920000076293945
1.4210000038146973	 10.399999618530273
1.4179999828338623	 9.539999961853027
1.4229999780654907	 9.449999809265137
1.4249999523162842	 9.640000343322754
1.406999945640564	 9.600000381469727
1.4199999570846558	 7.579999923706055
1.4160000085830688	 7.289999961853027
1.4199999570846558	 7.349999904632568
1.4149999618530273	 7.829999923706055
1.4040000438690186	 7.309999942779541
1.4190000295639038	 7.03000020980835
1.4229999780654907	 7.889999866485596
1.4140000343322754	 7.820000171661377
1.4190000295639038	 9.039999961853027
1.4229999780654907	 8.430000305175781
1.4190000295639038	 8.869999885559082
1.4129999876022339	 8.789999961853027
1.409000039100647	 6.420000076293945
1.4119999408721924	 5.420000076293945
1.409999966621399	 7.409999847412109
1.4079999923706055	 6.559999942779541
1.406999945640564	 8.890000343322754
1.4170000553131104	 9.210000038146973
1.4129999876022339	 8.569999694824219
1.406999945640564	 7.179999828338623
1.4079999923706055	 7.849999904632568
1.4170000553131104	 6.730000019073486
1.4170000553131104	 6.889999866485596
1.4199999570846558	 6.730000019073486
1.4129999876022339	 7.710000038146973
1.4190000295639038	 7.639999866485596
1.406999945640564	 7.96999979019165
1.4019999504089355	 7.75
1.4190000295639038	 7.03000020980835
1.4129999876022339	 7.389999866485596
1.406000018119812	 7.289999961853027
1.4170000553131104	 7.849999904632568
1.4210000038146973	 7.659999847412109
1.4220000505447388	 8.279999732971191
1.4149999618530273	 8.130000114440918
1.4119999408721924	 7.96999979019165
1.4160000085830688	 8.670000076293945
1.4179999828338623	 7.769999980926514
1.406999945640564	 7.329999923706055
1.4079999923706055	 7.730000019073486
1.409999966621399	 8.130000114440918
1.4119999408721924	 8.130000114440918
1.4190000295639038	 8.140000343322754
1.4149999618530273	 8.239999771118164
1.4279999732971191	 6.539999961853027
1.4229999780654907	 8.09000015258789
1.4199999570846558	 8.050000190734863
1.4229999780654907	 6.389999866485596
1.4129999876022339	 6.78000020980835
1.4079999923706055	 7.889999866485596
1.4040000438690186	 6.449999809265137
1.4119999408721924	 6.570000171661377
1.4179999828338623	 7.449999809265137
1.4199999570846558	 6.25
1.4279999732971191	 5.239999771118164
1.4290000200271606	 6.239999771118164
1.4270000457763672	 6.409999847412109
1.4259999990463257	 7.050000190734863
1.4160000085830688	 6.409999847412109
1.4079999923706055	 6.159999847412109
1.4220000505447388	 7.050000190734863
1.4270000457763672	 7.599999904632568
1.4160000085830688	 7.679999828338623
1.4199999570846558	 6.849999904632568
1.434000015258789	 7.190000057220459
1.4359999895095825	 7.690000057220459
1.4329999685287476	 6.809999942779541
1.4299999475479126	 5.650000095367432
1.4320000410079956	 5.900000095367432
1.4249999523162842	 5.900000095367432
1.4179999828338623	 5.420000076293945
1.4179999828338623	 6.670000076293945
1.4279999732971191	 5.489999771118164
1.434000015258789	 5.329999923706055
1.4259999990463257	 5.730000019073486
1.434999942779541	 5.809999942779541
1.4290000200271606	 6.389999866485596
1.430999994277954	 3.7300000190734863
1.4270000457763672	 5.429999828338623
1.4279999732971191	 5.460000038146973
1.4220000505447388	 5.079999923706055
1.4270000457763672	 4.480000019073486
1.4290000200271606	 4.960000038146973
1.4179999828338623	 4.039999961853027
1.4149999618530273	 3.5399999618530273
1.4160000085830688	 4.329999923706055
1.4249999523162842	 3.9100000858306885
1.4259999990463257	 4.769999980926514
1.4190000295639038	 4.400000095367432
1.4149999618530273	 4.730000019073486
1.4190000295639038	 4.730000019073486
1.4199999570846558	 4.960000038146973
1.4210000038146973	 4.420000076293945
1.4179999828338623	 4.039999961853027
1.4149999618530273	 4.309999942779541
1.4129999876022339	 5.039999961853027
1.4210000038146973	 4.829999923706055
1.4240000247955322	 4.409999847412109
1.4210000038146973	 3.8499999046325684
1.4240000247955322	 4.920000076293945
1.4110000133514404	 4.230000019073486
1.4160000085830688	 4.380000114440918
1.4240000247955322	 3.5299999713897705
1.4140000343322754	 3.390000104904175
1.4129999876022339	 3.940000057220459
1.406000018119812	 3.5199999809265137
1.406999945640564	 3.9000000953674316
1.406999945640564	 4.269999980926514
1.4110000133514404	 3.059999942779541
1.4110000133514404	 3.859999895095825
1.4010000228881836	 4.920000076293945
1.406000018119812	 5.190000057220459
1.3940000534057617	 5.28000020980835
1.3969999551773071	 3.440000057220459
1.4019999504089355	 3.9700000286102295
1.4170000553131104	 3.0299999713897705
1.4019999504089355	 3.609999895095825
1.406000018119812	 3.140000104904175
1.3910000324249268	 3.119999885559082
1.399999976158142	 1.5700000524520874
1.3960000276565552	 2.6700000762939453
1.4040000438690186	 3.5999999046325684
1.409999966621399	 1.8700000047683716
1.4019999504089355	 3.119999885559082
1.3969999551773071	 2.8299999237060547
1.3960000276565552	 2.3499999046325684
1.4079999923706055	 2.569999933242798
1.406999945640564	 -0.03999999910593033
1.4119999408721924	 -0.9700000286102295
1.399999976158142	 1.4500000476837158
1.4019999504089355	 1.7599999904632568
1.3930000066757202	 1.809999942779541
1.3799999952316284	 4.25
1.3700000047683716	 5.900000095367432
1.378000020980835	 4.960000038146973
1.3949999809265137	 3.0799999237060547
1.3839999437332153	 2.2100000381469727
1.4010000228881836	 0.7599999904632568
1.3990000486373901	 0.6600000262260437
1.4140000343322754	 1.2899999618530273
1.3949999809265137	 1.7100000381469727
1.3830000162124634	 2.4800000190734863
1.3769999742507935	 2.240000009536743
1.3990000486373901	 0.2199999988079071
1.3910000324249268	 1.4199999570846558
1.3819999694824219	 2.0799999237060547
1.3849999904632568	 2.380000114440918
1.3869999647140503	 2.390000104904175
1.3869999647140503	 1.5299999713897705
1.402999997138977	 1.25
1.3799999952316284	 0.7400000095367432
1.3890000581741333	 -0.25999999046325684
1.3769999742507935	 1.590000033378601
1.3899999856948853	 1.0099999904632568
1.371999979019165	 0.6800000071525574
1.3890000581741333	 0.23999999463558197
1.3839999437332153	 0.3499999940395355
1.378999948501587	 0.6100000143051147
1.38100004196167	 0.5799999833106995
1.3839999437332153	 1.409999966621399
1.3819999694824219	 2.299999952316284
1.3960000276565552	 2.2699999809265137
1.3890000581741333	 1.840000033378601
1.3869999647140503	 1.5099999904632568
1.3860000371932983	 1.9700000286102295
1.3839999437332153	 1.2000000476837158
1.38100004196167	 1.309999942779541
1.378000020980835	 1.4600000381469727
1.3769999742507935	 1.1100000143051147
1.38100004196167	 0.6600000262260437
1.378999948501587	 1.3700000047683716
1.3839999437332153	 0.28999999165534973
1.3799999952316284	 0.09000000357627869
1.38100004196167	 0.8500000238418579
1.3819999694824219	 0.6100000143051147
1.3830000162124634	 1.5399999618530273
1.3899999856948853	 0.5199999809265137
1.3849999904632568	 0.5
1.3890000581741333	 0.2199999988079071
1.3849999904632568	 -1.159999966621399
1.3969999551773071	 -1.2400000095367432
1.3849999904632568	 -0.7400000095367432
1.3769999742507935	 0.03999999910593033
1.3819999694824219	 0.8999999761581421
1.38100004196167	 0.33000001311302185
1.371999979019165	 0.4399999976158142
1.3860000371932983	 0.8500000238418579
1.38100004196167	 1.2000000476837158
1.3819999694824219	 1.6200000047683716
1.3890000581741333	 0.3499999940395355
1.4010000228881836	 -0.2199999988079071
1.3869999647140503	 0.949999988079071
1.3949999809265137	 -1.649999976158142
1.3839999437332153	 0.17000000178813934
1.375	 0.8899999856948853
1.38100004196167	 1.2000000476837158
1.3819999694824219	 0.3100000023841858
1.3830000162124634	 1.1299999952316284
1.3839999437332153	 0.23999999463558197
1.3849999904632568	 1.2000000476837158
1.3930000066757202	 0.05999999865889549
1.3830000162124634	 0.7099999785423279
1.3849999904632568	 0.09000000357627869
1.378999948501587	 0.029999999329447746
1.3860000371932983	 -0.7200000286102295
1.3899999856948853	 -0.6399999856948853
1.3839999437332153	 -0.019999999552965164
1.3799999952316284	 -0.8999999761581421
1.375	 -0.6600000262260437
1.3730000257492065	 0.7200000286102295
1.3730000257492065	 1.0
1.3760000467300415	 1.4299999475479126
1.3799999952316284	 1.25
1.3660000562667847	 1.1399999856948853
1.3700000047683716	 1.2699999809265137
1.3669999837875366	 0.6299999952316284
1.3830000162124634	 -0.4099999964237213
1.3730000257492065	 -0.9800000190734863
1.3680000305175781	 -2.1600000858306885
1.36899995803833	 -1.649999976158142
1.371000051498413	 -1.4800000190734863
1.3639999628067017	 -0.8899999856948853
1.3630000352859497	 -0.9700000286102295
1.371999979019165	 -1.6100000143051147
1.371000051498413	 -1.1299999952316284
1.3660000562667847	 -1.1100000143051147
1.3630000352859497	 -1.7000000476837158
1.3519999980926514	 -0.5199999809265137
1.3569999933242798	 -1.4900000095367432
1.3600000143051147	 -1.590000033378601
1.3569999933242798	 -0.6600000262260437
1.3639999628067017	 -1.7599999904632568
1.3509999513626099	 -1.159999966621399
1.350000023841858	 -1.8600000143051147
1.350000023841858	 -1.0099999904632568
1.350000023841858	 -1.9500000476837158
1.3459999561309814	 -1.2200000286102295
1.3569999933242798	 -1.8600000143051147
1.3450000286102295	 -1.4500000476837158
1.3580000400543213	 -2.0199999809265137
1.3320000171661377	 -1.840000033378601
1.3380000591278076	 -0.38999998569488525
1.3350000381469727	 -3.6500000953674316
1.3339999914169312	 -3.950000047683716
1.3580000400543213	 -2.609999895095825
1.347000002861023	 -3.5
1.3279999494552612	 -3.700000047683716
1.3279999494552612	 -2.9200000762939453
1.3550000190734863	 -3.0999999046325684
1.343999981880188	 -3.5
1.3229999542236328	 -2.859999895095825
1.3179999589920044	 -2.6600000858306885
1.3250000476837158	 -1.909999966621399
1.3320000171661377	 -2.3299999237060547
1.3519999980926514	 -3.4200000762939453
1.3630000352859497	 -3.3399999141693115
1.3509999513626099	 -4.869999885559082
1.3289999961853027	 -5.099999904632568
1.3240000009536743	 -6.269999980926514
1.3179999589920044	 -4.409999847412109
1.3220000267028809	 -3.869999885559082
1.3140000104904175	 -3.309999942779541
1.3240000009536743	 -3.680000066757202
1.312000036239624	 -4.289999961853027
1.3250000476837158	 -4.159999847412109
1.3380000591278076	 -4.230000019073486
1.3450000286102295	 -4.230000019073486
1.3370000123977661	 -3.7200000286102295
1.3309999704360962	 -3.1700000762939453
1.3250000476837158	 -3.130000114440918
1.3179999589920044	 -4.710000038146973
1.3229999542236328	 -4.190000057220459
1.3359999656677246	 -3.890000104904175
1.3289999961853027	 -3.1600000858306885
1.315999984741211	 -4.389999866485596
1.3220000267028809	 -4.309999942779541
1.3420000076293945	 -4.409999847412109
1.3459999561309814	 -3.4000000953674316
1.3259999752044678	 -4.079999923706055
1.3380000591278076	 -4.849999904632568
1.3339999914169312	 -3.2300000190734863
1.3270000219345093	 -4.539999961853027
1.3389999866485596	 -5.960000038146973
1.3220000267028809	 -3.299999952316284
1.3049999475479126	 -3.259999990463257
1.3270000219345093	 -4.25
1.3220000267028809	 -3.0899999141693115
1.343999981880188	 -2.5999999046325684
1.3370000123977661	 -2.759999990463257
1.3509999513626099	 -3.700000047683716
1.3329999446868896	 -4.269999980926514
1.3380000591278076	 -4.690000057220459
1.3309999704360962	 -6.329999923706055
1.3220000267028809	 -5.329999923706055
1.3240000009536743	 -4.519999980926514
1.3220000267028809	 -4.5
1.3370000123977661	 -4.039999961853027
1.3559999465942383	 -4.210000038146973
1.3309999704360962	 -4.130000114440918
1.3309999704360962	 -6.099999904632568
1.319000005722046	 -5.019999980926514
1.312999963760376	 -5.190000057220459
1.3300000429153442	 -5.699999809265137
1.3309999704360962	 -4.670000076293945
1.3279999494552612	 -5.75
1.319000005722046	 -4.730000019073486
1.3200000524520874	 -3.7300000190734863
1.309000015258789	 -4.670000076293945
1.315999984741211	 -6.170000076293945
1.3259999752044678	 -5.489999771118164
1.3209999799728394	 -3.9700000286102295
1.315999984741211	 -3.940000057220459
1.312999963760376	 -3.319999933242798
1.3140000104904175	 -4.889999866485596
1.3209999799728394	 -4.289999961853027
1.3209999799728394	 -5.349999904632568
1.3170000314712524	 -5.159999847412109
1.3179999589920044	 -3.9700000286102295
1.3229999542236328	 -5.429999828338623
1.319000005722046	 -4.0
1.3200000524520874	 -3.7300000190734863
1.3250000476837158	 -3.4200000762939453
1.3270000219345093	 -4.769999980926514
1.319000005722046	 -5.239999771118164
1.3209999799728394	 -4.159999847412109
1.319000005722046	 -5.099999904632568
1.3209999799728394	 -4.880000114440918
1.3070000410079956	 -3.9000000953674316
1.312000036239624	 -3.700000047683716
1.3049999475479126	 -4.460000038146973
1.312000036239624	 -4.769999980926514
1.3140000104904175	 -4.980000019073486
1.312000036239624	 -5.150000095367432
1.3109999895095825	 -5.599999904632568
1.305999994277954	 -5.210000038146973
1.2949999570846558	 -6.639999866485596
1.2860000133514404	 -6.920000076293945
1.3029999732971191	 -5.940000057220459
1.312999963760376	 -5.579999923706055
1.3070000410079956	 -4.829999923706055
1.3070000410079956	 -5.460000038146973
1.3020000457763672	 -6.239999771118164
1.315999984741211	 -6.139999866485596
1.3229999542236328	 -7.409999847412109
1.319000005722046	 -8.319999694824219
1.3009999990463257	 -8.029999732971191
1.3029999732971191	 -8.380000114440918
1.2940000295639038	 -7.349999904632568
1.2899999618530273	 -7.190000057220459
1.2920000553131104	 -6.28000020980835
1.2910000085830688	 -5.789999961853027
1.281999945640564	 -5.579999923706055
1.2920000553131104	 -6.889999866485596
1.2869999408721924	 -5.809999942779541
1.2769999504089355	 -4.170000076293945
1.2630000114440918	 -5.059999942779541
1.2719999551773071	 -4.769999980926514
1.2740000486373901	 -6.550000190734863
1.284999966621399	 -7.409999847412109
1.281000018119812	 -5.599999904632568
1.2719999551773071	 -5.739999771118164
1.281000018119812	 -5.679999828338623
1.277999997138977	 -5.559999942779541
1.2699999809265137	 -5.039999961853027
1.2660000324249268	 -5.039999961853027
1.2699999809265137	 -5.28000020980835
1.2719999551773071	 -6.639999866485596
1.2699999809265137	 -7.570000171661377
1.2599999904632568	 -8.010000228881836
1.2649999856948853	 -8.100000381469727
1.2589999437332153	 -6.570000171661377
1.2699999809265137	 -7.409999847412109
1.2660000324249268	 -8.329999923706055
1.2569999694824219	 -8.670000076293945
1.2580000162124634	 -7.889999866485596
1.25600004196167	 -7.190000057220459
1.2619999647140503	 -8.039999961853027
1.2699999809265137	 -9.260000228881836
1.281000018119812	 -9.470000267028809
1.2649999856948853	 -8.640000343322754
1.2569999694824219	 -8.640000343322754
1.2599999904632568	 -9.869999885559082
1.2680000066757202	 -8.119999885559082
1.25	 -7.46999979019165
1.25	 -7.960000038146973
1.2480000257492065	 -8.140000343322754
1.2330000400543213	 -9.079999923706055
1.2630000114440918	 -7.300000190734863
1.2400000095367432	 -6.619999885559082
1.2589999437332153	 -7.010000228881836
1.2319999933242798	 -7.079999923706055
1.2630000114440918	 -8.720000267028809
1.246000051498413	 -6.889999866485596
1.2649999856948853	 -8.510000228881836
1.2519999742507935	 -10.729999542236328
1.2480000257492065	 -10.010000228881836
1.2209999561309814	 -8.84000015258789
1.2239999771118164	 -7.789999961853027
1.2480000257492065	 -9.699999809265137
1.222000002861023	 -7.53000020980835
1.2269999980926514	 -7.769999980926514
1.253999948501587	 -10.289999961853027
1.2389999628067017	 -10.899999618530273
1.218000054359436	 -8.100000381469727
1.2239999771118164	 -6.949999809265137
1.2610000371932983	 -8.59000015258789
1.2430000305175781	 -10.59000015258789
1.218999981880188	 -9.050000190734863
1.2089999914169312	 -7.539999961853027
1.2430000305175781	 -7.989999771118164
1.2619999647140503	 -9.380000114440918
1.2510000467300415	 -9.529999732971191
1.2380000352859497	 -11.539999961853027
1.225000023841858	 -8.550000190734863
1.2209999561309814	 -8.5
1.2209999561309814	 -8.460000038146973
1.2170000076293945	 -7.579999923706055
1.2239999771118164	 -7.53000020980835
1.225000023841858	 -6.829999923706055
1.2319999933242798	 -6.679999828338623
1.2510000467300415	 -6.519999980926514
1.246999979019165	 -6.369999885559082
1.2410000562667847	 -7.480000019073486
1.225000023841858	 -6.210000038146973
1.218000054359436	 -6.960000038146973
1.2059999704360962	 -6.639999866485596
1.2079999446868896	 -7.050000190734863
1.2059999704360962	 -5.849999904632568
1.2139999866485596	 -8.100000381469727
1.2130000591278076	 -10.40999984741211
1.2230000495910645	 -9.710000038146973
1.2519999742507935	 -9.390000343322754
1.2350000143051147	 -8.59000015258789
1.2230000495910645	 -7.909999847412109
1.2070000171661377	 -8.670000076293945
1.225000023841858	 -8.880000114440918
1.253999948501587	 -7.309999942779541
1.2389999628067017	 -6.849999904632568
1.2230000495910645	 -6.409999847412109
1.2209999561309814	 -7.079999923706055
1.2369999885559082	 -6.489999771118164
1.2280000448226929	 -5.130000114440918
1.2280000448226929	 -6.940000057220459
1.2359999418258667	 -5.75
1.2120000123977661	 -6.28000020980835
1.2339999675750732	 -7.690000057220459
1.2419999837875366	 -6.21999979019165
1.2300000190734863	 -5.949999809265137
1.2380000352859497	 -5.489999771118164
1.2430000305175781	 -8.09000015258789
1.2339999675750732	 -7.989999771118164
1.222000002861023	 -8.739999771118164
1.225000023841858	 -7.829999923706055
1.2230000495910645	 -6.349999904632568
1.215999960899353	 -7.059999942779541
1.218000054359436	 -6.619999885559082
1.2170000076293945	 -6.78000020980835
1.2100000381469727	 -6.690000057220459
1.2209999561309814	 -8.369999885559082
1.2100000381469727	 -7.0
1.2120000123977661	 -7.099999904632568
1.2170000076293945	 -7.239999771118164
1.2050000429153442	 -5.659999847412109
1.2000000476837158	 -5.519999980926514
1.2020000219345093	 -4.420000076293945
1.2050000429153442	 -4.079999923706055
1.2109999656677246	 -6.099999904632568
1.2109999656677246	 -6.869999885559082
1.2109999656677246	 -6.849999904632568
1.2170000076293945	 -6.849999904632568
1.2070000171661377	 -6.349999904632568
1.2029999494552612	 -8.350000381469727
1.2100000381469727	 -8.319999694824219
1.2039999961853027	 -8.039999961853027
1.2029999494552612	 -8.119999885559082
1.2059999704360962	 -9.199999809265137
1.2009999752044678	 -9.670000076293945
1.1979999542236328	 -7.820000171661377
1.1990000009536743	 -6.789999961853027
1.2079999446868896	 -8.539999961853027
1.1979999542236328	 -7.429999828338623
1.1929999589920044	 -8.449999809265137
1.1990000009536743	 -7.519999980926514
1.2000000476837158	 -8.920000076293945
1.194000005722046	 -9.989999771118164
1.1829999685287476	 -9.420000076293945
1.190000057220459	 -8.069999694824219
1.1859999895095825	 -8.40999984741211
1.1890000104904175	 -8.199999809265137
1.1859999895095825	 -8.369999885559082
1.184000015258789	 -8.380000114440918
1.1820000410079956	 -6.329999923706055
1.1920000314712524	 -5.730000019073486
1.1799999475479126	 -5.059999942779541
1.1670000553131104	 -5.139999866485596
1.1770000457763672	 -6.099999904632568
1.1749999523162842	 -7.639999866485596
1.1619999408721924	 -7.78000020980835
1.1670000553131104	 -6.829999923706055
1.1549999713897705	 -7.139999866485596
1.149999976158142	 -7.639999866485596
1.1649999618530273	 -7.699999809265137
1.156999945640564	 -6.989999771118164
1.1549999713897705	 -5.820000171661377
1.1540000438690186	 -5.75
1.159000039100647	 -6.099999904632568
1.1510000228881836	 -7.119999885559082
1.1579999923706055	 -7.989999771118164
1.1629999876022339	 -8.010000228881836
1.152999997138977	 -8.600000381469727
1.1579999923706055	 -8.15999984741211
1.1679999828338623	 -6.440000057220459
1.159999966621399	 -6.510000228881836
1.1490000486373901	 -7.579999923706055
1.1549999713897705	 -7.789999961853027
1.156000018119812	 -6.269999980926514
1.1440000534057617	 -5.869999885559082
1.1540000438690186	 -5.25
1.149999976158142	 -4.5
1.1339999437332153	 -6.150000095367432
1.1360000371932983	 -5.829999923706055
1.121999979019165	 -5.900000095367432
1.1339999437332153	 -6.179999828338623
1.1430000066757202	 -7.019999980926514
1.1360000371932983	 -8.510000228881836
1.1390000581741333	 -8.319999694824219
1.1440000534057617	 -7.190000057220459
1.1440000534057617	 -7.099999904632568
1.1449999809265137	 -6.480000019073486
1.1440000534057617	 -6.929999828338623
1.1469999551773071	 -6.230000019073486
1.1410000324249268	 -5.019999980926514
1.1390000581741333	 -5.409999847412109
1.1339999437332153	 -5.019999980926514
1.1269999742507935	 -3.819999933242798
1.128000020980835	 -5.289999961853027
1.1440000534057617	 -4.25
1.1430000066757202	 -2.4100000858306885
1.1330000162124634	 -3.3299999237060547
1.1399999856948853	 -4.130000114440918
1.1339999437332153	 -2.549999952316284
1.1180000305175781	 -1.3600000143051147
1.1319999694824219	 -2.509999990463257
1.13100004196167	 -3.2300000190734863
1.1260000467300415	 -3.5
1.128000020980835	 -3.930000066757202
1.1260000467300415	 -1.5
1.1260000467300415	 -3.3299999237060547
1.1200000047683716	 -3.0199999809265137
1.1230000257492065	 -3.7300000190734863
1.128999948501587	 -3.319999933242798
1.1230000257492065	 -2.8399999141693115
1.11899995803833	 -3.859999895095825
1.1180000305175781	 -3.009999990463257
1.128000020980835	 -3.440000057220459
1.1239999532699585	 -3.869999885559082
1.11899995803833	 -4.099999904632568
1.1139999628067017	 -4.980000019073486
1.1089999675750732	 -3.509999990463257
1.1130000352859497	 -3.569999933242798
1.1330000162124634	 -4.25
1.1239999532699585	 -5.329999923706055
1.1180000305175781	 -5.78000020980835
1.1200000047683716	 -5.420000076293945
1.121999979019165	 -3.7899999618530273
1.1230000257492065	 -3.4600000381469727
1.1109999418258667	 -3.890000104904175
1.1180000305175781	 -3.0299999713897705
1.1230000257492065	 -3.299999952316284
1.11899995803833	 -2.2300000190734863
1.1130000352859497	 -2.5199999809265137
1.1039999723434448	 -2.0799999237060547
1.0980000495910645	 -3.0299999713897705
1.093999981880188	 -5.230000019073486
1.1019999980926514	 -5.480000019073486
1.1089999675750732	 -5.690000057220459
1.1059999465942383	 -4.269999980926514
1.1139999628067017	 -6.260000228881836
1.097000002861023	 -5.650000095367432
1.1059999465942383	 -5.519999980926514
1.1100000143051147	 -6.119999885559082
1.1089999675750732	 -4.119999885559082
1.1009999513626099	 -3.2100000381469727
1.1030000448226929	 -3.4600000381469727
1.1080000400543213	 -3.1700000762939453
1.093000054359436	 -5.059999942779541
1.0989999771118164	 -3.6700000762939453
1.097000002861023	 -4.710000038146973
1.1019999980926514	 -4.289999961853027
1.0959999561309814	 -4.920000076293945
1.1019999980926514	 -4.170000076293945
1.1109999418258667	 -1.5800000429153442
1.093999981880188	 -1.7300000190734863
1.097000002861023	 -1.6799999475479126
1.0770000219345093	 -1.5499999523162842
1.0770000219345093	 -1.25
1.0859999656677246	 -1.350000023841858
1.0670000314712524	 -3.1500000953674316
1.0820000171661377	 -2.3399999141693115
1.0850000381469727	 -3.2699999809265137
1.0870000123977661	 -2.259999990463257
1.0759999752044678	 -2.009999990463257
1.0740000009536743	 -2.509999990463257
1.059999942779541	 -2.109999895095825
1.0720000267028809	 -2.9700000286102295
1.0889999866485596	 -2.0799999237060547
1.0770000219345093	 -0.5699999928474426
1.0759999752044678	 -2.8499999046325684
1.0829999446868896	 -2.4200000762939453
1.0609999895095825	 -2.549999952316284
1.069000005722046	 -4.079999923706055
1.0859999656677246	 -3.2100000381469727
1.0499999523162842	 -2.4200000762939453
1.059000015258789	 -3.2899999618530273
1.062000036239624	 -2.7899999618530273
1.0609999895095825	 -2.190000057220459
1.0460000038146973	 -1.8300000429153442
1.0509999990463257	 -3.2799999713897705
1.065000057220459	 -4.659999847412109
1.065999984741211	 -4.920000076293945
1.059999942779541	 -3.7300000190734863
1.062000036239624	 -1.6200000047683716
1.0499999523162842	 0.05999999865889549
1.0290000438690186	 -0.25999999046325684
1.0230000019073486	 -2.2699999809265137
1.0329999923706055	 -4.130000114440918
1.034000039100647	 -4.650000095367432
1.0420000553131104	 -5.71999979019165
1.0449999570846558	 -5.519999980926514
1.055999994277954	 -5.849999904632568
1.059000015258789	 -6.510000228881836
1.0570000410079956	 -5.579999923706055
1.0540000200271606	 -6.079999923706055
1.0470000505447388	 -5.619999885559082
1.0490000247955322	 -4.710000038146973
1.0490000247955322	 -3.740000009536743
1.0369999408721924	 -3.5899999141693115
1.0290000438690186	 -5.039999961853027
1.031000018119812	 -4.75
1.027999997138977	 -4.5
1.0210000276565552	 -2.6700000762939453
1.0140000581741333	 -2.809999942779541
0.9959999918937683	 -1.840000033378601
0.9929999709129333	 -0.41999998688697815
1.0069999694824219	 0.6600000262260437
1.0110000371932983	 0.9100000262260437
1.0199999809265137	 0.8399999737739563
1.0269999504089355	 0.6800000071525574
1.0379999876022339	 -0.4699999988079071
1.0410000085830688	 -1.0700000524520874
1.062000036239624	 -1.0399999618530273
1.069000005722046	 -2.2899999618530273
1.059000015258789	 -3.3499999046325684
1.062999963760376	 -4.519999980926514
1.059000015258789	 -4.5
1.0460000038146973	 -4.670000076293945
1.0360000133514404	 -3.4100000858306885
1.0269999504089355	 -2.180000066757202
1.0160000324249268	 -2.390000104904175
1.0110000371932983	 -2.609999895095825
1.0149999856948853	 -1.9500000476837158
1.0140000581741333	 -2.109999895095825
1.0290000438690186	 -1.840000033378601
1.034999966621399	 -2.700000047683716
1.0540000200271606	 -4.099999904632568
1.059999942779541	 -2.3499999046325684
1.0750000476837158	 -0.9700000286102295
1.0820000171661377	 -0.41999998688697815
1.069000005722046	 0.7699999809265137
1.0490000247955322	 0.7599999904632568
1.0290000438690186	 3.5299999713897705
1.0329999923706055	 3.2699999809265137
1.0190000534057617	 1.5499999523162842
1.0390000343322754	 0.3400000035762787
1.0609999895095825	 -0.5600000023841858
1.0720000267028809	 0.6899999976158142
1.055999994277954	 1.1299999952316284
1.034999966621399	 2.069999933242798
1.027999997138977	 -0.10999999940395355
1.0609999895095825	 -1.6699999570846558
1.0509999990463257	 1.409999966621399
1.0240000486373901	 2.859999895095825
1.0479999780654907	 1.590000033378601
1.059000015258789	 2.069999933242798
1.0379999876022339	 1.3300000429153442
1.034999966621399	 2.2699999809265137
1.0399999618530273	 1.8300000429153442
1.0440000295639038	 0.1599999964237213
1.0429999828338623	 1.2899999618530273
1.0329999923706055	 2.3299999237060547
1.0379999876022339	 0.75
1.0369999408721924	 1.7000000476837158
1.0440000295639038	 4.119999885559082
1.0529999732971191	 1.149999976158142
1.0509999990463257	 1.4299999475479126
1.0399999618530273	 2.9100000858306885
1.0420000553131104	 1.649999976158142
1.0369999408721924	 2.1600000858306885
1.0260000228881836	 2.8499999046325684
1.0520000457763672	 1.6200000047683716
1.0509999990463257	 3.890000104904175
1.0160000324249268	 3.119999885559082
1.0440000295639038	 3.109999895095825
1.0160000324249268	 3.440000057220459
1.0230000019073486	 3.259999990463257
1.0360000133514404	 1.0399999618530273
1.0299999713897705	 4.539999961853027
1.034999966621399	 5.690000057220459
1.0180000066757202	 6.429999828338623
1.031000018119812	 4.920000076293945
1.0420000553131104	 5.900000095367432
1.034999966621399	 4.170000076293945
1.0529999732971191	 3.569999933242798
1.0420000553131104	 4.110000133514404
1.0440000295639038	 2.0799999237060547
1.0449999570846558	 4.579999923706055
1.024999976158142	 2.380000114440918
1.034999966621399	 2.4100000858306885
1.0210000276565552	 2.7100000381469727
1.034999966621399	 2.3499999046325684
1.0269999504089355	 4.789999961853027
1.0390000343322754	 4.079999923706055
1.0230000019073486	 6.579999923706055
1.0410000085830688	 6.269999980926514
1.0290000438690186	 6.119999885559082
1.0329999923706055	 5.46999979019165
1.0149999856948853	 6.619999885559082
1.0379999876022339	 5.570000171661377
1.0110000371932983	 4.940000057220459
1.0260000228881836	 4.75
1.0080000162124634	 6.409999847412109
1.024999976158142	 4.539999961853027
1.0	 5.210000038146973
1.0210000276565552	 5.599999904632568
1.0080000162124634	 5.909999847412109
1.034999966621399	 7.260000228881836
1.0049999952316284	 5.989999771118164
1.0140000581741333	 5.869999885559082
1.00600004196167	 5.429999828338623
1.0069999694824219	 6.78000020980835
1.0110000371932983	 4.920000076293945
1.0110000371932983	 5.639999866485596
1.027999997138977	 6.039999961853027
1.0160000324249268	 5.239999771118164
1.0260000228881836	 6.659999847412109
1.0180000066757202	 5.739999771118164
1.0019999742507935	 7.0
1.0149999856948853	 5.980000019073486
1.0	 6.389999866485596
1.0180000066757202	 7.53000020980835
1.0110000371932983	 6.579999923706055
1.0099999904632568	 8.59000015258789
1.0210000276565552	 6.300000190734863
1.0010000467300415	 7.25
1.0140000581741333	 6.960000038146973
0.9929999709129333	 8.850000381469727
1.003000020980835	 7.460000038146973
0.9919999837875366	 8.039999961853027
1.00600004196167	 10.260000228881836
1.0180000066757202	 9.600000381469727
0.9909999966621399	 9.710000038146973
1.0	 10.170000076293945
1.0110000371932983	 9.369999885559082
1.0080000162124634	 9.029999732971191
1.0010000467300415	 9.579999923706055
1.0010000467300415	 10.789999961853027
0.9860000014305115	 10.460000038146973
0.9980000257492065	 10.069999694824219
0.9919999837875366	 10.140000343322754
0.9879999756813049	 10.130000114440918
0.9850000143051147	 10.40999984741211
0.9940000176429749	 9.880000114440918
1.0080000162124634	 9.300000190734863
1.0	 10.479999542236328
1.0019999742507935	 10.210000038146973
1.0099999904632568	 9.010000228881836
1.003000020980835	 7.559999942779541
1.003000020980835	 18.690000534057617
1.0160000324249268	 12.170000076293945
1.0140000581741333	 8.970000267028809
1.0180000066757202	 8.199999809265137
1.0210000276565552	 9.050000190734863
1.0130000114440918	 9.130000114440918
1.0080000162124634	 9.890000343322754
1.003000020980835	 11.289999961853027
1.0049999952316284	 11.529999732971191
1.0180000066757202	 11.079999923706055
1.0160000324249268	 10.260000228881836
1.0180000066757202	 9.869999885559082
1.0160000324249268	 9.869999885559082
1.0069999694824219	 10.460000038146973
1.0160000324249268	 11.399999618530273
1.0099999904632568	 12.479999542236328
1.0080000162124634	 12.550000190734863
1.0199999809265137	 10.609999656677246
1.0140000581741333	 11.460000038146973
1.0149999856948853	 11.0600004196167
1.0210000276565552	 10.699999809265137
1.0290000438690186	 10.960000038146973
1.0260000228881836	 10.899999618530273
1.024999976158142	 12.3100004196167
1.0160000324249268	 13.0600004196167
1.0210000276565552	 11.989999771118164
1.0210000276565552	 10.890000343322754
1.0190000534057617	 11.710000038146973
1.0269999504089355	 11.539999961853027
1.031999945640564	 11.729999542236328
1.0269999504089355	 12.390000343322754
1.0470000505447388	 10.869999885559082
1.055999994277954	 12.130000114440918
1.0570000410079956	 12.229999542236328
1.0529999732971191	 12.170000076293945
1.0549999475479126	 11.369999885559082
1.0570000410079956	 10.9399995803833
1.059999942779541	 12.789999961853027
1.0540000200271606	 13.039999961853027
1.0529999732971191	 13.3100004196167
1.0479999780654907	 13.90999984741211
1.0499999523162842	 14.859999656677246
1.0420000553131104	 13.850000381469727
1.031999945640564	 15.279999732971191
1.0440000295639038	 14.039999961853027
1.0540000200271606	 14.960000038146973
1.0499999523162842	 16.040000915527344
1.059000015258789	 14.289999961853027
1.055999994277954	 15.670000076293945
1.0449999570846558	 15.380000114440918
1.062000036239624	 15.789999961853027
1.055999994277954	 14.210000038146973
1.062000036239624	 13.229999542236328
1.0479999780654907	 14.479999542236328
1.0540000200271606	 14.460000038146973
1.059999942779541	 13.569999694824219
1.059999942779541	 16.34000015258789
1.062000036239624	 15.4399995803833
1.065999984741211	 15.170000076293945
1.0579999685287476	 14.9399995803833
1.062000036239624	 14.289999961853027
1.055999994277954	 13.449999809265137
1.0679999589920044	 14.289999961853027
1.0770000219345093	 13.0
1.069000005722046	 13.739999771118164
1.0640000104904175	 15.640000343322754
1.069000005722046	 16.170000076293945
1.0670000314712524	 17.670000076293945
1.0549999475479126	 15.460000038146973
1.0509999990463257	 15.140000343322754
1.0570000410079956	 16.399999618530273
1.0579999685287476	 16.670000076293945
1.0759999752044678	 16.31999969482422
1.069000005722046	 15.619999885559082
1.065000057220459	 13.579999923706055
1.0670000314712524	 12.960000038146973
1.069000005722046	 12.960000038146973
1.0740000009536743	 11.449999809265137
1.062999963760376	 10.8100004196167
1.0640000104904175	 11.529999732971191
1.0499999523162842	 13.699999809265137
1.0609999895095825	 11.75
1.062999963760376	 11.140000343322754
1.0670000314712524	 13.489999771118164
1.0549999475479126	 16.600000381469727
1.0479999780654907	 14.069999694824219
1.0529999732971191	 13.539999961853027
1.0640000104904175	 15.649999618530273
1.0529999732971191	 15.739999771118164
1.065000057220459	 14.460000038146973
1.0750000476837158	 14.369999885559082
1.062000036239624	 16.18000030517578
1.065999984741211	 16.770000457763672
1.0579999685287476	 16.18000030517578
1.0479999780654907	 17.25
1.0460000038146973	 17.649999618530273
1.0490000247955322	 15.960000038146973
1.065000057220459	 16.940000534057617
1.059000015258789	 15.359999656677246
1.0449999570846558	 15.699999809265137
1.0520000457763672	 15.100000381469727
1.0490000247955322	 15.920000076293945
1.065000057220459	 16.540000915527344
1.0709999799728394	 13.25
1.0640000104904175	 12.539999961853027
1.062999963760376	 13.420000076293945
1.0640000104904175	 18.600000381469727
1.0679999589920044	 16.670000076293945
1.065000057220459	 14.75
1.0670000314712524	 14.119999885559082
1.0729999542236328	 13.59000015258789
1.0740000009536743	 11.729999542236328
1.0740000009536743	 12.170000076293945
1.069000005722046	 13.210000038146973
1.0820000171661377	 12.0
1.0679999589920044	 12.819999694824219
1.0779999494552612	 13.670000076293945
1.0759999752044678	 15.25
1.0679999589920044	 14.640000343322754
1.0829999446868896	 13.109999656677246
1.0670000314712524	 14.149999618530273
1.0820000171661377	 13.699999809265137
1.0920000076293945	 13.34000015258789
1.0880000591278076	 14.65999984741211
1.093999981880188	 12.529999732971191
1.097000002861023	 13.420000076293945
1.0870000123977661	 12.319999694824219
1.0920000076293945	 10.779999732971191
1.090000033378601	 11.050000190734863
1.1009999513626099	 11.15999984741211
1.1009999513626099	 10.920000076293945
1.1039999723434448	 12.199999809265137
1.1019999980926514	 11.739999771118164
1.1100000143051147	 12.699999809265137
1.0889999866485596	 13.569999694824219
1.090000033378601	 13.8100004196167
1.100000023841858	 11.899999618530273
1.0950000286102295	 11.210000038146973
1.097000002861023	 12.319999694824219
1.0989999771118164	 11.75
1.1080000400543213	 12.079999923706055
1.1100000143051147	 12.859999656677246
1.1139999628067017	 13.420000076293945
1.1130000352859497	 12.829999923706055
1.1080000400543213	 13.210000038146973
1.1269999742507935	 15.789999961853027
1.1260000467300415	 13.0
1.125	 11.380000114440918
1.1349999904632568	 10.850000381469727
1.1390000581741333	 8.850000381469727
1.1339999437332153	 7.869999885559082
1.1339999437332153	 5.679999828338623
1.1380000114440918	 5.489999771118164
1.1440000534057617	 4.809999942779541
1.1480000019073486	 4.400000095367432
1.1480000019073486	 6.25
1.1469999551773071	 7.909999847412109
1.1510000228881836	 9.449999809265137
1.1510000228881836	 11.460000038146973
1.1469999551773071	 12.630000114440918
1.1460000276565552	 14.880000114440918
1.1540000438690186	 14.359999656677246
1.1469999551773071	 15.420000076293945
1.1330000162124634	 17.790000915527344
1.1430000066757202	 19.700000762939453
1.1430000066757202	 18.020000457763672
1.1449999809265137	 18.040000915527344
1.159000039100647	 16.020000457763672
1.1510000228881836	 16.040000915527344
1.1440000534057617	 17.190000534057617
1.1449999809265137	 17.260000228881836
1.1480000019073486	 14.859999656677246
1.1399999856948853	 15.460000038146973
1.1510000228881836	 14.630000114440918
1.1510000228881836	 15.0600004196167
1.1419999599456787	 14.270000457763672
1.1410000324249268	 13.75
1.1440000534057617	 13.829999923706055
1.1519999504089355	 15.029999732971191
1.1449999809265137	 14.640000343322754
1.1469999551773071	 13.359999656677246
1.1449999809265137	 13.170000076293945
1.1619999408721924	 14.489999771118164
1.1619999408721924	 14.40999984741211
1.1549999713897705	 13.829999923706055
1.1619999408721924	 14.579999923706055
1.1519999504089355	 14.65999984741211
1.1469999551773071	 14.960000038146973
1.1610000133514404	 14.729999542236328
1.156999945640564	 13.779999732971191
1.149999976158142	 17.200000762939453
1.1469999551773071	 15.8100004196167
1.1490000486373901	 13.949999809265137
1.156000018119812	 13.15999984741211
1.156000018119812	 12.399999618530273
1.1549999713897705	 14.6899995803833
1.1460000276565552	 14.149999618530273
1.159000039100647	 14.279999732971191
1.1579999923706055	 12.710000038146973
1.1579999923706055	 14.449999809265137
1.1469999551773071	 15.210000038146973
1.1469999551773071	 13.670000076293945
1.1460000276565552	 14.329999923706055
1.1360000371932983	 11.920000076293945
1.1549999713897705	 12.100000381469727
1.1430000066757202	 13.319999694824219
1.1460000276565552	 10.729999542236328
1.1579999923706055	 12.829999923706055
1.156999945640564	 12.229999542236328
1.1510000228881836	 10.069999694824219
1.1519999504089355	 10.449999809265137
1.1629999876022339	 11.399999618530273
1.1430000066757202	 9.800000190734863
1.1380000114440918	 8.880000114440918
1.1469999551773071	 10.739999771118164
1.1649999618530273	 11.15999984741211
1.1510000228881836	 8.319999694824219
1.1419999599456787	 8.670000076293945
1.1380000114440918	 8.170000076293945
1.1430000066757202	 8.100000381469727
1.1480000019073486	 10.899999618530273
1.152999997138977	 8.970000267028809
1.1360000371932983	 8.289999961853027
1.1419999599456787	 9.380000114440918
1.1480000019073486	 8.369999885559082
1.1549999713897705	 9.75
1.1660000085830688	 13.779999732971191
1.1640000343322754	 13.65999984741211
1.1519999504089355	 9.25
1.1449999809265137	 5.21999979019165
1.156000018119812	 3.609999895095825
1.1360000371932983	 4.579999923706055
1.1490000486373901	 6.25
1.156000018119812	 6.71999979019165
1.156000018119812	 8.119999885559082
