1.326561332
1.329361796
1.333763599
1.327750921
1.331480503
1.337268233
1.333082318
1.330325842
1.331598639
1.327607155
1.333117008
1.329321861
1.335623145
1.337213397
1.336296797
1.329128504
1.327691793
1.330791831
1.332153082
1.335283637
1.330309749
1.323814392
1.317888021
1.318308592
1.319244742
1.318304181
1.322727084
1.323949933
1.326711535
1.326407433
1.367642522
1.371388912
1.365080118
1.350677848
1.341207743
1.339071751
1.32849431
1.331432581
1.326232195
1.335891962
1.33654213
1.335964561
1.335143685
1.334470391
1.338850379
1.34669435
1.347965002
1.341120124
1.339400768
1.3351475
1.341113448
1.339006305
1.334115148
1.337178946
1.342205167
1.343219995
1.34847939
1.343536377
1.345816016
1.350118995
1.34452939
1.343852282
1.341862202
1.35163033
1.347596526
1.348457217
1.345488191
1.350526571
1.348547697
1.35182929
1.350079298
1.351157188
1.353339314
1.35643208
1.355073094
1.353936553
1.349171758
1.349929452
1.347070456
1.340061426
1.339301467
1.333080053
1.33988893
1.343927979
1.345548034
1.350308657
1.354056597
1.362794518
1.355196357
1.352027059
1.348306775
1.353089333
1.359948754
1.367601752
1.369014263
1.36555481
1.367320538
1.365498185
1.376520991
1.379933476
1.375958204
1.376171112
1.370268941
1.380197167
1.385315537
1.378785372
1.380457282
1.376195431
1.374990463
1.376024008
1.379696131
1.376718879
1.377701879
1.3752985
1.368525028
1.370569825
1.378356695
1.374840975
1.379467726
1.37577486
1.379436016
1.383356214
1.386152625
1.383917809
1.384779572
1.385203123
1.394875765
1.394177437
1.396822691
1.39609623
1.390110016
1.385120988
1.386868477
1.393147469
1.393400669
1.383770585
1.38551116
1.387733102
1.385843754
1.38309586
1.379835606
1.38042891
1.385117769
1.39030993
1.390228748
1.393535018
1.392903328
1.379658222
1.378816724
1.377793431
1.37972784
1.383124948
1.384772778
1.378126144
1.383695841
1.398127437
1.398703456
1.392845035
1.390232563
1.385572076
1.388831258
1.395098209
1.388072968
1.383551717
1.3798002
1.381772399
1.388747096
1.39198482
1.411877513
1.416748405
1.40943253
1.402915716
1.407444358
1.404786587
1.39928484
1.400122881
1.403012633
1.397840381
1.400289059
1.399699807
1.402723074
1.405019879
1.394537449
1.400503993
1.401153803
1.404451609
1.402596354
1.395503998
1.402816176
1.407878041
1.404155135
1.405101418
1.408048868
1.406189322
1.401481509
1.398784757
1.400936723
1.399760962
1.398624778
1.396323204
1.401103377
1.400264502
1.396920323
1.396040201
1.402252555
1.404769421
1.407952785
1.404252648
1.406579375
1.39953208
1.393651843
1.402619243
1.402142167
1.397594452
1.402490735
1.406898379
1.408691525
1.404781103
1.401340127
1.401945949
1.403827786
1.397972107
1.396238804
1.396561265
1.397833467
1.402635336
1.401777983
1.410899282
1.410458922
1.40828836
1.410533905
1.405158639
1.399357319
1.395495534
1.399281263
1.40413034
1.407949686
1.415364742
1.418634653
1.418590426
1.417589426
1.411099076
1.403740287
1.409399629
1.414248824
1.408784866
1.409524441
1.418505669
1.422729373
1.422823429
1.421831608
1.422893047
1.419044614
1.413552523
1.410972476
1.416923165
1.423280001
1.420580029
1.425278902
1.422973275
1.42467618
1.422332883
1.422086716
1.418371797
1.420523047
1.422578812
1.416804314
1.413084388
1.412208915
1.417831779
1.420428395
1.417042375
1.413106203
1.414125085
1.415038109
1.416165471
1.414866447
1.412442327
1.410006046
1.41415906
1.417774916
1.417493105
1.418995023
1.411450982
1.411753058
1.417316556
1.413234711
1.410964608
1.405802488
1.404420614
1.403809786
1.406479836
1.407378912
1.401012182
1.401518822
1.393824577
1.393337727
1.396298885
1.407386899
1.4020015
1.40271008
1.393498898
1.396274686
1.394677758
1.399032116
1.404899359
1.401872039
1.397580862
1.39543438
1.402312875
1.404852271
1.409232855
1.402957201
1.401823044
1.395706058
1.384924531
1.374018669
1.374565005
1.385751128
1.383321047
1.393772006
1.396620035
1.407271624
1.399126768
1.388254762
1.380290031
1.391613603
1.390754938
1.384631038
1.384204388
1.385298491
1.385793567
1.396304131
1.385647774
1.387473822
1.38042438
1.386096001
1.376741171
1.384136558
1.383766651
1.380443215
1.380482316
1.382467985
1.381945968
1.390663028
1.38944602
1.387691379
1.386325002
1.384577036
1.381989121
1.379073858
1.377364039
1.379336476
1.3787781
1.381854296
1.380490303
1.38058877
1.381289363
1.382197738
1.387053251
1.385704041
1.387766004
1.385997534
1.392947197
1.387834311
1.380802393
1.381451726
1.381040335
1.375140309
1.381913781
1.381308556
1.381709218
1.386336803
1.395826817
1.390413284
1.393511891
1.387561917
1.379553199
1.380380392
1.381315112
1.382325768
1.383347154
1.384373546
1.389901996
1.385576487
1.385212898
1.381217241
1.384172559
1.387831807
1.385383129
1.381829977
1.377256036
1.374368787
1.373334408
1.374899626
1.378029108
1.370219111
1.369796157
1.367726207
1.377233744
1.374454618
1.370089889
1.368918419
1.369681716
1.365537763
1.363318563
1.368174672
1.369440317
1.366746664
1.363701344
1.355700254
1.35575211
1.357683301
1.360744834
1.353976607
1.350702286
1.349638104
1.349113822
1.346486688
1.352416039
1.347051024
1.353275061
1.339015365
1.337762356
1.334789872
1.332669854
1.347342849
1.345621347
1.332553267
1.327753544
1.336152077
1.326520443
1.319970369
1.321995139
1.327247381
1.34174037
1.354252577
1.350723743
1.334770083
1.324583769
1.317194581
1.317260861
1.31258297
1.317250013
1.311104417
1.317180634
1.327806711
1.336362958
1.334702373
1.330552697
1.325281382
1.318196058
1.318784118
1.327475429
1.326666594
1.317582607
1.317923307
1.330801487
1.338704586
1.328633308
1.332142353
1.33151567
1.326319337
1.33126843
1.323176861
1.309430838
1.318050623
1.318665504
1.333417416
1.334644675
1.343841791
1.335467339
1.335161448
1.329597592
1.321582675
1.320032358
1.318222165
1.327460766
1.343255997
1.333235741
1.328487277
1.319136858
1.311592937
1.319268227
1.323278546
1.322365761
1.31667316
1.315866709
1.308247805
1.30907023
1.315861106
1.316069007
1.313216329
1.310752273
1.309904695
1.314298987
1.31549418
1.313220859
1.313626885
1.316351056
1.315410614
1.315997601
1.319750786
1.321990013
1.317353725
1.317208052
1.315470695
1.316066384
1.307757974
1.308066487
1.303476334
1.306048036
1.308131814
1.30745101
1.306190729
1.302508116
1.293212891
1.283287048
1.290638924
1.300066233
1.300408006
1.300366879
1.296707988
1.304188013
1.310610533
1.309392452
1.296868205
1.292675734
1.285704851
1.280641079
1.280901432
1.280986547
1.276066899
1.279857039
1.278840184
1.273474455
1.262406826
1.26428175
1.265571237
1.272316575
1.273097873
1.267654657
1.271544576
1.271249175
1.266444921
1.262255311
1.263231993
1.26415801
1.262374878
1.254449844
1.253999352
1.250688791
1.255987644
1.254604101
1.247643948
1.245854974
1.24447155
1.247279882
1.25235641
1.260592341
1.253762245
1.245991349
1.243779182
1.249254107
1.24075079
1.237532973
1.23505795
1.223814011
1.240088224
1.232637763
1.242156744
1.228699923
1.242293
1.237734318
1.247152567
1.240275502
1.234589815
1.215340018
1.211306095
1.223738551
1.213548303
1.213219523
1.228309393
1.223217726
1.209862828
1.210208416
1.233188391
1.228612542
1.212219715
1.201091766
1.218697667
1.236543655
1.235860586
1.225078225
1.21455884
1.208440781
1.206486702
1.204299569
1.208484769
1.211716533
1.218023777
1.233098865
1.236848354
1.233626485
1.223089695
1.214303374
1.20352459
1.200511694
1.198921323
1.202156663
1.20062542
1.205696225
1.225592613
1.222659469
1.214464664
1.20065546
1.206658006
1.228789568
1.228440523
1.218822718
1.213786244
1.222746134
1.221675515
1.22047627
1.225909114
1.212471008
1.220573306
1.229419231
1.225410938
1.229475856
1.232958674
1.227763057
1.217139244
1.215116978
1.214118123
1.209036589
1.208795667
1.20811379
1.203538179
1.207691669
1.202619553
1.20238781
1.205224514
1.199860096
1.195123315
1.195716023
1.198515415
1.202608228
1.203596711
1.20366621
1.207274556
1.202377081
1.196584582
1.198267937
1.194794297
1.19247365
1.192474246
1.188300848
1.185848832
1.186748862
1.19181776
1.188139081
1.182904005
1.18541348
1.186029673
1.1812011
1.172209501
1.174255967
1.172509193
1.174082518
1.172772527
1.171093583
1.171085835
1.178642035
1.17490077
1.165586233
1.168219686
1.167016387
1.157860875
1.157877684
1.150096059
1.143523455
1.15037322
1.148289204
1.147229433
1.146614313
1.149630427
1.145108104
1.147117972
1.150664091
1.144882441
1.145775676
1.153739691
1.151980281
1.143705606
1.144143105
1.14602077
1.139643908
1.144440532
1.144539952
1.133674979
1.130994081
1.121053219
1.124798536
1.131425858
1.128232718
1.128407598
1.132063985
1.133531332
1.135109425
1.135350108
1.137645483
1.13575387
1.133884072
1.130429864
1.125579357
1.12391293
1.134104371
1.138462424
1.133585691
1.136038423
1.133716583
1.123125434
1.127913356
1.128957987
1.126032591
1.125993252
1.125313997
1.124707103
1.120655417
1.12081039
1.124712348
1.122515559
1.118812323
1.116937399
1.122518182
1.121913314
1.118318558
1.113302708
1.108535051
1.109380722
1.122258902
1.120906949
1.116053224
1.115347862
1.117061496
1.118748665
1.111668468
1.113953471
1.118090749
1.117630601
1.113658428
1.106608868
1.099911332
1.094116092
1.096518159
1.101435542
1.101725101
1.106069803
1.096762061
1.09892118
1.101902485
1.103423238
1.099657893
1.099691868
1.103251934
1.09430182
1.09522748
1.09395504
1.096788764
1.093761683
1.096714258
1.104909778
1.097305536
1.096514106
1.083401203
1.078738928
1.082713366
1.071787715
1.077279568
1.081080556
1.08396852
1.078108072
1.074521422
1.064299583
1.067909598
1.080357313
1.077862859
1.07590282
1.079639792
1.066909313
1.066767573
1.07761991
1.05891788
1.057351828
1.058819413
1.058982372
1.049638391
1.048998117
1.057213068
1.06060338
1.058187842
1.059550643
1.053162456
1.037306786
1.027032375
1.029170036
1.030136347
1.034977198
1.038291574
1.046128273
1.05042398
1.050901532
1.048839331
1.043689609
1.043628812
1.044373751
1.03731811
1.028998017
1.027237415
1.024775028
1.020463228
1.014527559
1.00131917
0.9951150417
1.002181411
1.007452846
1.015171289
1.022571325
1.032483935
1.03819108
1.053848267
1.064200759
1.061389446
1.062337041
1.059552789
1.049626589
1.039572716
1.030467749
1.020018697
1.012861848
1.013020873
1.012526274
1.022143364
1.029507875
1.044110775
1.053874373
1.067706823
1.077735662
1.073335886
1.058675528
1.040339947
1.035521269
1.024606109
1.033425212
1.051002264
1.064644933
1.059495926
1.043927908
1.033661246
1.050981641
1.051033616
1.033698082
1.042416215
1.052707911
1.043212056
1.037537932
1.038603187
1.041795373
1.042249918
1.035921454
1.036833048
1.036482453
1.04056561
1.048098207
1.049690366
1.043028116
1.041905999
1.038211703
1.029631257
1.04315412
1.047325253
1.026506424
1.036420345
1.022221684
1.02126503
1.029755354
1.028486609
1.030690074
1.020025134
1.024307251
1.032447457
1.031681418
1.043245792
1.040530562
1.041640759
1.041948795
1.029990554
1.031904101
1.02362442
1.029633403
1.026309371
1.032671928
1.024119258
1.031886101
1.026905298
1.027610779
1.01581955
1.026220918
1.013401389
1.018239975
1.00794673
1.015556693
1.002385139
1.010594726
1.00529027
1.019734502
1.006746769
1.007411003
1.002888083
1.004198551
1.00526154
1.015916228
1.012776971
1.017278075
1.014210105
1.00226903
1.006284595
0.9981345534
1.005763531
1.004510283
1.002218366
1.009247422
1.006709933
0.9916582108
0.9927655458
0.9859114885
0.9903894663
0.9993281364
0.9854136109
0.9850516319
0.9921264648
0.9932564497
0.9889222383
0.9861348271
0.9755552411
0.9791471362
0.9766897559
0.9732337594
0.9697723389
0.9744596481
0.985611558
0.984067142
0.9847998023
0.9911375046
0.9907935858
0.9818292856
0.9884034395
0.9931830168
0.9992901683
1.003414989
1.000230074
0.9954366684
0.9892323613
0.987437129
0.9948367476
0.9970422983
0.9996662736
0.9996459484
0.9936206341
0.9960480332
0.9918563962
0.9882470965
0.9957892895
0.9942276478
0.9947088361
0.9991441369
1.005764008
1.006544352
1.004874945
0.9973922372
0.9981229305
0.9995350242
0.9983078837
1.002977371
1.007726192
1.005691171
1.018717885
1.028364182
1.032347202
1.031231046
1.032813668
1.03531158
1.036473632
1.032382488
1.029412746
1.023966789
1.021378279
1.015733719
1.005396605
1.009615779
1.016194582
1.014366388
1.020659089
1.019561887
1.012267232
1.019094944
1.019883037
1.025729895
1.018389821
1.019335866
1.024590969
1.023426175
1.024366975
1.027228832
1.023637176
1.025654197
1.024204493
1.030533552
1.040246964
1.038690805
1.0327636
1.032102823
1.027727485
1.020271897
1.015490055
1.015772223
1.015622735
1.026515603
1.02724874
1.028278947
1.03183639
1.035415411
1.042518377
1.040199518
1.040049911
1.02940464
1.033859015
1.037950158
1.040265203
1.029705644
1.022296071
1.022942781
1.027549982
1.021454453
1.027353764
1.035935879
1.028944969
1.027082205
1.021293879
1.011032939
1.004423141
1.005369544
1.014282584
1.016084552
1.008186221
1.010691643
1.00911653
1.017347813
1.028520703
1.030768633
1.030990005
1.025603056
1.026251197
1.026689053
1.029462814
1.035584092
1.041675687
1.044625521
1.042086482
1.050756693
1.044963121
1.04813838
1.046025991
1.039992452
1.048403263
1.040769815
1.047539473
1.056830645
1.056494355
1.062251925
1.065827012
1.062337399
1.066446185
1.067321062
1.075004578
1.078528166
1.080822468
1.080679417
1.084673166
1.071657658
1.066355824
1.072098494
1.072259426
1.072855592
1.074895024
1.081152201
1.083963275
1.086584926
1.087067485
1.083529592
1.090827465
1.094753385
1.097861052
1.106728792
1.115673065
1.118025899
1.121973753
1.127134085
1.1341151
1.140111804
1.141846657
1.14108789
1.142217398
1.140673518
1.135259867
1.129040599
1.12959969
1.122535944
1.106500745
1.101197481
1.097660303
1.095719814
1.105236411
1.104231358
1.097946882
1.095513225
1.099792361
1.096615314
1.103790164
1.106622219
1.103700876
1.103328109
1.105524063
1.110257745
1.108102441
1.110242486
1.110709071
1.12020576
1.1237427
1.121427178
1.124081612
1.118623614
1.112863779
1.119242668
1.120372891
1.112354517
1.107803226
1.109482646
1.11616385
1.120558023
1.119591832
1.114049673
1.119768381
1.123304009
1.123141527
1.115043521
1.113330245
1.111500502
1.107652664
1.118661046
1.114627481
1.117963672
1.12532711
1.128121376
1.128049374
1.129153132
1.136050582
1.127850413
1.123062611
1.125899673
1.137914658
1.136092782
1.130138278
1.126194835
1.12838006
1.130671024
1.135644794
1.127484083
1.127669454
1.132262349
1.137673855
1.143377662
1.142373323
1.137134075
1.135275245
1.144096971
1.134733438
1.13898778
1.145037055
1.146666884
1.144410014
1.152667761
1.154607654
1.152290106
1.146471262
1.137863398
1.139830232
1.137117505
1.137117505