0.369679898
0.3691747487
0.3714473844
0.3661817312
0.3615309894
0.3633140326
0.3629783392
0.3672398031
0.36507231
0.373562336
0.3777507246
0.3861359656
0.404225409
0.4132807553
0.4147482812
0.4154303968
0.4135468602
0.4096039832
0.4029191136
0.3981503546
0.3989264965
0.3943060338
0.3975338042
0.3941710591
0.3948106468
0.3972723186
0.4024413526
0.4014100432
0.3977403641
0.4009426534
0.401935041
0.3958993554
0.3851011097
0.3780879676
0.3802252114
0.3854143023
0.3860760927
0.3927719593
0.3939501643
0.3864108026
0.3752355278
0.366089642
0.3650530577
0.3661696017
0.3666760623
0.3661696017
0.3624377847
0.3585742116
0.358821094
0.3523181081
0.3461662233
0.3427709639
0.3366984725
0.3304571509
0.3286186159
0.3262671828
0.3272681534
0.3320856094
0.335878253
0.336786449
0.3396950662
0.3429757953
0.3404736519
0.3425099254
0.3343929052
0.3295046687
0.3275604844
0.3146546185
0.3091621101
0.3037125468
0.3003151417
0.3033082783
0.3116588891
0.3194313049
0.3246355057
0.3234054744
0.3273535371
0.3262724876
0.3364695907
0.3399210274
0.336067766
0.3318024576
0.3332632482
0.3333678544
0.3330854177
0.3294943571
0.3394156694
0.34292081
0.3508629203
0.3573141694
0.3615219593
0.3621611893
0.3608476222
0.3562152088
0.3496064842
0.3336456418
0.3278011382
0.3247621655
0.3242410421
0.3245910406
0.3216816783
0.3187113702
0.3147769272
0.3119075298
0.3105840385
0.3096793592
0.3144604862
0.3205067813
0.3207587302
0.3229743242
0.3238427043
0.3230456412
0.3278916776
0.3216158748
0.3246205747
0.3257024288
0.3387450278
0.3428030014
0.3441593647
0.3479319811
0.3501718044
0.351413399
0.3519588113
0.3491066694
0.3410143256
0.3317721188
0.3238974512
0.3195348382
0.3224744499
0.3224519789
0.318387419
0.3201547861
0.325176686
0.3284321427
0.3274090588
0.3320469558
0.3302558661
0.3344987929
0.336232245
0.3314076364
0.3248806894
0.3171493411
0.3147236109
0.3162787855
0.3142912388
0.3133022785
0.3186501563
0.3228974938
0.3262249827
0.3218668103
0.3186443448
0.3202775419
0.3223004043
0.3232090175
0.3168152869
0.3091658056
0.2982645035
0.277805686
0.2716104686
0.264439404
0.2629226744
0.2525830865
0.2428241968
0.2503333092
0.2578184903
0.2635358274
0.2601096928
0.2556831241
0.2481417954
0.2418247759
0.2434249073
0.2389263958
0.2301898599
0.2297775596
0.2250517458
0.2212553918
0.2202025801
0.2227852046
0.229189232
0.2287137657
0.2286773771
0.2297505587
0.2277837247
0.2174900472
0.2067310065
0.1991721392
0.1952000409
0.1879898161
0.183192879
0.1842291802
0.1832495481
0.1903672516
0.193015486
0.1969633102
0.199119553
0.1871945411
0.1727706492
0.1725334972
0.1674242765
0.1767267883
0.1873190105
0.1912524551
0.1857924014
0.1857771724
0.1803426445
0.1768588424
0.1731980294
0.1750524044
0.1770899892
0.1791247427
0.1794850677
0.1780858934
0.1776939332
0.1761217564
0.1797882915
0.1816746891
0.1866119504
0.1887104213
0.1894147694
0.1948739141
0.1940825284
0.1894658059
0.1887795627
0.1909998655
0.192982778
0.1953694373
0.1969465166
0.1898651719
0.192030549
0.1931844801
0.1848339736
0.1792904884
0.1813655198
0.1744417399
0.1710536629
0.1739846915
0.1692376137
0.1602505893
0.1584202647
0.1575843543
0.1605666131
0.1581659764
0.1545100063
0.1589773595
0.1658728719
0.170130074
0.1695361882
0.1727514714
0.1777224839
0.1757812649
0.1670500189
0.1619238853
0.1571195871
0.1497272253
0.1520941705
0.1482649297
0.144508943
0.1426403672
0.1427858323
0.1453526169
0.1323085278
0.1314372122
0.1311931461
0.1283022761
0.1229208261
0.1219378188
0.1146771684
0.1062189788
0.1045541316
0.1016828269
0.1042044535
0.1033027917
0.1044624001
0.1060552225
0.1087070405
0.1077827886
0.1045904532
0.1034887135
0.1068944782
0.1092818752
0.1087787002
0.1046497673
0.1079377979
0.1053545028
0.105125457
0.1006547585
0.09519767016
0.09430854023
0.09076162428
0.09056515992
0.09276951849
0.08786739409
0.08852443099
0.0944121778
0.1015145108
0.1065825224
0.1006562412
0.09954510629
0.09429006279
0.09169948846
0.0875396207
0.08296666294
0.07146902382
0.06853502244
0.07234930247
0.06564348936
0.06668370962
0.06568264961
0.06230640411
0.06192251667
0.04608410597
0.02826588228
0.02749927528
0.0285851527
0.02990376018
0.04467302561
0.06564712524
0.07802394032
0.0783354044
0.07186336815
0.05942412466
0.04840729758
0.04400157928
0.04164719582
0.04402474687
0.04459327832
0.03496950865
0.03344835341
0.03569279239
0.03971835971
0.04315160215
0.04084495082
0.0383098349
0.03166956827
0.02139000595
0.02375784144
0.02305770107
0.01944846474
0.01536484808
0.01230281405
0.01126045361
0.01050518919
0.01494669635
0.0235211011
0.03101561964
0.0337241441
0.03394585103
0.03688690439
0.03463296965
0.03345189989
0.03337907046
0.03131248429
0.02728171647
0.02818541974
0.02280968614
0.01712397113
0.01720930636
0.01595858485
0.02050748654
0.0184674561
0.01630844176
0.01320069935
0.002404201776
-0.006154457107
-0.01048637182
-0.009378915653
-0.003107722849
-0.001505370717
0.0001407586969
0.004628020339
0.009838257916
0.01652010158
0.01472895592
0.01022738591
0.0127411345
-0.0002283863723
-8.31E-05
0.004100647755
0.00969682727
0.008883967064
0.01311062463
0.01123114489
0.01542596612
0.01234916691
0.01315390132
0.01032332517
0.007529873867
0.001271775458
-0.003125411691
-0.003230300266
-0.008553240448
-0.01135624945
-0.005362572614
0.001115565654
0.0089594936
0.01428109687
0.01704659127
0.020516783
0.01936128922
0.01307734475
0.004050866701
-0.01015689876
-0.01816675439
-0.02331340127
-0.02407046407
-0.02503846399
-0.02902707271
-0.02955030464
-0.02996800095
-0.03368756175
-0.02996117994
-0.03224676847
-0.03447831795
-0.03868927434
-0.03687283024
-0.03967651352
-0.03656285256
-0.03967616335
-0.03781975433
-0.03988475725
-0.03941074759
-0.04191881418
-0.04328726232
-0.03565170616
-0.04856519401
-0.06033585966
-0.06166766584
-0.06782530993
-0.07390009612
-0.07396195084
-0.07910656929
-0.07603636384
-0.07273043692
-0.06672798842
-0.06429880857
-0.06863459945
-0.07184566557
-0.08312273026
-0.0929685533
-0.1075180322
-0.1078956872
-0.105243668
-0.09987033904
-0.0977467522
-0.09950850159
-0.1000623256
-0.1010169983
-0.101849094
-0.09943604469
-0.09421920031
-0.08978748322
-0.09535253793
-0.09669661522
-0.09614973515
-0.09133270383
-0.09451980889
-0.09657803178
-0.09900452197
-0.0950654
-0.09562017769
-0.1006726921
-0.09508036822
-0.09820738435
-0.1091435105
-0.1017175317
-0.09560921043
-0.09681732208
-0.09094699472
-0.0836192593
-0.07879232615
-0.08052415401
-0.08513306826
-0.09135790169
-0.1057560742
-0.1108333468
-0.1102235913
-0.1095601097
-0.1065357849
-0.1052572876
-0.1035763845
-0.1136390939
-0.1148987114
-0.1168367863
-0.1216805577
-0.1194245964
-0.1237273738
-0.1210113466
-0.1131434217
-0.1122569218
-0.1202361509
-0.1227738038
-0.1157990694
-0.1100390404
-0.1018471569
-0.1044987515
-0.1031980589
-0.1082833558
-0.1112444699
-0.1064262837
-0.1112707481
-0.1066908389
-0.1015328169
-0.09572226554
-0.09905414283
-0.1043206081
-0.1021770388
-0.1059820503
-0.1076991707
-0.1030299589
-0.09833393246
-0.09905445576
-0.1014940068
-0.1046294495
-0.10801249
-0.1132428721
-0.1149511859
-0.1243527681
-0.1330659539
-0.1346182227
-0.1337694228
-0.1285866201
-0.1280832738
-0.1320027262
-0.1348406523
-0.1444078833
-0.1569346189
-0.1642730534
-0.1722553968
-0.1721684933
-0.1711821258
-0.1652889848
-0.1580703557
-0.1505248547
-0.1525383145
-0.1477767527
-0.1344039291
-0.1287606955
-0.122794345
-0.1285328567
-0.1383300126
-0.1351985335
-0.1332584023
-0.1317076385
-0.129661113
-0.1248173341
-0.1209950447
-0.1195578799
-0.1263899356
-0.1369825304
-0.1473053545
-0.1560947001
-0.1537370533
-0.1571177244
-0.1646879911
-0.1720232964
-0.1733748913
-0.1703297943
-0.1729867756
-0.1821252704
-0.1908828467
-0.191788137
-0.1921806037
-0.1997372806
-0.1962272823
-0.1886116862
-0.1856274754
-0.1842707694
-0.1876710802
-0.1822978407
-0.1725133508
-0.1681461036
-0.1636621803
-0.1713975966
-0.1656480283
-0.1716077775
-0.1879504621
-0.1962041706
-0.1945243776
-0.187756151
-0.1949101388
-0.1862566769
-0.1814970076
-0.1935023516
-0.2048648745
-0.1963519603
-0.1843891442
-0.1862684339
-0.1975332797
-0.1958606839
-0.1860171705
-0.1834708303
-0.1899486482
-0.1947406381
-0.2089203149
-0.2019971758
-0.1967728585
-0.1927625686
-0.1845132411
-0.1783708334
-0.1696532816
-0.162343666
-0.1566880494
-0.1505711675
-0.1525612772
-0.1455354542
-0.1446301937
-0.1416674703
-0.1423147023
-0.1358489096
-0.1443770081
-0.1641254574
-0.1757977158
-0.1844021976
-0.1846527308
-0.1804192662
-0.1808551103
-0.1836405843
-0.1783687621
-0.1703497916
-0.1608867943
-0.1574768275
-0.1523319632
-0.1400613487
-0.1410695165
-0.1354444325
-0.1330811679
-0.1407297403
-0.1383812279
-0.1342895776
-0.1289235204
-0.139815852
-0.1477493495
-0.1574230939
-0.1599862278
-0.153373763
-0.1521725506
-0.1488968432
-0.1472698003
-0.1452603638
-0.1537379622
-0.1519230604
-0.1513269842
-0.1518414915
-0.142811805
-0.1350340992
-0.1229941547
-0.1118769124
-0.115001753
-0.1218346432
-0.1270343959
-0.1312763989
-0.1312439442
-0.1426258385
-0.1514803767
-0.1562391818
-0.1603443027
-0.1695955247
-0.1789586246
-0.1756634861
-0.1674944907
-0.1712528914
-0.1674540341
-0.1700190306
-0.1671726853
-0.1727124602
-0.1825003177
-0.1861549616
-0.1821489632
-0.1806090772
-0.178445071
-0.1775124371
-0.1767205
-0.1646746099
-0.1525744796
-0.1389717311
-0.1284985244
-0.1265079081
-0.13361305
-0.1392539293
-0.1386013627
-0.1393212676
-0.1426243037
-0.1462897658
-0.1444749087
-0.1364872158
-0.1300266385
-0.127287969
-0.1306732744
-0.1385210901
-0.1447611451
-0.1521781534
-0.1556881666
-0.1491814852
-0.1440884322
-0.1457850337
-0.1486186832
-0.1422932446
-0.1346977055
-0.1260433346
-0.1150876135
-0.1156534031
-0.1144094914
-0.1134666651
-0.1149668097
-0.1210763678
-0.1336805373
-0.1423125267
-0.1426686198
-0.1422866583
-0.1382084787
-0.1380913854
-0.1341014504
-0.124126792
-0.1186827645
-0.1122837961
-0.1005750746
-0.100158006
-0.09453801811
-0.07984890789
-0.07382711768
-0.07396773994
-0.06510188431
-0.05157261342
-0.04819788039
-0.04992940649
-0.05291852355
-0.0577192679
-0.04754073545
-0.05048209056
-0.05099815875
-0.0554673411
-0.05647311732
-0.05478693917
-0.05921077728
-0.05777120963
-0.05909873545
-0.06261011958
-0.06658811122
-0.07445731759
-0.0720718056
-0.0706750229
-0.07334344834
-0.08142612875
-0.08996096998
-0.09441155195
-0.08878640831
-0.0827351138
-0.08051814139
-0.07407734543
-0.07072811574
-0.06241009012
-0.05775480717
-0.05181089416
-0.05269993842
-0.0655869469
-0.07659816742
-0.08597481251
-0.08503995091
-0.09526016563
-0.09927434474
-0.1017629504
-0.1069017053
-0.09984701872
-0.08947326243
-0.08301323652
-0.07662402093
-0.08209300041
-0.07858399302
-0.08163947612
-0.08169345558
-0.08509911597
-0.0836429894
-0.06843957305
-0.05783687532
-0.04946451262
-0.04239392653
-0.03577766567
-0.03113201074
-0.03805471957
-0.03856340423
-0.04407159612
-0.04267753288
-0.04033668712
-0.04138078913
-0.04003971815
-0.04362576082
-0.04127472639
-0.03147188202
-0.03683276847
-0.0383384116
-0.04043354839
-0.05028896779
-0.05278867483
-0.05039076507
-0.05323933437
-0.0525525324
-0.04877245426
-0.04416947812
-0.04848115146
-0.05904321745
-0.0683413893
-0.06879261136
-0.05771363154
-0.04052746296
-0.0298928991
-0.03276341408
-0.04467126727
-0.05615980178
-0.07030480355
-0.07958208025
-0.08823364973
-0.09807715565
-0.1003816202
-0.104599379
-0.1050858051
-0.1006188244
-0.09216311574
-0.08488330245
-0.08708968014
-0.08713854849
-0.08577667922
-0.07481764257
-0.0675053522
-0.05682693794
-0.04135575518
-0.02412173338
-0.01022958104
-0.0003510015085
0.005997751839
0.004359818529
-0.0005997433327
-0.004091336392
-0.01392862573
-0.02750377357
-0.04418689013
-0.05632697046
-0.06587331742
-0.06576308608
-0.05901155993
-0.05529026687
-0.05371577293
-0.04901225492
-0.04640517384
-0.04296934232
-0.04493391141
-0.05382082611
-0.05155132711
-0.04259339347
-0.03289938718
-0.0192511417
-0.009151152335
0.01361996215
0.0289121177
0.02976860851
0.02477519959
0.01660968363
0.01728895679
0.01933202706
0.02531072125
0.0175742507
0.004840023816
0.01164352521
0.02339809015
0.02676257305
0.03192274272
0.03025288135
0.03435669839
0.03525123373
0.02696805447
0.02683653869
0.03184850886
0.0274100434
0.02913125604
0.0438410975
0.03911780193
0.03650475293
0.04195300117
0.03933310881
0.03993950412
0.04362512752
0.04144412279
0.05143551528
0.05210496485
0.0553701967
0.05713814497
0.05851983279
0.04844713211
0.0591445379
0.07358319312
0.08644660562
0.08946793526
0.09758217633
0.09293403476
0.0877064243
0.08526849747
0.0725350529
0.07679479569
0.06632827967
0.06018401682
0.05631664023
0.05284506455
0.06258431822
0.06701226532
0.08187180758
0.09327489883
0.09901483357
0.1004149988
0.1058770716
0.1069859117
0.1011218876
0.09788960218
0.1026057079
0.09808512032
0.09561574459
0.09849917144
0.1005606279
0.1135278344
0.1102256849
0.1097565442
0.1060997844
0.1028528512
0.1018956527
0.1055678576
0.102285631
0.1085189059
0.1071174741
0.1114252284
0.1110117957
0.1111476794
0.119536154
0.1193555146
0.1298243105
0.1266082525
0.1286177784
0.1355765015
0.135191381
0.1367635131
0.1517514884
0.1601081043
0.1623997241
0.1686451137
0.1703325063
0.168707177
0.1693426818
0.1764064133
0.1776795983
0.1790767461
0.1792154908
0.1788115203
0.1797780544
0.1792552322
0.1774832606
0.1801880896
0.1810695976
0.1765042245
0.1640143543
0.2143392563
0.2182673514
0.2027845383
0.1876495034
0.1810892075
0.1753527075
0.1747689992
0.1813333631
0.1879904568
0.1925154924
0.1904438883
0.1869689077
0.1838954687
0.1834307164
0.1898005754
0.1987767369
0.205551371
0.2025457472
0.2039635479
0.2020233721
0.1996128261
0.2000790536
0.1990397424
0.2054176778
0.2125798315
0.2135062963
0.2083119005
0.2084100395
0.2089125365
0.2105942219
0.2139388025
0.2118241638
0.2168663293
0.2202647626
0.2213514447
0.2182750255
0.2138434052
0.2206380814
0.2257431895
0.2310239375
0.2373183966
0.2476527691
0.2483795732
0.2551707327
0.2566277087
0.2638559639
0.2729915679
0.2723620832
0.2776858807
0.2778219283
0.2841736972
0.2783411443
0.2700802088
0.2674514651
0.2672602832
0.2634943426
0.2745813429
0.2783007026
0.2801751494
0.2783128917
0.2747619748
0.2664700747
0.2672887146
0.2622337341
0.2598341703
0.2671611905
0.2766699493
0.2908266783
0.2873697281
0.2833797932
0.2887900472
0.2941643596
0.2999583781
0.2976053953
0.2844581604
0.2721212208
0.2632745206
0.2496711463
0.2340310514
0.2268748432
0.2306600064
0.2262665182
0.2186216712
0.2269493043
0.2467213869
0.247416839
0.2469393611
0.2592453063
0.2660441995
0.2673040628
0.2688843012
0.2759786546
0.2855888009
0.2879953384
0.2938699424
0.3007593751
0.2982105315
0.304628551
0.2987842262
0.2933074832
0.2884840071
0.2884627879
0.2951070666
0.2832562029
0.2683520913
0.2617506981
0.2841305733
0.2913698852
0.2858455479
0.2789996564
0.2721775472
0.2572220266
0.2480749935
0.2457505018
0.2402841598
0.2373930365
0.2419126183
0.2526681721
0.2560736537
0.2539936304
0.254193157
0.2553749084
0.2554171979
0.2606151104
0.254425019
0.2544300258
0.2466573119
0.2340568006
0.2256720513
0.2216797173
0.2169168293
0.2202328146
0.2198103219
0.2257442921
0.2312273681
0.2377979606
0.2345909476
0.2273351997
0.2281703949
0.2260654122
0.2274233997
0.2322585732
0.2391483337
0.2407337874
0.2430942357
0.2618556023
0.2600104809
0.2494214475
0.2399887592
0.2220364064
0.2020482123
0.1752323657
0.1545529068
0.1357304901
0.1195878685
0.1170235947
0.1239280328
0.1377386302
0.1588341743
0.1805830151
0.208971709
0.2288101912
0.2479384392
0.272816658
0.3043189645
0.3188830018
0.3303541541
0.3313497603
0.329154104
0.3323054016
0.3358005285
0.3264143765
0.3206190169
0.3146001995
0.3116842508
0.30317837
0.2944161296
0.2891871631
0.2931616604
0.2919968665
0.2850817144
0.2784304917
0.2837364674
0.2861679196
0.2831133902
0.2864437699
0.287085712
0.2888228893
0.2922868431
0.2882420123
0.3019494712
0.3048005104
0.2979724407
0.2899535
0.2792996466
0.2829862833
0.2812160552
0.2837644517
0.2764708698
0.2799248695
0.2844410837
0.2804808319
0.2811366022
0.2671445608
0.2618007362
0.2611421347
0.2479896992
0.2510540485
0.2493358105
0.2353866696
0.2273002565
0.2279252261
0.2162550986
0.202949658
0.2046405077
0.2105358094
0.1970282644
0.1877921075
0.1783155799
0.1719017029
0.1822481155
0.1805005223
0.1730963439
0.1747295409
0.1714168936
0.1766847521
0.2028804421
0.2214829773
0.2103010416
0.1797883958
0.1497139484
0.1304429173
0.1266060919
0.1267265677
0.1339323521
0.1575170904
0.178695038
0.2103967667
0.2278221101
0.2411319315
0.2378506958
0.2176684439
0.212884143
0.212884143