-0.008534
-0.008479
-0.008493
-0.008194
-0.008006
-0.008034
-0.011182
-0.020891
-0.033632
-0.047074
-0.060388
-0.072919
-0.088961
-0.103495
-0.120625
-0.134535
-0.151771
-0.165503
-0.180167
-0.195046
-0.209184
-0.22515
-0.239592
-0.254447
-0.269293
-0.283544
-0.298174
-0.312302
-0.326266
-0.340243
-0.354375
-0.368917
-0.383123
-0.396795
-0.410733
-0.424607
-0.438374
-0.451954
-0.465456
-0.478864
-0.492363
-0.505286
-0.517912
-0.52959
-0.542061
-0.555173
-0.568941
-0.580774
-0.5922
-0.605387
-0.617912
-0.631066
-0.643977
-0.657895
-0.670139
-0.682438
-0.694739
-0.707263
-0.719847
-0.732551
-0.745054
-0.757503
-0.768338
-0.780261
-0.792968
-0.80357
-0.816755
-0.82874
-0.840447
-0.852288
-0.863608
-0.875691
-0.88757
-0.899229
-0.911462
-0.924047
-0.936915
-0.949895
-0.963757
-0.974771
-0.986754
-0.998823
-1.010418
-1.02177
-1.033715
-1.044701
-1.055362
-1.065789
-1.077828
-1.093621
-1.107311
-1.121247
-1.133656
-1.145793
-1.158554
-1.171358
-1.184359
-1.196961
-1.209471
-1.22145
-1.233372
-1.245512
-1.258221
-1.270263
-1.282439
-1.294033
-1.305412
-1.317974
-1.33055
-1.342902
-1.355253
-1.36745
-1.379681
-1.391848
-1.403415
-1.414945
-1.42633
-1.437744
-1.449531
-1.461369
-1.47274
-1.4837
-1.495333
-1.506647
-1.518174
-1.529733
-1.54044
-1.551333
-1.561929
-1.572763
-1.58361
-1.594208
-1.604857
-1.614772
-1.624165
-1.633817
-1.644188
-1.653935
-1.663713
-1.673763
-1.683109
-1.692685
-1.702509
-1.711866
-1.7211
-1.729893
-1.738631
-1.747394
-1.755615
-1.763815
-1.772558
-1.781597
-1.790023
-1.7987
-1.807464
-1.815825
-1.82363
-1.83131
-1.838839
-1.847099
-1.855544
-1.86395
-1.872117
-1.879719
-1.886982
-1.894277
-1.90194
-1.910771
-1.918301
-1.926954
-1.934864
-1.942045
-1.949669
-1.955384
-1.962269
-1.969183
-1.975975
-1.982969
-1.989915
-1.995183
-1.999716
-2.005898
-2.012077
-2.019146
-2.025775
-2.032133
-2.03818
-2.045444
-2.05172
-2.057868
-2.065384
-2.07186
-2.078577
-2.085951
-2.093001
-2.09945
-2.106011
-2.11293
-2.120176
-2.126468
-2.132975
-2.139535
-2.145957
-2.151462
-2.156763
-2.161896
-2.167788
-2.173552
-2.17891
-2.183892
-2.189042
-2.19422
-2.199241
-2.204284
-2.208996
-2.213428
-2.217584
-2.221994
-2.22669
-2.231269
-2.235448
-2.238978
-2.242645
-2.246297
-2.250646
-2.254447
-2.258331
-2.261098
-2.265284
-2.26781
-2.271377
-2.274262
-2.277379
-2.280208
-2.28307
-2.285426
-2.288109
-2.291153
-2.294257
-2.297406
-2.300291
-2.302851
-2.304973
-2.306839
-2.308419
-2.310505
-2.311828
-2.313212
-2.314595
-2.316261
-2.318132
-2.320091
-2.321547
-2.323064
-2.324392
-2.325783
-2.326877
-2.327539
-2.328268
-2.32887
-2.329678
-2.330301
-2.330946
-2.331482
-2.331973
-2.332343
-2.332513
-2.332762
-2.333008
-2.33334
-2.333565
-2.333359
-2.333005
-2.332668
-2.332036
-2.331292
-2.330228
-2.329372
-2.328639
-2.328362
-2.327722
-2.326791
-2.325701
-2.324726
-2.323894
-2.322886
-2.321757
-2.320397
-2.318772
-2.316968
-2.315196
-2.313407
-2.311548
-2.309583
-2.307411
-2.30486
-2.302344
-2.299485
-2.296782
-2.294235
-2.291922
-2.289317
-2.286431
-2.283117
-2.279775
-2.276449
-2.273236
-2.2696
-2.265583
-2.261627
-2.257523
-2.253626
-2.250384
-2.24641
-2.242399
-2.238236
-2.234149
-2.229522
-2.225438
-2.220465
-2.215523
-2.21065
-2.205798
-2.200767
-2.1958
-2.190435
-2.184156
-2.179866
-2.175415
-2.170784
-2.166117
-2.161637
-2.155744
-2.150102
-2.144424
-2.138343
-2.132841
-2.127077
-2.121257
-2.11482
-2.108624
-2.102993
-2.09727
-2.092082
-2.08705
-2.08112
-2.075144
-2.06911
-2.063346
-2.057491
-2.051842
-2.045755
-2.039653
-2.033565
-2.02762
-2.021483
-2.015465
-2.009184
-2.004349
-1.996809
-1.989982
-1.983124
-1.974951
-1.967583
-1.959865
-1.951486
-1.94397
-1.936123
-1.92862
-1.921297
-1.913707
-1.906088
-1.898397
-1.890741
-1.882703
-1.87507
-1.86716
-1.859273
-1.851489
-1.843415
-1.835014
-1.826756
-1.817798
-1.808986
-1.799903
-1.791216
-1.781823
-1.772517
-1.763451
-1.754316
-1.745447
-1.73596
-1.726454
-1.716892
-1.706777
-1.696595
-1.686484
-1.676361
-1.666402
-1.656459
-1.645795
-1.634727
-1.624036
-1.613158
-1.602787
-1.592106
-1.580681
-1.568872
-1.557823
-1.546373
-1.535482
-1.52453
-1.513361
-1.502236
-1.490026
-1.478401
-1.466789
-1.455001
-1.443669
-1.432342
-1.42129
-1.409925
-1.398238
-1.387591
-1.371693
-1.361734
-1.350007
-1.337259
-1.326019
-1.314686
-1.302681
-1.291205
-1.279345
-1.268151
-1.256497
-1.24499
-1.23323
-1.221466
-1.208961
-1.197553
-1.185967
-1.174791
-1.163043
-1.151186
-1.138958
-1.126439
-1.113899
-1.101569
-1.088591
-1.077412
-1.067411
-1.055936
-1.043874
-1.032089
-1.020401
-1.008852
-0.999034
-0.989366
-0.976881
-0.965672
-0.951292
-0.938472
-0.926135
-0.913543
-0.901386
-0.889401
-0.877288
-0.865173
-0.853178
-0.841246
-0.829131
-0.816883
-0.804465
-0.7923
-0.78026
-0.767891
-0.755032
-0.742152
-0.72933
-0.716898
-0.704259
-0.690733
-0.677871
-0.664391
-0.650723
-0.638048
-0.624708
-0.611099
-0.597729
-0.584202
-0.570694
-0.557364
-0.543776
-0.530369
-0.516591
-0.50276
-0.489542
-0.476103
-0.462456
-0.447895
-0.433045
-0.419365
-0.40495
-0.390085
-0.375519
-0.361296
-0.347188
-0.331744
-0.318487
-0.303347
-0.288686
-0.273948
-0.25953
-0.24527
-0.231104
-0.216122
-0.201706
-0.187113
-0.172952
-0.158931
-0.144119
-0.129366
-0.114592
-0.098832
-0.082865
-0.066753
-0.051211
-0.040831
-0.028261
-0.014813
-0.002055
0.00964
0.024217
0.04035
0.055832
0.070557
0.085172
0.09929
0.113449
0.126983
0.140343
0.153196
0.166166
0.179266
0.192804
0.205876
0.219671
0.232272
0.245516
0.25818
0.271094
0.283696
0.296458
0.309177
0.321516
0.333906
0.346292
0.358986
0.371932
0.384321
0.396762
0.408881
0.421354
0.433465
0.445919
0.458288
0.470615
0.48319
0.495171
0.50794
0.520315
0.532211
0.544199
0.556114
0.568653
0.581265
0.593465
0.605998
0.618122
0.630377
0.642989
0.654994
0.66733
0.679877
0.69201
0.70411
0.716487
0.728664
0.74101
0.754225
0.767351
0.780526
0.79325
0.805489
0.817968
0.830444
0.843162
0.856714
0.870145
0.883862
0.899173
0.909801
0.922431
0.934624
0.947473
0.95965
0.971694
0.983385
0.99401
1.004444
1.017158
1.033846
1.047099
1.060751
1.07363
1.08654
1.099029
1.11164
1.123597
1.135791
1.148013
1.159906
1.17181
1.183418
1.195033
1.206303
1.217658
1.227997
1.24054
1.249773
1.263339
1.272887
1.284719
1.295679
1.306418
1.317073
1.327562
1.338138
1.348866
1.359545
1.369564
1.379497
1.389312
1.399026
1.408862
1.418946
1.428444
1.437358
1.4468
1.456087
1.465383
1.474191
1.482948
1.491855
1.500316
1.509271
1.517902
1.526793
1.535308
1.543949
1.55318
1.561807
1.57079
1.579593
1.587905
1.5964
1.604711
1.612822
1.62093
1.628831
1.636423
1.644169
1.651485
1.658939
1.666625
1.674443
1.682097
1.689672
1.69747
1.705074
1.712166
1.719348
1.726658
1.733869
1.741345
1.748688
1.756016
1.762842
1.77011
1.776996
1.784051
1.791388
1.798099
1.805453
1.812957
1.820336
1.827518
1.834511
1.841271
1.848068
1.855164
1.862418
1.868822
1.874903
1.881305
1.885986
1.892567
1.899266
1.905357
1.91119
1.916807
1.92194
1.927234
1.933053
1.93921
1.945012
1.951044
1.958247
1.963146
1.968908
1.974398
1.978622
1.983682
1.988001
1.992659
1.997271
2.002196
2.006426
2.010077
2.014972
2.018798
2.023722
2.026829
2.030992
2.03489
2.038507
2.041883
2.045834
2.049508
2.053092
2.056305
2.059187
2.062108
2.064819
2.067401
2.070559
2.073682
2.076496
2.078978
2.081447
2.083739
2.085916
2.087701
2.089529
2.091677
2.093587
2.095274
2.096653
2.098062
2.099378
2.100963
2.102571
2.104259
2.105794
2.107272
2.108386
2.109385
2.110307
2.11121
2.112152
2.112984
2.113477
2.113731
2.113898
2.113815
2.11387
2.113794
2.113649
2.113803
2.114206
2.114347
2.114275
2.113926
2.113468
2.11302
2.112566
2.111811
2.110953
2.109484
2.107872
2.106415
2.104482
2.103219
2.102763
2.101889
2.100935
2.099895
2.097903
2.095673
2.093525
2.091808
2.090437
2.088035
2.085405
2.083002
2.080671
2.078451
2.075692
2.072354
2.068983
2.065884
2.063005
2.059384
2.056246
2.052981
2.04975
2.04602
2.043852
2.03983
2.035109
2.031998
2.028674
2.025133
2.021657
2.018168
2.014385
2.01065
2.006296
2.001437
1.996514
1.99189
1.987294
1.982998
1.978251
1.973206
1.96816
1.963092
1.957747
1.952903
1.948852
1.94325
1.938346
1.933246
1.927696
1.920381
1.91478
1.909375
1.903763
1.89788
1.891976
1.885598
1.879463
1.872995
1.866937
1.861088
1.85525
1.849599
1.843465
1.83725
1.830917
1.824664
1.818498
1.812448
1.806234
1.799923
1.792936
1.786143
1.778903
1.772319
1.765231
1.757896
1.750012
1.74393
1.739048
1.730182
1.72439
1.715436
1.708124
1.700894
1.692718
1.684241
1.676414
1.668267
1.660542
1.651865
1.643194
1.634357
1.625722
1.617289
1.608649
1.599753
1.590271
1.581353
1.571853
1.562208
1.553029
1.543239
1.533986
1.52419
1.514638
1.504945
1.494927
1.484734
1.474158
1.464026
1.454319
1.444388
1.433726
1.422945
1.411864
1.401508
1.390987
1.380393
1.369298
1.357839
1.346754
1.335831
1.324815
1.313755
1.302872
1.291877
1.280608
1.269173
1.258046
1.246908
1.23572
1.224723
1.21327
1.201702
1.190805
1.179445
1.167738
1.156523
1.145378
1.133734
1.122046
1.110275
1.098829
1.087476
1.075888
1.064184
1.052868
1.040228
1.027196
1.017153
1.005095
0.994494
0.982994
0.972039
0.960794
0.949531
0.93919
0.928894
0.91768
0.908431
0.893301
0.882591
0.86963
0.857803
0.846017
0.834963
0.823064
0.811032
0.79979
0.788629
0.776821
0.765898
0.754419
0.742907
0.731192
0.719632
0.707625
0.696062
0.683631
0.672021
0.660134
0.6481
0.636277
0.623128
0.610708
0.598571
0.585447
0.572174
0.559048
0.545751
0.533086
0.52012
0.507314
0.493695
0.480413
0.466565
0.452965
0.43994
0.426674
0.413241
0.399397
0.385182
0.371554
0.357852
0.343973
0.329644
0.31589
0.30312
0.289183
0.27275
0.259138
0.245409
0.231125
0.215802
0.201126
0.186988
0.172245
0.158305
0.144463
0.129802
0.114034
0.098924
0.084519
0.069476
0.054838
0.040124
0.024661
0.008644
-0.007153
-0.019503
-0.032336
-0.044705
-0.057376
-0.069487
-0.080896
-0.097255
-0.112994
-0.127786
-0.142241
-0.157711
-0.169588
-0.185283
-0.198256
-0.212762
-0.227096
-0.240853
-0.254503
-0.268115
-0.281407
-0.294704
-0.308307
-0.321494
-0.334445
-0.347524
-0.360407
-0.373968
-0.387535
-0.400671
-0.413632
-0.426783
-0.439661
-0.452317
-0.464718
-0.477144
-0.489494
-0.502105
-0.514546
-0.525269
-0.537094
-0.548428
-0.564125
-0.574929
-0.585066
-0.600088
-0.610842
-0.624963
-0.637137
-0.650105
-0.663634
-0.676134
-0.68866
-0.701537
-0.714012
-0.726812
-0.739714
-0.752744
-0.765157
-0.778198
-0.791465
-0.803826
-0.817628
-0.829618
-0.842924
-0.85511
-0.868239
-0.880879
-0.894071
-0.906404
-0.919381
-0.932941
-0.947226
-0.9625
-0.977283
-0.988963
-1.002181
-1.014673
-1.026903
-1.039825
-1.050569
-1.062054
-1.076704
-1.089392
-1.104861
-1.119137
-1.132573
-1.146781
-1.160936
-1.174414
-1.187226
-1.200448
-1.213696
-1.226383
-1.239206
-1.251023
-1.264008
-1.27677
-1.288963
-1.300607
-1.31268
-1.325601
-1.33805
-1.350912
-1.363208
-1.375144
-1.387267
-1.399264
-1.411411
-1.423116
-1.434603
-1.445887
-1.456788
-1.467681
-1.478859
-1.490281
-1.501462
-1.512777
-1.523747
-1.53481
-1.545243
-1.555431
-1.56579
-1.576205
-1.586276
-1.5963
-1.606294
-1.615825
-1.625544
-1.634929
-1.644651
-1.654294
-1.663903
-1.673547
-1.683061
-1.69183
-1.700844
-1.71044
-1.719612
-1.728913
-1.73798
-1.746917
-1.755999
-1.764752
-1.773066
-1.781834
-1.790531
-1.7998
-1.808985
-1.817693
-1.826114
-1.834944
-1.84381
-1.852574
-1.861061
-1.869385
-1.877994
-1.88596
-1.894041
-1.902409
-1.911347
-1.920371
-1.929845
-1.938425
-1.947452
-1.95496
-1.961722
-1.968689
-1.976358
-1.984014
-1.991895
-2.000259
-2.007781
-2.015237
-2.023092
-2.031091
-2.039341