1.066255
1.066286
1.066285
1.066064
1.066064
1.067093
1.072215
1.0793
1.089616
1.095857
1.102511
1.110843
1.11782
1.125571
1.132701
1.139628
1.146159
1.155185
1.157561
1.164347
1.170744
1.177987
1.185396
1.192146
1.198968
1.205174
1.211964
1.219036
1.226203
1.233
1.239507
1.245784
1.252362
1.258619
1.264837
1.270556
1.276455
1.281692
1.286856
1.292065
1.297593
1.303385
1.309418
1.314825
1.320195
1.325575
1.33116
1.336675
1.342184
1.347274
1.352662
1.357886
1.363145
1.368108
1.37294
1.377913
1.382851
1.3875
1.391773
1.396299
1.400503
1.405001
1.409414
1.41401
1.41887
1.423217
1.42736
1.43119
1.43536
1.439571
1.443495
1.447952
1.452353
1.456542
1.460568
1.464264
1.467602
1.471176
1.474806
1.478153
1.481309
1.484483
1.487807
1.491184
1.494933
1.498153
1.501009
1.504227
1.506969
1.50964
1.512347
1.515423
1.518374
1.520938
1.523034
1.525454
1.527525
1.529424
1.531261
1.532909
1.534999
1.536726
1.538499
1.5401
1.541629
1.543623
1.545519
1.547448
1.548666
1.549948
1.551284
1.552814
1.554023
1.555294
1.556833
1.558347
1.559266
1.559726
1.560344
1.561153
1.562072
1.562334
1.562891
1.563416
1.563744
1.56373
1.563285
1.563664
1.565676
1.567843
1.568117
1.567344
1.566863
1.566592
1.566623
1.566564
1.566375
1.566004
1.565349
1.564369
1.56339
1.563016
1.562938
1.562157
1.560892
1.559584
1.558902
1.558534
1.558012
1.556997
1.555838
1.55484
1.553598
1.552156
1.550481
1.54918
1.547792
1.546403
1.544435
1.542328
1.540449
1.538148
1.535985
1.53363
1.531769
1.530137
1.528114
1.52566
1.523121
1.520805
1.518526
1.516298
1.51342
1.510658
1.507895
1.505229
1.502249
1.499193
1.496006
1.492953
1.489932
1.485971
1.482398
1.479017
1.475838
1.472311
1.46879
1.465289
1.461973
1.45834
1.454096
1.450081
1.446462
1.442992
1.43853
1.434279
1.430065
1.425634
1.421689
1.417056
1.412432
1.407918
1.40338
1.398692
1.393752
1.38915
1.384622
1.379996
1.374864
1.369891
1.364782
1.359811
1.354499
1.348804
1.343233
1.338237
1.332746
1.327237
1.320875
1.316043
1.316428
1.311897
1.307038
1.301168
1.294135
1.287715
1.280542
1.274347
1.268441
1.262561
1.256503
1.249508
1.243811
1.237462
1.232044
1.225652
1.21918
1.212609
1.206581
1.200707
1.194676
1.188095
1.181625
1.175499
1.168759
1.161214
1.154175
1.147391
1.140532
1.13387
1.127106
1.120209
1.113335
1.106196
1.098249
1.090339
1.082857
1.075673
1.068016
1.060526
1.052909
1.045663
1.038071
1.030538
1.022455
1.015063
1.007734
0.999559
0.991434
0.983471
0.975411
0.967271
0.957854
0.949645
0.94214
0.934646
0.92596
0.916481
0.908036
0.899814
0.891788
0.883099
0.874043
0.865462
0.857779
0.850114
0.841362
0.832863
0.824289
0.814229
0.805165
0.795937
0.787119
0.778306
0.769338
0.760114
0.750934
0.742301
0.734019
0.724666
0.71568
0.706385
0.697248
0.689088
0.680262
0.67008
0.660235
0.651176
0.641714
0.63226
0.622509
0.612918
0.60415
0.59513
0.585768
0.576053
0.566456
0.556821
0.54653
0.536352
0.526369
0.516717
0.507028
0.497122
0.48737
0.478099
0.46929
0.45924
0.448335
0.438321
0.428049
0.418017
0.407874
0.39798
0.388049
0.378336
0.367831
0.357163
0.34715
0.336907
0.3268
0.317015
0.307403
0.297938
0.28828
0.277388
0.266753
0.256424
0.246322
0.235812
0.22494
0.214027
0.203811
0.193516
0.183616
0.173897
0.163436
0.153734
0.142912
0.132255
0.121333
0.111616
0.101502
0.091376
0.080967
0.070762
0.060517
0.050734
0.039644
0.029012
0.018448
0.00806
-0.002885
-0.013867
-0.026333
-0.034952
-0.045652
-0.054998
-0.065625
-0.075534
-0.085675
-0.095731
-0.105822
-0.116574
-0.127351
-0.13902
-0.149216
-0.160586
-0.170823
-0.18167
-0.192147
-0.20295
-0.213653
-0.225094
-0.236377
-0.247124
-0.257888
-0.269139
-0.279911
-0.290352
-0.300652
-0.311639
-0.322584
-0.332811
-0.343383
-0.353164
-0.363426
-0.373587
-0.384529
-0.395616
-0.406342
-0.416767
-0.427481
-0.438088
-0.449006
-0.459326
-0.469659
-0.47926
-0.489183
-0.499355
-0.509712
-0.520893
-0.53124
-0.541704
-0.551536
-0.561454
-0.570969
-0.580483
-0.590495
-0.600519
-0.610557
-0.620719
-0.631659
-0.641738
-0.651284
-0.660883
-0.670091
-0.680192
-0.689899
-0.699498
-0.71042
-0.720252
-0.731079
-0.740894
-0.751233
-0.761107
-0.770378
-0.77986
-0.788921
-0.798574
-0.808615
-0.818997
-0.828956
-0.838448
-0.847976
-0.857451
-0.867182
-0.876815
-0.886108
-0.895938
-0.905977
-0.915371
-0.924842
-0.933831
-0.942961
-0.952509
-0.962044
-0.970874
-0.979275
-0.987464
-0.996263
-1.005431
-1.015612
-1.025031
-1.033698
-1.0432
-1.049791
-1.058529
-1.067237
-1.076761
-1.085964
-1.095348
-1.104075
-1.11238
-1.120985
-1.128786
-1.136855
-1.145511
-1.153034
-1.161486
-1.170037
-1.178414
-1.186712
-1.195199
-1.203628
-1.211684
-1.219814
-1.227818
-1.235602
-1.242848
-1.250679
-1.259272
-1.267658
-1.27585
-1.283747
-1.290942
-1.298243
-1.305688
-1.312524
-1.320007
-1.327206
-1.334586
-1.341927
-1.348882
-1.356211
-1.363217
-1.370991
-1.377508
-1.384238
-1.390875
-1.397499
-1.40461
-1.41179
-1.419142
-1.426224
-1.432976
-1.43965
-1.445551
-1.451848
-1.458054
-1.464537
-1.470692
-1.476886
-1.483009
-1.489161
-1.495553
-1.501545
-1.508123
-1.51371
-1.519288
-1.524509
-1.530378
-1.536339
-1.542223
-1.548702
-1.555249
-1.561097
-1.56373
-1.566992
-1.57181
-1.576925
-1.582122
-1.587738
-1.593566
-1.599252
-1.604776
-1.60998
-1.615093
-1.620237
-1.624926
-1.6295
-1.633797
-1.638106
-1.642182
-1.646554
-1.651007
-1.655521
-1.659984
-1.663919
-1.667421
-1.670843
-1.674591
-1.678555
-1.682309
-1.686223
-1.689944
-1.693727
-1.697507
-1.701113
-1.704527
-1.708188
-1.711607
-1.714681
-1.717505
-1.720608
-1.724053
-1.727933
-1.731405
-1.73432
-1.736816
-1.739034
-1.741498
-1.743152
-1.745544
-1.748488
-1.751192
-1.753621
-1.755921
-1.758321
-1.76038
-1.762551
-1.764355
-1.766592
-1.768713
-1.770349
-1.772366
-1.773768
-1.775147
-1.776748
-1.778369
-1.779463
-1.78018
-1.781171
-1.782452
-1.783511
-1.784873
-1.786396
-1.787859
-1.789201
-1.790246
-1.790772
-1.791792
-1.792923
-1.793683
-1.7941
-1.79463
-1.795328
-1.795797
-1.796064
-1.796219
-1.796389
-1.796861
-1.796789
-1.796154
-1.795567
-1.795092
-1.794988
-1.795024
-1.794835
-1.794103
-1.793497
-1.792811
-1.791922
-1.791
-1.79057
-1.790258
-1.78959
-1.788275
-1.787378
-1.786646
-1.785981
-1.783744
-1.781326
-1.779202
-1.777925
-1.776255
-1.774572
-1.772798
-1.771237
-1.770029
-1.76829
-1.765977
-1.763546
-1.761644
-1.759712
-1.757438
-1.755482
-1.753602
-1.75159
-1.74875
-1.745721
-1.742861
-1.740412
-1.737894
-1.73452
-1.731389
-1.728419
-1.725684
-1.722926
-1.719988
-1.716637
-1.713469
-1.710572
-1.707088
-1.703431
-1.699634
-1.696404
-1.69318
-1.689682
-1.685858
-1.682238
-1.678479
-1.674453
-1.669809
-1.66601
-1.662434
-1.658446
-1.653993
-1.649291
-1.644996
-1.64085
-1.636676
-1.632087
-1.627212
-1.622438
-1.617993
-1.613094
-1.608281
-1.603287
-1.598404
-1.593726
-1.588458
-1.58281
-1.577813
-1.572884
-1.56744
-1.561908
-1.556392
-1.551543
-1.546126
-1.540012
-1.53401
-1.528481
-1.523371
-1.518046
-1.511903
-1.50567
-1.49959
-1.493202
-1.4875
-1.48153
-1.475627
-1.469141
-1.46241
-1.455812
-1.449263
-1.443102
-1.436591
-1.429566
-1.422414
-1.415521
-1.409042
-1.402781
-1.395827
-1.388539
-1.381687
-1.375198
-1.368372
-1.36208
-1.35356
-1.34763
-1.340563
-1.332894
-1.325568
-1.318114
-1.310501
-1.301916
-1.294395
-1.287059
-1.280238
-1.272591
-1.264854
-1.256936
-1.249563
-1.242274
-1.234536
-1.226431
-1.217876
-1.2102
-1.202329
-1.194379
-1.185599
-1.177255
-1.168632
-1.160683
-1.152498
-1.144285
-1.135987
-1.127332
-1.118566
-1.110091
-1.101498
-1.093202
-1.084489
-1.075093
-1.065273
-1.055013
-1.04776
-1.038815
-1.030455
-1.022542
-1.012459
-1.003844
-0.994783
-0.985511
-0.975985
-0.966885
-0.957666
-0.948638
-0.940167
-0.931952
-0.921818
-0.912031
-0.901756
-0.892245
-0.883409
-0.874393
-0.864163
-0.854026
-0.84469
-0.835425
-0.825889
-0.815421
-0.805011
-0.795264
-0.786179
-0.77708
-0.76762
-0.757978
-0.748173
-0.737915
-0.727707
-0.717913
-0.707942
-0.69867
-0.689124
-0.679063
-0.669398
-0.659854
-0.649523
-0.638828
-0.628652
-0.61858
-0.609077
-0.599548
-0.589792
-0.580135
-0.57055
-0.561467
-0.550968
-0.540167
-0.529458
-0.519063
-0.508953
-0.499002
-0.488526
-0.478541
-0.468399
-0.457331
-0.446428
-0.43622
-0.425697
-0.415383
-0.403523
-0.392536
-0.38223
-0.372181
-0.362388
-0.35159
-0.341143
-0.330201
-0.320228
-0.309828
-0.299878
-0.288941
-0.277928
-0.267111
-0.256599
-0.245732
-0.235403
-0.224852
-0.213947
-0.203569
-0.193335
-0.182761
-0.172355
-0.161508
-0.150732
-0.140752
-0.130906
-0.120418
-0.109828
-0.099303
-0.08841
-0.077266
-0.063028
-0.054779
-0.044779
-0.03481
-0.02564
-0.013648
-0.003882
0.006021
0.016506
0.026901
0.038632
0.049527
0.059342
0.070499
0.081217
0.092172
0.10238
0.112658
0.123482
0.134531
0.145563
0.15615
0.165871
0.176287
0.18733
0.198055
0.208656
0.219747
0.23014
0.240517
0.250008
0.259789
0.269731
0.279813
0.28943
0.298793
0.308713
0.320067
0.330966
0.341392
0.351425
0.361393
0.371417
0.381462
0.391206
0.400755
0.41134
0.421712
0.432134
0.442557
0.45303
0.463014
0.472786
0.481763
0.491085
0.501736
0.512052
0.521704
0.531527
0.541688
0.551621
0.561733
0.571519
0.580883
0.590187
0.600097
0.609875
0.619731
0.630198
0.640247
0.649894
0.659158
0.668321
0.677425
0.686293
0.695518
0.704458
0.714407
0.723746
0.733522
0.741787
0.751239
0.760218
0.770062
0.778941
0.787498
0.796402
0.805507
0.814799
0.82469
0.833919
0.843061
0.851715
0.860643
0.869218
0.877672
0.88651
0.895716
0.905412
0.914377
0.92453
0.933673
0.941056
0.950797
0.957684
0.965796
0.973
0.981387
0.98954
0.997332
1.005293
1.012705
1.020139
1.027177
1.034143
1.040456
1.046339
1.055022
1.063868
1.071799
1.080268
1.087934
1.095399
1.102605
1.109967
1.117349
1.124686
1.131544
1.138051
1.144495
1.154953
1.157799
1.166268
1.173031
1.179614
1.186819
1.192792
1.199169
1.206112
1.213723
1.221234
1.228353
1.235275
1.241701
1.247867
1.253782
1.260014
1.266364
1.272859
1.278829
1.284894
1.290755
1.296825
1.302625
1.308443
1.313575
1.318844
1.323746
1.329234
1.335077
1.341076
1.346855
1.352423
1.35773
1.362921
1.368021
1.373037
1.378269
1.38337
1.388527
1.393864
1.398836
1.403705
1.408517
1.412831
1.417463
1.421668
1.425746
1.429782
1.434222
1.438629
1.443005
1.447616
1.452145
1.456664
1.461027
1.465122
1.468535
1.472387
1.47657
1.480561
1.484973
1.488787
1.492497
1.495795
1.499086
1.502025
1.505142
1.508355
1.511264
1.514317
1.51733
1.520302
1.52386
1.526646
1.529369
1.531653
1.53386
1.536249
1.538371
1.540943
1.543551
1.546138
1.54851
1.550303
1.551817
1.553407
1.555132
1.556973
1.558424
1.56012
1.561637
1.563299
1.565025
1.566163
1.567793
1.569451
1.57102
1.571915
1.572826
1.574059
1.575522
1.577131
1.578452
1.57942
1.57977
1.580175
1.580032
1.580214
1.58021
1.581882
1.583358
1.584043
1.584136
1.58407
1.584025
1.584154
1.583859
1.583921
1.584029
1.583626
1.582822
1.582225
1.582524
1.582956
1.582682
1.581626
1.580613
1.579824
1.579142
1.57831
1.577694
1.577148
1.5764
1.57535
1.574011
1.5729
1.571981
1.570963
1.569473
1.567746
1.566294
1.564928
1.563373
1.561454
1.559403
1.557906
1.556198
1.554105
1.551412
1.548951
1.54672
1.54425
1.542069
1.5395
1.537232
1.534459
1.531905
1.528936
1.526217
1.5238
1.520985
1.517813
1.514472
1.511513
1.508543
1.505358
1.501825
1.497945
1.494613
1.491203
1.487236
1.4834
1.479813
1.476183
1.472568
1.468732
1.464367
1.460504
1.456415
1.452115
1.447816
1.444019
1.440115
1.435572