42.04
42.046
42.074
42.122
42.129
42.194
42.36
42.662
42.95
43.196
43.443
43.753
44.091
44.394
44.699
45.052
45.496
45.982
46.566
47.179
47.805
48.263
48.624
48.901
49.189
49.441
49.758
50.187
50.692
51.158
51.408
51.512
51.491
51.589
51.809
52.18
52.599
53.058
53.529
53.973
54.362
54.681
54.961
55.192
55.427
55.703
56.075
56.531
57.041
57.571
58.209
58.925
59.673
60.188
60.506
60.756
61.338
61.996
62.858
63.435
64.189
64.45
64.531
64.213
64.131
64.173
64.389
64.694
65.165
65.678
66.068
66.257
66.375
66.543
66.841
67.216
67.615
68.032
68.46
68.911
69.32
69.655
69.881
70.051
70.254
70.578
71.04
71.618
72.224
72.796
73.24
73.583
73.855
74.116
74.38
74.662
75.013
75.417
75.869
76.273
76.636
76.91
77.15
77.369
77.627
77.932
78.274
78.663
79.088
79.535
79.937
80.271
80.556
80.825
81.113
81.41
81.724
82.06
82.465
82.961
83.486
83.938
84.249
84.475
84.709
85.018
85.406
85.831
86.253
86.654
87.054
87.472
87.886
88.229
88.466
88.633
88.838
89.164
89.614
90.104
90.547
90.92
91.267
91.622
91.971
92.262
92.495
92.74
93.096
93.599
94.17
94.697
95.1
95.386
95.591
95.786
96.013
96.313
96.672
97.102
97.595
98.122
98.596
98.937
99.166
99.355
99.59
99.903
100.296
100.76
101.26
101.739
102.136
102.417
102.609
102.759
102.941
103.2
103.557
103.994
104.455
104.903
105.295
105.658
105.976
106.277
106.552
106.857
107.239
107.717
108.223
108.67
108.99
109.225
109.43
109.675
109.936
110.22
110.531
110.941
111.527
112.237
112.956
113.464
113.78
113.987
114.264
114.626
115.035
115.417
115.783
116.156
116.561
116.95
117.29
117.558
117.788
118.005
118.236
118.509
118.827
119.19
119.529
119.842
120.116
120.39
120.636
120.868
121.091
121.365
121.718
122.155
122.629
123.069
123.456
123.776
124.051
124.264
124.471
124.795
125.298
125.978
126.631
127.182
127.559
127.863
128.135
128.405
128.662
128.899
129.174
129.528
129.982
130.472
130.906
131.212
131.387
131.521
131.711
132.005
132.391
132.918
133.564
134.315
134.965
135.476
135.775
135.951
136.073
136.278
136.645
137.149
137.682
138.16
138.534
138.834
139.08
139.307
139.52
139.748
140.041
140.458
140.986
141.55
142.031
142.383
142.62
142.823
143.054
143.344
143.699
144.117
144.603
145.109
145.568
145.93
146.204
146.446
146.707
147.029
147.4
147.808
148.226
148.683
149.16
149.603
149.94
150.163
150.368
150.634
151.017
151.46
151.918
152.338
152.737
153.14
153.551
153.935
154.232
154.453
154.664
154.959
155.368
155.854
156.328
156.742
157.082
157.418
157.758
158.11
158.406
158.669
158.945
159.324
159.81
160.339
160.805
161.154
161.406
161.635
161.905
162.243
162.637
163.072
163.557
164.074
164.583
165.009
165.33
165.563
165.788
166.071
166.45
166.894
167.366
167.852
168.33
168.763
169.082
169.291
169.451
169.655
169.961
170.364
170.859
171.389
171.925
172.37
172.712
172.937
173.107
173.285
173.546
173.939
174.429
174.939
175.355
175.651
175.851
176.039
176.235
176.44
176.663
176.968
177.436
178.045
178.659
179.108
179.328
180.622
180.673
180.807
181.028
181.328
181.663
182.01
182.358
182.705
183.03
183.301
183.507
183.701
183.959
184.332
184.787
185.258
185.687
186.114
186.556
187.019
187.426
187.783
188.122
188.481
188.877
189.298
189.741
190.168
190.554
190.888
191.193
191.478
191.757
192.05
192.391
192.816
193.293
193.775
194.188
194.539
194.834
195.143
195.435
195.75
196.039
196.396
196.809
197.312
197.784
198.169
198.405
198.568
198.733
198.996
199.336
199.721
200.122
200.559
201.07
201.598
202.077
202.386
202.556
202.672
202.894
203.289
203.792
204.307
204.747
205.153
205.52
205.871
206.16
206.41
206.662
207.017
207.518
208.122
208.694
209.135
209.424
209.62
209.802
210.033
210.35
210.741
211.184
211.661
212.135
212.56
212.876
213.106
213.294
213.53
213.854
214.319
214.897
215.541
216.12
216.6
216.951
217.228
217.438
217.665
217.965
218.384
218.86
219.324
219.721
220.082
220.44
220.797
221.1
221.346
221.572
221.888
222.312
222.828
223.323
223.742
224.051
224.313
224.593
224.934
225.283
225.61
225.921
226.301
226.771
227.291
227.747
228.091
228.344
228.593
228.899
229.251
229.614
229.965
230.338
230.749
231.182
231.6
231.968
232.274
232.554
232.861
233.246
233.677
234.138
234.595
235.042
235.456
235.81
236.087
236.289
236.479
236.725
237.073
237.503
237.962
238.419
238.852
239.258
239.612
239.894
240.121
240.362
240.689
241.159
241.714
242.28
242.73
243.045
243.259
243.453
243.682
243.944
244.25
244.622
245.104
245.718
246.362
246.924
247.281
247.509
247.715
248.01
248.4
248.831
249.276
249.7
250.129
250.532
250.884
251.124
251.295
251.474
251.767
252.185
252.681
253.158
253.552
253.851
254.099
254.35
254.618
254.908
255.221
255.598
256.038
256.51
256.941
257.327
257.656
257.971
258.247
258.529
258.824
259.18
259.602
260.06
260.518
260.905
261.23
261.5
261.786
262.092
262.426
262.764
263.119
263.505
263.927
264.359
264.74
265.031
265.25
265.47
265.766
266.129
266.526
266.905
267.298
267.71
268.17
268.612
268.984
269.245
269.447
269.688
270.049
270.523
271.04
271.489
271.852
272.164
272.492
272.825
273.115
273.364
273.616
273.958
274.423
274.984
275.534
275.967
276.258
276.468
276.67
276.92
277.224
277.601
278.035
278.518
278.983
279.376
279.655
279.853
280.019
280.237
280.537
280.94
281.41
281.925
282.418
282.84
283.144
283.35
283.521
283.747
284.113
284.619
285.204
285.751
286.218
286.61
286.949
287.221
287.423
287.593
287.823
288.181
288.673
289.203
289.669
290.003
290.267
290.513
290.812
291.129
291.461
291.808
292.249
292.815
293.464
294.037
294.441
294.67
294.841
295.064
295.394
295.799
296.207
296.587
296.962
297.363
297.782
298.153
298.464
298.73
299.019
299.368
299.778
300.231
300.673
301.082
301.442
301.778
302.09
302.379
302.646
302.914
303.22
303.58
303.999
304.44
304.854
305.223
305.541
305.828
306.075
306.317
306.559
306.82
307.089
307.445
307.879
308.371
308.76
309.08
309.32
309.601
309.894
310.249
310.753
311.495
312.434
313.315
313.823
313.963
313.919
314.03
314.332
314.76
315.217
315.681
316.18
316.676
317.109
317.416
317.579
317.691
317.857
318.198
318.691
319.266
319.789
320.222
320.56
320.85
321.117
321.381
321.665
322.012
322.473
323.027
323.578
324.024
324.358
324.669
324.983
325.281
325.502
325.732
326.048
326.481
326.963
327.405
327.767
328.041
328.266
328.505
328.81
329.194
329.633
330.089
330.551
331
331.401
331.713
331.929
332.124
332.377
332.747
333.186
333.635
334.04
334.427
334.824
335.236
335.611
335.913
336.154
336.42
336.767
337.208
337.687
338.125
338.49
338.773
339.069
339.381
339.717
340.001
340.271
340.604
341.065
341.624
342.172
342.627
342.966
343.224
343.474
343.759
344.095
344.455
344.83
345.227
345.654
346.077
346.462
346.746
346.957
347.128
347.366
347.7
348.171
348.74
349.358
349.925
350.373
350.682
350.896
351.091
351.334
351.663
352.089
352.581
353.098
353.566
353.952
354.243
354.458
354.628
354.795
355.054
355.452
355.985
356.526
356.967
357.263
357.47
357.669
357.896
358.117
358.318
358.517
358.841
359.21
359.429
0.587
0.735
0.839
0.968
1.195
1.548
1.982
2.436
2.878
3.283
3.666
4
4.279
4.496
4.72
5.011
5.424
5.917
6.414
6.842
7.21
7.552
7.887
8.192
8.468
8.745
9.051
9.418
9.836
10.271
10.66
10.981
11.264
11.547
11.856
12.177
12.534
12.926
13.39
13.862
14.304
14.646
14.93
15.201
15.506
15.813
16.13
16.444
16.836
17.286
17.811
18.306
18.718
19.001
19.227
19.466
19.785
20.158
20.564
20.975
21.398
21.839
22.265
22.635
22.886
23.046
23.193
23.44
23.824
24.294
24.758
25.157
25.494
25.799
26.08
26.329
26.555
26.814
27.156
27.63
28.184
28.747
29.188
29.471
29.644
29.802
30.03
30.331
30.739
31.229
31.787
32.297
32.708
32.982
33.198
33.418
33.71
34.066
34.478
34.95
35.459
35.972
36.401
36.712
36.914
37.078
37.294
37.624
38.057
38.534
38.975
39.388
39.82
40.294
40.783
41.194
41.516
41.783
42.11
42.568
43.13
43.67
44.087
44.363
44.578
44.808
45.178
45.656
46.23
46.743
47.225
47.661
48.04
48.372
48.633
48.96
49.294
49.666
49.93
50.137
50.304
50.565
50.92
51.34
51.74
52.082
52.356
52.598
52.842
53.152
53.537
53.993
54.468
54.929
55.321
55.617
55.831
56.034
56.314
56.815
57.551
58.457
59.251
59.854
60.297
60.695
61.061
61.324
61.518
61.943
62.525
63.202
63.462
63.565
63.601
63.781
63.983
64.184
64.433
64.725
65.053
65.441
65.918
66.476
66.991
67.365
67.563
67.689
67.864
68.161
68.572
69.029
69.498
69.954
70.388
70.786
71.116
71.368
71.54
71.753
72.123
72.692
73.336
73.915
74.349
74.667
74.917
75.15
75.39
75.65
75.95
76.317
76.753
77.221
77.626
77.952
78.177
78.403
78.642
78.949
79.291
79.665
80.082
80.521
80.98
81.363
81.671
81.909
82.162
82.467
82.812
83.169
83.523
83.906
84.348
84.821
85.258
85.581
85.811
86.029
86.323
86.707
87.128
87.543
87.939
88.333
88.738
89.129
89.465
89.704
89.894
90.107
90.45
90.896
91.408
91.839
92.193
92.478
92.791
93.121
93.448
93.749
94.066
94.464
94.952
95.492
95.981
96.376
96.652
96.862
97.062
97.308
97.629
98.029
98.498
99.014
99.509
99.934
100.235
100.458
100.656
100.912
101.24
101.648
102.106
102.593
103.057
103.444
103.715
103.878
104.005
104.176
104.464
104.896
105.418
105.959
106.421
106.804
107.118
107.387
107.613
107.821
108.086
108.472
108.989
109.541
110.018
110.344
110.595
110.872
111.228