0.1208416447
0.1189658567
0.1205414608
0.1152432114
0.1104017571
0.1115345433
0.1159849688
0.1224840581
0.1219314337
0.1171880513
0.123855181
0.1261466742
0.1239303648
0.1209207103
0.1178703308
0.121284306
0.1174396724
0.117094554
0.1187085137
0.128838554
0.1274584979
0.1226762906
0.1205284372
0.1272516102
0.1296940744
0.1270666718
0.1280239969
0.1256938577
0.1231724694
0.1287392974
0.129598394
0.1355863661
0.1325210184
0.1352655739
0.1291338652
0.1264700592
0.1225976422
0.1236074343
0.1107730865
0.1067457646
0.1130384877
0.1210844368
0.1253255159
0.1178021878
0.1137615144
0.1155289561
0.1132430136
0.1135883629
0.1144900322
0.1130495816
0.1155318767
0.117033951
0.114452824
0.1167083159
0.1188660488
0.1190737933
0.1199458316
0.1279365569
0.1220206395
0.1185022295
0.1168375686
0.12137869
0.1318744272
0.1321824491
0.1303093582
0.1261367947
0.1224234328
0.1213597581
0.122397095
0.1234866604
0.1255498827
0.1239386499
0.1184076294
0.1166231632
0.1219738498
0.1264961064
0.1264638156
0.127819851
0.1323152035
0.1330099851
0.1331546754
0.1347833127
0.1364836842
0.1341671944
0.1291979849
0.1345533878
0.131747961
0.1371900141
0.1378755122
0.1380811185
0.1326805651
0.1291027367
0.1258014441
0.1204445139
0.1224287897
0.1185679361
0.121955812
0.1234058142
0.1307422966
0.1312258393
0.1328024417
0.1274622679
0.12522614
0.1249176264
0.1188047677
0.1196259111
0.1179964766
0.1215855628
0.1217514575
0.1299437135
0.1348267943
0.1369614601
0.1379387826
0.1343155354
0.1372656971
0.1278380156
0.1205860004
0.1202258542
0.1216436923
0.1235496178
0.1278881431
0.1256787628
0.1238171756
0.1290705055
0.128070429
0.1234363094
0.1219292283
0.1231587827
0.1253160387
0.1261380911
0.1300819218
0.1295943707
0.1276056021
0.1266357601
0.1226871163
0.1285236478
0.1299590468
0.1286320537
0.126842469
0.1282120049
0.1256360263
0.122942239
0.1240535155
0.1225611567
0.1267736703
0.1274846792
0.1329068244
0.1305132359
0.1305818558
0.1264367849
0.1276574731
0.1285109222
0.1228717715
0.1212956607
0.1238609552
0.1222193614
0.1252133846
0.1238444149
0.1177136898
0.1162734628
0.1194932908
0.1152019426
0.1074053198
0.1107017845
0.1122621447
0.1157394946
0.1177361533
0.1183804944
0.1187245473
0.1225462556
0.1298170686
0.1348312944
0.1360592842
0.1344701648
0.1354651153
0.1328435093
0.1256143898
0.1196751446
0.1219388172
0.1331525743
0.1300811321
0.1315501779
0.1341688782
0.1298044324
0.1283507347
0.1261328161
0.1255968958
0.1273156106
0.1325155497
0.1307749599
0.1265923977
0.1289145947
0.1271330118
0.1273808032
0.1297551543
0.1329340935
0.12823084
0.1296844929
0.1222441271
0.1156368777
0.1104315221
0.1076738983
0.1195758209
0.1208956689
0.1180655733
0.1158967465
0.114231728
0.1161090359
0.1191323921
0.1156708747
0.1122177243
0.1149788126
0.1210976541
0.1242075861
0.1256680042
0.1227897704
0.1237896457
0.1241946444
0.1196234822
0.1192324236
0.119109042
0.1186622158
0.1217677966
0.1154890209
0.1186032817
0.1201263517
0.1240254864
0.1187731251
0.1212548465
0.1213401631
0.1194608212
0.1224139184
0.1199940145
0.1206757426
0.125617817
0.1215710118
0.1221183762
0.121912472
0.1140582711
0.1131632924
0.1121468097
0.1143348813
0.1194130108
0.1243380532
0.1274671257
0.1238072887
0.1219422966
0.1203163862
0.1219680384
0.1185332462
0.1143780723
0.1168068722
0.1230913252
0.125512749
0.1195082217
0.1183212698
0.1167942435
0.1133238673
0.1186322123
0.1283552498
0.1293760389
0.1273285449
0.1226266325
0.1269345433
0.1258063614
0.1285117716
0.1250472963
0.1209877282
0.1135969386
0.1054809019
0.1057303846
0.1076602861
0.1120376438
0.116663605
0.1180758253
0.1215117425
0.1276134402
0.1226053163
0.1227136925
0.1205662712
0.1242413148
0.1209965795
0.1183478832
0.1194308177
0.1229371428
0.128454268
0.1325651705
0.1355687529
0.1374125332
0.139438346
0.1347134113
0.1295110285
0.1258101761
0.1310183704
0.1318729818
0.1255859435
0.1219159588
0.1246687099
0.1275993139
0.1298572123
0.1291802824
0.1271146238
0.1261799932
0.1233297661
0.1278876662
0.130873695
0.1292607337
0.1227306873
0.1186776012
0.121376805
0.1247056872
0.1264172643
0.1276113987
0.1277792454
0.1210081875
0.123355709
0.121968329
0.1201181188
0.1202742383
0.124861598
0.1281013936
0.1316679716
0.1322906017
0.1280756593
0.1226230413
0.1221558377
0.1229601949
0.1248304322
0.1199971139
0.1208686605
0.1200064793
0.1162630245
0.1143859997
0.1147767976
0.1091532037
0.1120114923
0.1127469018
0.1176922917
0.1232436895
0.122383073
0.1223224923
0.1208455488
0.1161462665
0.1164143533
0.1263798922
0.1303476691
0.1302455217
0.1326494664
0.1363818347
0.1406974196
0.1472690552
0.1390776783
0.1390140653
0.1350177675
0.1314644963
0.1258759946
0.1221296191
0.1256701648
0.1242589727
0.1237903461
0.1209614798
0.1253674626
0.1264865398
0.127049759
0.122812748
0.1195121109
0.1160849556
0.1161084473
0.1192879826
0.1135814041
0.1098993197
0.1104493439
0.1095818579
0.1077972874
0.1072915345
0.1104388386
0.1211381555
0.1213237345
0.1218179017
0.1268628985
0.1211504638
0.1177185699
0.116637364
0.1183743328
0.1243315116
0.1230989695
0.1251756996
0.1229657233
0.1251818836
0.1253879368
0.1270754933
0.1220886037
0.1133700907
0.1139669195
0.1123950109
0.1164323166
0.1200058982
0.1259250939
0.1281224638
0.1217840165
0.1205575913
0.11697191
0.1142663732
0.1157564074
0.1247047409
0.1247889325
0.1249427497
0.1269250959
0.1264251918
0.1215764657
0.1195076779
0.1216350049
0.1170273423
0.1172018647
0.1129705086
0.1163942739
0.1173526645
0.1185895279
0.1216204464
0.1237158626
0.120384343
0.1188885272
0.1136868447
0.1136501729
0.1155974343
0.11288286
0.1087912694
0.1030016765
0.1025866717
0.1008815765
0.1006984934
0.1046332717
0.1116626114
0.1172596067
0.1173731163
0.118606694
0.1227266937
0.1263424903
0.1206190512
0.1281671226
0.1265832484
0.1176851019
0.1151420027
0.1185736656
0.121178396
0.1167303398
0.1153270751
0.1182171851
0.1248944253
0.1310968995
0.1353873909
0.1303652823
0.1179866269
0.11474213
0.110950008
0.1134203449
0.09600343555
0.09402848035
0.0965006277
0.1084455922
0.1131381392
0.1083857268
0.1130570099
0.1234816685
0.1262826025
0.1251211017
0.1234087422
0.121877037
0.120496057
0.1250685304
0.1262384355
0.129200846
0.1242409796
0.1181554645
0.118370682
0.1189557314
0.1213027313
0.1205641106
0.1170846522
0.1150437668
0.1127052605
0.1172944754
0.1111368388
0.1173125356
0.110583052
0.1145138592
0.1160574481
0.1204116046
0.1228809953
0.1172378734
0.1158555225
0.122846514
0.1271009743
0.1091803387
0.1023952886
0.1085479483
0.1045281664
0.1115493476
0.1122421473
0.1124578491
0.1144135594
0.1151456311
0.1157217696
0.1175317094
0.1178832874
0.1191789359
0.1216553748
0.1302695721
0.1307895631
0.1297177821
0.1243920028
0.1225821748
0.1281129271
0.121281065
0.1172367558
0.116640158
0.1125309095
0.1084083617
0.1151700243
0.1213148907
0.1206978112
0.1225026175
0.1334347725
0.1291813254
0.1319150776
0.1351257116
0.1278930604
0.1204271764
0.1234135255
0.1281735152
0.1229851916
0.1201782823
0.1226098463
0.1299130172
0.1277666539
0.1303155571
0.1357264966
0.129836604
0.1263935268
0.133787632
0.1401895136
0.1256033629
0.1271409392
0.1274967939
0.1194841862
0.1202816665
0.1261862069
0.1269364506
0.1256169975
0.1263127327
0.125722155
0.1233272403
0.1207950637
0.1222930327
0.1202838421
0.1059823185
0.1055353507
0.1111335605
0.1087273508
0.1048988998
0.11057432
0.1138238907
0.1226413324
0.1158592105
0.1056163758
0.1062528864
0.110972099
0.1182990372
0.116956152
0.1173759624
0.1193334907
0.1176742464
0.1199017018
0.130552873
0.1269810945
0.125037387
0.1193134859
0.1184359118
0.1199437529
0.1182654575
0.1146921366
0.1093033999
0.1068029478
0.1079600006
0.1099351346
0.1138949543
0.1165637672
0.1236325577
0.1185584292
0.1124025062
0.116866976
0.112893872
0.1109801978
0.110980235
0.1063212976
0.1076935157
0.1126341373
0.1161403134
0.1207884252
0.1185978949
0.1221469864
0.1231915355
0.1258597225
0.1284563392
0.1230608448
0.1167845279
0.1080371365
0.1057796702
0.1063346937
0.1088879481
0.1142593771
0.1197575852
0.1192501411
0.1229116395
0.1283102483
0.1277150065
0.1219331399
0.1182106882
0.1184513494
0.1199417785
0.1203550473
0.1201007962
0.1175466776
0.115452297
0.1165512428
0.118171908
0.1138149127
0.1132146567
0.1150819361
0.1196262836
0.127553314
0.1248138323
0.126094088
0.1301326603
0.1341616511
0.1326539963
0.135838449
0.1263029575
0.1238483042
0.126524806
0.1253900081
0.1244353727
0.1260401458
0.1266092807
0.1280259788
0.1276251972
0.1309645474
0.1309277117
0.1302477866
0.1344705373
0.1319215894
0.1264180988
0.1244859844
0.116713725
0.1245462969
0.1281165034
0.1156428158
0.1205942631
0.1210501716
0.1192742884
0.1184153631
0.1215553284
0.1176423132
0.1132067665
0.1166160554
0.1164048612
0.113829121
0.113708891
0.1187566295
0.1189615652
0.1177153513
0.1115048155
0.1029288471
0.09790450335
0.09085112065
0.0855814293
0.08329489082
0.07979919016
0.08909200132
0.09717722237
0.1028747633
0.0995310694
0.1011783108
0.1011741012
0.1060208455
0.1051677167
0.1057287976
0.1046046391
0.1154792234
0.125089258
0.1309378147
0.1260970384
0.1363297552
0.1402678788
0.1394557059
0.1385060996
0.1365382373
0.131760031
0.1345205456
0.1323222518
0.1278451979
0.1282931119
0.1270190328
0.1206822172
0.123883985
0.1228249595
0.127354905
0.1160598248
0.1153272018
0.1042736769
0.09906952083
0.1082588583
0.1124944463
0.1063382179
0.1082125157
0.1218593195
0.1259748787
0.1244377568
0.1124822199
0.106106028
0.106109798
0.1046337113
0.1062630787
0.1099233031
0.1204151958
0.1164863557
0.1117057949
0.1172612607
0.1219644696
0.1244834512
0.1207875535
0.1161568016
0.1202583686
0.1249048859
0.1299092323
0.1271280199
0.1254970133
0.1207205281
0.1151053607
0.1139993221
0.1131365225
0.1090973541
0.1164232716
0.1192960143
0.1181342229
0.1128830835
0.1094524115
0.1093708575
0.1165286452
0.1083882526
0.09553333372
0.1024419889
0.1043321639
0.1023964807
0.1040589213
0.1002411023
0.105940178
0.1131765172
0.12581411
0.1275512278
0.1121815518
0.1179703474
0.1139370501
0.1095523313
0.1149270013
0.1175862551
0.1121147573
0.1160980985
0.1238814294
0.1233033538
0.1232149154
0.1229071021
0.1261092573
0.1167341843
0.1093641669
0.1101042777
0.1115287617
0.1026827767
0.09947549552
0.1094909385
0.1184854805
0.1038525626
0.1163915023
0.1204301715
0.1155277491
0.110587202
0.1194595322
0.1211722642
0.1205705181
0.1278783977
0.1176989377
0.1056628823
0.114200905
0.1079976112
0.1106882095
0.09941059351
0.1113098338
0.1101890728
0.115333207
0.116109252
0.1256635487
0.1253698915
0.1314434111
0.1174110845
0.1257280707
0.120481424
0.1234691143
0.1086917743
0.1133606955
0.1135761812
0.1107856408
0.1140354872
0.1209046543
0.1257235557
0.1171094775
0.1170535088
0.1184086278
0.1199805215
0.1139231324
0.1124328673
0.1213798523
0.12130934
0.1114872769
0.1081330776
0.106790632
0.1116294935
0.1212045923
0.1164182723
0.1129768565
0.1191469058
0.1203762218
0.112554878
0.1182882041
0.12208049
0.1264536679
0.1127247736
0.1135300398
0.1122111827
0.1122900173
0.1025702208
0.1067267731
0.113850221
0.114067398
0.1171634868
0.1202472225
0.1235085428
0.1206813082
0.1217829511
0.1185013577
0.1156789809
0.1167505831
0.1162770614
0.1216985211
0.1187897697
0.1183063537
0.1234170422
0.1190360561
0.1208813563
0.1145373583
0.1111757159
0.09982423484
0.1046009585
0.1031714231
0.08970834315
0.1061280072
0.1163120791
0.1153653711
0.1137445122
0.1211386845
0.1159889102
0.1239906698
0.1190867722
0.1248420477
0.1208498552
0.1224432737
0.1265148818
0.1251001209
0.1411466449
0.134234786
0.1288409382
0.122318618
0.1308283061
0.1220658496
0.1297791302
0.1312978417
0.1226892173
0.1204661801
0.1220467612
0.1214621812
0.1244695708
0.1068921611
0.1016277969
0.1026425064
0.101557076
0.1048825979
0.1067286283
0.1109577194
0.110483624
0.1104118004
0.1083751395
0.111941956
0.110714972
0.1107523441
0.1090731099
0.1121463552
0.1074388474
0.1104848385
0.1109003201
0.1108437777
0.1102427468
0.1108373776
0.110932678
0.1119289249
0.1110908464
0.1091588959
0.1138101444
0.1086766869
0.1151756644
0.1223066151
0.1270105541
0.1353770196
0.134691596
0.1306832433
0.1223107725
0.1199872941
0.1167640314
0.1106183305
0.107562393
0.1133752838
0.1172668114
0.1178047657
0.1126470193
0.1083538383
0.1081653684
0.1150856838
0.1133513674
0.1077244729
0.1167370826
0.1188122183
0.1176169664
0.1230049133
0.1092124358
0.1096689031
0.1172693223
0.1199665144
0.125237599
0.125331834
0.1185202375
0.1208872423
0.1211021319
0.1216771528
0.1143342555
0.1153392792
0.1212377399
0.1136114448
0.111307241
0.1093271747
0.1094300747
0.1079682931
0.1068118587
0.1009626985
0.1038367525
0.102186732
0.1071803942
0.1055994704
0.1145133004
0.1063357219
0.1104135215
0.1117687225
0.1133778468
0.1167130098
0.1105080321
0.1157094091
0.1141164154
0.1170465052
0.1130544543
0.1076622158
0.1102230176
0.1173354909
0.117140919
0.1220303327
0.1154090241
0.1155715659
0.1126978397
0.113090843
0.1053804308
0.1060270295
0.106697619
0.1110970527
0.1090897098
0.1120247394
0.1209021732
0.1155998707
0.1195945367
0.1161866337
0.1146791354
0.1211377606
0.1206839755
0.121103704
0.123142451
0.1231810078
0.1151391193
0.1141988188
0.1154599786
0.1120385602
0.1159648746
0.1154103205
0.1235627234
0.1266738921
0.127657935
0.1212343499
0.1178493425
0.1202023253
0.1205875725
0.118241258
0.1178611666
0.1179594025
0.1161465794
0.1142357886
0.1168159321
0.1173731461
0.1187216267
0.1234959364
0.1188854948
0.1162056178
0.1196877211
0.1176184416
0.114012599
0.1126781702
0.1060209274
0.108559221
0.1069293842
0.1099293083
0.1077955291
0.1064742357
0.1107540578
0.1124387681
0.1120309681
0.1159417406
0.1181290075
0.1264931411
0.1247427016
0.1190461442
0.1137640178
0.1137266979
0.1175840572
0.1151092872
0.1178949699
0.1186381727
0.1135749072
0.1099212542
0.1137392148
0.1172283888
0.1153789908
0.1136755645
0.1225688756
0.1317161173
0.1257528663
0.122737959
0.1200919151
0.1095323637
0.109582454
0.1073363647
0.1109005362
0.1135520786
0.1152860969
0.1142110527
0.1106029972
0.1146994829
0.1156454235
0.1164445579
0.1134188995
0.1036368608
0.1046977788
0.1053883061
0.09859354049
0.09341379255
0.09718040377
0.1012383848
0.1080537438
0.1139858812
0.1156623662
0.1181798354
0.1215718687
0.119475998
0.1156504601
0.121089913
0.1178328618
0.1140137464
0.1153825149
0.1162157282
0.1101996601
0.1092212349
0.1067781299
0.1093691513
0.1023073569
0.1112122238
0.1077329665
0.1095575467
0.100920558
0.1104106009
0.1145943403
0.1213967502
0.1214776263
0.1249090284
0.124895446
0.1280838847
0.1210047752
0.1151995733
0.1107369959
0.11623656
0.110786058
0.1089259237
0.103648454
0.1171257794
0.1130458266
0.1180404574
0.1104120836
0.1168302074
0.115901567
0.1189488247
0.1067155153
0.1151278988
0.1186237782
0.1171933189
0.1047818214
0.09561433643
0.0968291387
0.1071894765
0.1023340449
0.1043925658
0.0960983634
0.1068533733
0.1078206375
0.1087900996
0.1100633517
0.1151505783
0.1195525974
0.1262568831
0.1242973506
0.1296802014
0.130571723
0.1364200562
0.1328758448
0.1312179267
0.1283859909
0.1291523725
0.1239651144
0.1239304096
0.121448338
0.1148424968
0.1158758849
0.1213132665
0.1207014546
0.1160231233
0.1128449738
0.107548967
0.1117685661
0.1113349944
0.1150409579
0.1194049343
0.1127452031
0.1061119363
0.09938594699
0.1023870111
0.1069586948
0.1125388965
0.1086524576
0.1094146892
0.1098697409
0.1062723473
0.1028078422
0.1048676521
0.1064639688
0.1048455313
0.1121322587
0.110433802
0.1155758202
0.1200202405
0.1288963854
0.1304126382
0.1210554764
0.1180167273
0.1177061126
0.1201159433
0.1150002405
0.1150150299
0.1078493893
0.1093418896
0.1068337038
0.1058110297
0.1040213555
0.113052994
0.1197840571
0.1195219085
0.1251723617
0.1250549406
0.1265818477
0.1287092417
0.1225080043