0.01493973138
0.01494931876
0.01472199716
0.0146073075
0.01451864504
0.01413354259
0.01351630091
0.01322765482
0.01349888321
0.01365585159
0.0143143681
0.01413534854
0.01369762577
0.01317534971
0.0132959649
0.01304732656
0.01360950531
0.01387138039
0.01383715564
0.01358099908
0.01303241702
0.01325767052
0.01410435601
0.01445551772
0.01475081755
0.01539403858
0.01546082566
0.01498506546
0.01517150026
0.01546474758
0.01565653055
0.01561317096
0.01635400724
0.01636584166
0.01696408751
0.01730770291
0.01694558166
0.01636305679
0.01575351851
0.01538881941
0.01503673391
0.01397365825
0.01307999294
0.01269852216
0.01272356004
0.01206705754
0.0119675531
0.01188427834
0.01185246501
0.0115742479
0.01180183894
0.01178380851
0.01171547346
0.01187506547
0.01216475082
0.01242116538
0.01342225803
0.01325258138
0.01387042955
0.01430896584
0.01488922391
0.01513096195
0.01550579355
0.01560552062
0.01636676441
0.0161288817
0.0159529487
0.01574262556
0.01498368811
0.01495586847
0.01514967378
0.01513444799
0.01580253732
0.01587283853
0.01565182529
0.01561287136
0.01583433921
0.0158357769
0.0157359791
0.01580367749
0.01661859542
0.01671887696
0.01683959826
0.01660438183
0.01642403173
0.01619088966
0.01652192267
0.01649156575
0.01623939665
0.01684267754
0.01725086939
0.01708594586
0.01719981056
0.01725364074
0.01704734043
0.01728858017
0.01715452642
0.01717033894
0.01658929024
0.01668848675
0.0161432763
0.01575772755
0.01559124566
0.01513398818
0.01532748036
0.01507651279
0.01483521583
0.01485695389
0.01553703368
0.01621367218
0.01687654858
0.01688650734
0.01646719055
0.01698027142
0.01662486217
0.01613032148
0.01592956594
0.01545995389
0.0151223899
0.01536520466
0.01561998699
0.01627191426
0.01639349069
0.01597105612
0.01606975017
0.01643066363
0.01648755437
0.01651783742
0.01654100276
0.01670008398
0.01660681197
0.01669335742
0.01654595042
0.01654371274
0.01647230985
0.01574209709
0.01587596046
0.01583277252
0.01584764461
0.0161619101
0.0162695247
0.01611197583
0.01610770749
0.016358338
0.01655538279
0.01685721257
0.01744507001
0.01730454457
0.01680970115
0.01628689558
0.01577103088
0.01563522839
0.01543666788
0.01469195025
0.01451606719
0.01481394175
0.01533753795
0.01542843497
0.01562331074
0.01566195778
0.01510231737
0.01464964032
0.0142055218
0.01378591892
0.01401879779
0.01432686624
0.01450649333
0.01480105351
0.01542252816
0.01565713601
0.01594935552
0.01621344227
0.01682462318
0.01667969312
0.01659545504
0.01626141142
0.0161207341
0.01618363463
0.01642518854
0.01629093922
0.01597249485
0.01617321189
0.01676636133
0.01676894855
0.01654771164
0.01668768676
0.01692359186
0.01705377362
0.01712642903
0.01671473033
0.01644095217
0.015742069
0.01585069476
0.01576533421
0.01624158335
0.01622733024
0.01666652399
0.01654355253
0.01651203048
0.0168325981
0.01659099009
0.01663099888
0.01642869851
0.01594589965
0.01600260834
0.01579313823
0.01550303261
0.01530009557
0.01505865609
0.01499669078
0.01508360554
0.01510950374
0.01502622378
0.01526207582
0.01557460922
0.01537742191
0.01537679149
0.01564619416
0.01551692162
0.0155969985
0.01526496473
0.01541005603
0.0154095026
0.0154453554
0.01504716809
0.01492585694
0.01510820441
0.01523604238
0.01527744518
0.01544594837
0.01578157429
0.01615423687
0.01611605692
0.01600768395
0.01600088456
0.01607873521
0.01564891558
0.01543666268
0.01527237997
0.01488771132
0.01502727136
0.01532486609
0.01590414316
0.01630613068
0.01653849773
0.01692262438
0.01698081861
0.01653549647
0.01651568609
0.01636217774
0.01586572914
0.01558675157
0.01525319689
0.01531274558
0.01513679178
0.01558775026
0.01577207637
0.0161912829
0.01664655237
0.01719838015
0.01688194564
0.01692152791
0.01757199876
0.01811573512
0.01793399726
0.01684452094
0.01629602315
0.01587301226
0.01576777162
0.01594016241
0.01532588558
0.0147610676
0.01425740871
0.0144371107
0.01504353329
0.01638811339
0.01731637691
0.01740002306
0.01653179509
0.0166972034
0.01657705426
0.01658572618
0.01647896983
0.01663040487
0.0167599895
0.01759558022
0.01807584388
0.01860714243
0.01948052819
0.01915690002
0.01890362716
0.01870993629
0.0185279342
0.01833567477
0.01824735769
0.01855424123
0.01850969778
0.01819995342
0.01824611974
0.01851604568
0.01833355673
0.01831229513
0.01841938333
0.01835099835
0.01846416813
0.01877409767
0.01864217756
0.018464965
0.01821040633
0.01831679546
0.01854500131
0.0183788159
0.01786315509
0.01735556907
0.01717757941
0.01769345972
0.01816762306
0.01848273744
0.01842379627
0.01858173213
0.01871339216
0.01855118692
0.01829257317
0.0176302242
0.01768136314
0.01767917851
0.01783191913
0.01773655715
0.01751260611
0.01691789623
0.01663551897
0.016761035
0.01648370631
0.01660221698
0.01698285136
0.01704094676
0.01689751473
0.0172949832
0.01751693791
0.01792226895
0.01824414941
0.01834625876
0.01822238431
0.01848542765
0.01856692246
0.01918129708
0.01950080359
0.01979816217
0.01982595891
0.01993164896
0.01974781802
0.02005811166
0.01955512583
0.01933744362
0.01908621806
0.01904154978
0.01936433115
0.02006428894
0.0198499336
0.01968562697
0.02005767473
0.01969989568
0.01965203369
0.01957607118
0.01907297508
0.01885098396
0.01839692956
0.0185178017
0.01790886992
0.0178601632
0.01721001379
0.01680675503
0.01671580912
0.01692120854
0.01732181142
0.01723358797
0.01673406634
0.01685775977
0.01696546487
0.0167513644
0.01684476645
0.01679897153
0.01697073605
0.01736402565
0.01722505129
0.01765382647
0.01779427909
0.01785580643
0.01782981356
0.01803804987
0.01764977971
0.01781516826
0.01842498429
0.01803663091
0.0179793667
0.01836133891
0.01832404633
0.01736358768
0.01677610683
0.01707995791
0.01731438474
0.01752700591
0.01767067512
0.01817480944
0.01815663128
0.01829072561
0.01830187343
0.01865826472
0.01826057155
0.01801853806
0.01807014305
0.01735758205
0.01697761866
0.01697402547
0.0170513955
0.01707191329
0.01722015669
0.01756517233
0.01717129081
0.01683007121
0.01721104473
0.01716043947
0.01691045915
0.01668621266
0.01622920694
0.01597653953
0.01573024706
0.01520483763
0.01498705867
0.01508357433
0.01538095476
0.0157044841
0.0158239612
0.01602462311
0.01685788356
0.01687472701
0.01666092615
0.01726427778
0.01785133107
0.01750664521
0.01724701509
0.01713354362
0.01729164488
0.01691538808
0.01674382537
0.01675914582
0.01674652806
0.01742523986
0.01757142036
0.01755892431
0.01727565863
0.01697520517
0.01675334305
0.01599893609
0.01604106085
0.01602085203
0.01607093194
0.01677788782
0.01659487872
0.01667990742
0.01667090156
0.01669308486
0.01708265852
0.01733412542
0.0176390813
0.01800455438
0.01763281663
0.01761580152
0.01801443305
0.01807624751
0.01810187628
0.01761035661
0.01772272536
0.01808822341
0.01747332448
0.01671675891
0.01676890069
0.0165439416
0.01685289221
0.01714731092
0.01751724376
0.01737661325
0.01717991799
0.01710503219
0.01736846356
0.01751183213
0.01766962859
0.01726733938
0.01775068647
0.01832916043
0.01911097922
0.01939109591
0.019874572
0.01710999129
0.01674956885
0.01641451613
0.01662696877
0.01692148422
0.01697413262
0.01726953336
0.01691895109
0.01708961811
0.01731889547
0.01747082153
0.01792619919
0.01826789732
0.01893092248
0.01854782052
0.01830647363
0.01795964475
0.01758676891
0.01708899081
0.01593041587
0.01565708607
0.01559139442
0.01605576441
0.01635751824
0.01678700707
0.01732422179
0.01783842306
0.01846151329
0.01914028232
0.01872756517
0.0190744419
0.01979420488
0.02027985935
0.02057934222
0.02067331227
0.02040519021
0.01956467368
0.01960610664
0.01973002477
0.01971513812
0.01992289797
0.02053982756
0.02080289378
0.02066919477
0.0210080529
0.02088844783
0.0201913675
0.01985363914
0.01941125896
0.01970871741
0.01984930942
0.02009184642
0.02091561
0.02071797223
0.02042889234
0.02017607305
0.01988181039
0.0195248407
0.01990848362
0.01984209184
0.01957948543
0.01924037348
0.01921641543
0.01935800406
0.01906455283
0.01915979621
0.01943929081
0.0192223805
0.01931097846
0.01900585094
0.01899359623
0.01921641127
0.01907194727
0.01867812816
0.01856247831
0.01857989913
0.01874024223
0.01900859524
0.01977126424
0.02001708233
0.01928384958
0.01904597728
0.0188017987
0.01913477082
0.01903201441
0.01860220934
0.01812730946
0.0180707485
0.0182581102
0.01816981185
0.01811038799
0.01810626841
0.01799900752
0.01810600834
0.01813271069
0.01801430197
0.01781372225
0.01787287355
0.01783985867
0.01783037532
0.0181611649
0.01821457168
0.0188077388
0.01899059394
0.01879575874
0.01882182859
0.01918896199
0.01899796548
0.01937269722
0.0191759333
0.01862244104
0.01762121315
0.01791541755
0.01771234527
0.01787904251
0.01756479158
0.01780697696
0.01732959181
0.01716425632
0.01787364129
0.01823248768
0.01863269005
0.01844165818
0.01871845008
0.01927502994
0.01982139617
0.02010666441
0.02008124579
0.02019182315
0.02006402263
0.01964787666
0.01934171508
0.01882174328
0.01841200138
0.01770351107
0.01806491659
0.01891962277
0.0190953061
0.01989356783
0.02015048798
0.02059075428
0.0206835488
0.02047433461
0.02059311783
0.02155895481
0.02220415968
0.0219108541
0.02206833639
0.02214722213
0.02214748221
0.02206940997
0.02234567757
0.02179835635
0.02167537449
0.02177461885
0.02153017811
0.0206637561
0.02011501176
0.01959498794
0.01986996973
0.02041675415
0.02130135016
0.02200475966
0.02328726106
0.02388233608
0.02447834113
0.02447113603
0.02398494476
0.02339057298
0.02324466921
0.02308593024
0.02246399682
0.02242476305
0.02212107322
0.02164949397
0.02111493928
0.02047841049
0.02016202071
0.02002547961
0.01921545628
0.01831089905
0.01762677666
0.0171194892
0.01684909721
0.01676370337
0.01657195265
0.01705014091
0.01742846687
0.0178632612
0.01814840461
0.01835418166
0.01867939732
0.01944515392
0.01978354183
0.02041810238
0.0205733397
0.02114898405
0.02155483316
0.02207301773
0.02210065634
0.02203933082
0.02202096333
0.02163986706
0.02178339063
0.02205083651
0.02204943211
0.02189662908
0.0221664281
0.02193069881
0.02126436551
0.02130027865
0.02095572594
0.02058153516
0.02030127907
0.02065523607
0.02039110666
0.02061429204
0.02046332826
0.02028887457
0.0204983301
0.02136347463
0.02145491052
0.0208405255
0.02029667471
0.01985703259
0.02024797424
0.02016015442
0.02009420581
0.01998819536
0.02025785706
0.02053043576
0.02040155333
0.02051825804
0.0209520204
0.02057478155
0.0203604491
0.01985803128
0.0198933036
0.01980944523
0.01991202063
0.01978357512
0.01923869236
0.01874202738
0.01854212801
0.01840090765
0.01849435964
0.01881560137
0.01856631492
0.01894338108
0.0186620306
0.01861731238
0.01838088817
0.01885129189
0.01898129368
0.01857787055
0.01794916687
0.01827416407
0.01859372052
0.01873586674
0.0184128149
0.01854553603
0.01902592451
0.01968888934
0.0199115629
0.01963204957
0.0189516993
0.01855164049
0.01904166421
0.01858282028
0.01865083284
0.01852386455
0.01831451512
0.01828294834
0.01891589851
0.01917372579
0.01893881418
0.01893494219
0.01893735984
0.01910212629
0.01961791193
0.02001878426
0.01969924862
0.01913127542
0.01840818141
0.01823339898
0.01816949768
0.01792504238
0.0179230783
0.01860124187
0.01851067982
0.01891009573
0.01925929649
0.01988393052
0.01969049972
0.01987693972
0.02034802587
0.02008379868
0.0210618758
0.02145548268
0.02057158368
0.0204433712
0.01979841184
0.02078238744
0.02036701754
0.02045811221
0.02058979304
0.02098440486
0.02070973516
0.02023291697
0.01972374554
0.02048156467
0.02010042679
0.02065761419
0.02030206762
0.02080953712
0.01971145131
0.01998350153
0.02005006808
0.02029986427
0.01984197949
0.01978100766
0.02077013274
0.02088360005
0.02145507073
0.02154457999
0.02122016951
0.02177211589
0.02091063321
0.02121576906
0.0213334142
0.02089509741
0.02131985496
0.02104364979
0.02004686188
0.02113858316
0.02169628238
0.02130462917
0.02227132128
0.02303178485
0.0221289025
0.02138251207
0.02181133926
0.02225372777
0.02111147301
0.02083342443
0.02177710724
0.02236763408
0.02155760451
0.02147709174
0.02229299899
0.02242970862
0.02201758028
0.02151489822
0.02214329397
0.02066231009
0.0218072176
0.02100785524
0.02109383581
0.02133037653
0.02108720912
0.02073680162
0.02045793536
0.02039714247
0.02026831205
0.02052826778
0.02117306069
0.02124240067
0.0212616316
0.02079003987
0.02010826855
0.02017340989
0.0196441191
0.01910287531
0.01935053472
0.0198903013
0.01983035729
0.02059866678
0.02051421128
0.02093813451
0.02127655987
0.02165319535
0.02186869709
0.02172512774
0.02190731917
0.02122780946
0.0221716712
0.02298582867
0.02260381694
0.02183322712
0.02243828899
0.02231442288
0.0224462972
0.02302704109
0.02369578373
0.02355191269
0.02387811663
0.02354954705
0.02487125518
0.02431736969
0.02414631984
0.02398048397
0.0242982303
0.02461701068
0.02447470217
0.0244862037
0.02464651559
0.02474580781
0.02458142627
0.02432861738
0.02398426441
0.02376526934
0.0238109384
0.02412591129
0.02383895568
0.0240878052
0.02444827238
0.02461777218
0.02477223344
0.02455885598
0.02465527489
0.02473332008
0.02462243687
0.02406699093
0.02407672187
0.02390169185
0.02412761322
0.0238359513
0.02358456554
0.02357103127
0.02338766015
0.02358751583
0.02350172043
0.02295221459
0.02273011735
0.02283385372
0.02257760561
0.02305329611
0.02352809404
0.02396954628
0.02411891841
0.0241790039
0.02359430481
0.02381942098
0.02425940432
0.0240022678
0.02350640176
0.02285919744
0.02228593537
0.02252981851
0.02210594522
0.0214411349
0.02067573408
0.02053279723
0.02058098172
0.02120230553
0.02134273318
0.02175707527
0.02203136422
0.02229537503
0.02251607202
0.02272773923
0.0231462446
0.02273182344
0.02272189693
0.02220110953
0.02218559038
0.02205086563
0.02216127447
0.02192738026
0.02176058316
0.02164829347
0.02180418202
0.02149135838
0.0221685399
0.02195216847
0.0221821574
0.02274156895
0.02249638336
0.02268629171
0.02189015843
0.02185941348
0.02175727501
0.02179318607
0.02208449845
0.02200730215
0.0214032764
0.02128357355
0.02109034249
0.02095002927
0.02038480662
0.02065775359
0.02026300861
0.0199346138
0.02028677941
0.02003125742
0.02003778633
0.02040150131
0.02057455269
0.02093981771
0.02180740486
0.02137281858
0.02154112412
0.02166864792
0.02124275021
0.02112546709
0.02059558334
0.02001745476
0.02020602529
0.02059809878
0.02062590592
0.02100982348
0.02138970469
0.02170640863
0.02216478859
0.0222949277
0.02232074788
0.02248161114
0.022529702
0.02251085389
0.02243623129
0.02218209082
0.02186778995
0.02164590286
0.02142681209
0.02168776651
0.02198965246
0.02198144243
0.02203262298
0.02165735654
0.02138400386
0.02188828173
0.0220670485
0.02180794789
0.02146293537
0.02133284412
0.02108524712
0.02086997007
0.0209594398
0.02117052445
0.02114577161
0.02064715712
0.02072630085
0.02072564339
0.02072978585
0.02067425894
0.02024922675
0.02038570128
0.0206281488
0.02146780396
0.021870605
0.02206235884
0.02198745119
0.02193984095
0.02234467888
0.02195007123
0.02138740147
0.02062795739
0.02057145676
0.02039280235
0.02044472358
0.02083168505
0.02164177704
0.02176374566
0.02121895029
0.0213872475
0.02107095759
0.02087798868
0.0208171729
0.02062796571
0.02128445365
0.0214376832
0.02167065778
0.02185825667
0.02206229018
0.0221397632
0.02193522203
0.02186839333
0.021425803
0.02128397511
0.02132772793
0.02123942542
0.02117916516
0.02141801326
0.02143006822
0.0218913943
0.02234391738
0.0229286144
0.02367043168
0.024198239
0.02373166566
0.02403918379
0.02379795965
0.02417431008
0.02407476611
0.02364214392
0.02322310176
0.02268199944
0.02241161369
0.02237611875
0.02263218377
0.02240622079
0.02182737232
0.02151031259
0.02072752008
0.02087521317
0.02100847734
0.0211324454
0.02104490231
0.02117081365
0.02146850304
0.0214704484
0.02139359748
0.02153732079
0.0217024555
0.02214332726
0.02213085617
0.02272923102
0.02255432376
0.02294041345
0.02338375904
0.02419441071
0.02484530808
0.02547812301
0.02466637903
0.02455924713
0.02408296366
0.02350935205
0.02265222197
0.02273841269
0.02199710515
0.02141005082
0.02042453974
0.02086502242
0.02148148804
0.02212272729
0.02238142426
0.02314457804
0.02344253791
0.02351563752
0.02387460251
0.0251432742
0.02598847414
0.0262918394
0.02623413619
0.02599923914
0.02589826996
0.02578352309
0.02559665865
0.02581172347
0.02610690991
0.02655673654
0.02642640186
0.02606645483
0.02585287139
0.0261492292
0.02571731025
0.02514974485
0.02510177466
0.0252593048
0.02494186224
0.02570864665
0.02617561322
0.02621072118
0.02555568134
0.02516948761
0.0249751892
0.02482948932
0.02498638488
0.02540007783
0.02479188674
0.02483906006
0.02454496177
0.02443569726
0.02432001204
0.02451154118
0.02506377052
0.02483699195
0.02524420176
0.02529467491
0.02486501339
0.02496035456
0.02475683288
0.02502834215
0.02485652249
0.02422276505
0.0243279079
0.02459356446
0.02452316546
0.02495283113
0.02467381507
0.0246738234
0.0245608055
0.02479036582
0.02514990921
0.02515482774
0.02485697398
0.02494328328
0.02471050636
0.02452216053
0.02470596026
0.02429890649
0.02436831305
0.02478418646
0.02509906364
0.02518928863
0.02536478678
0.0246814134