4.442808257
4.437675901
4.252949641
4.164607974
4.096439347
3.801019398
3.338004213
3.121854529
3.330924798
3.458139651
3.935831547
3.794695857
3.472326106
3.094878621
3.196671814
3.016981983
3.445254272
3.64072184
3.612772099
3.41038054
3.013689528
3.195828817
3.826147208
4.069571811
4.273894947
4.737941642
4.765303987
4.399632051
4.526074942
4.715698296
4.834628889
4.771341874
5.299693738
5.273212032
5.693878829
5.914173983
5.613298989
5.14728095
4.692493563
4.411825305
4.130697754
3.329957643
2.672759573
2.419094392
2.463397427
2.000859901
1.959216996
1.927027073
1.932780218
1.760866026
1.957182359
1.97158313
1.954375758
2.097020313
2.332563029
2.541871899
3.289490138
3.159530763
3.627232672
3.952097414
4.371369335
4.526407648
4.765739601
4.817471454
5.354846453
5.157779406
5.008383134
4.831981508
4.255415187
4.221980652
4.349035528
4.32708846
4.810304916
4.843183322
4.651382199
4.597250066
4.74146268
4.720031672
4.620086272
4.650442669
5.228416919
5.270290532
5.325705526
5.126516568
4.975858077
4.771154272
4.998118422
4.941610294
4.730807889
5.155052188
5.438155332
5.289742911
5.349861932
5.367874811
5.180349387
5.337347812
5.200715493
5.181356005
4.707850864
4.760881363
4.330843546
4.038920654
3.910444796
3.564730369
3.718781492
3.528637525
3.352756207
3.368439536
3.879354989
4.36643885
4.839899367
4.82092328
4.482360213
4.857604431
4.563251813
4.191636398
4.043046696
3.684999376
3.429555765
3.611094604
3.794516754
4.282232028
4.36415787
4.02510303
4.093086483
4.362485233
4.393729553
4.399881581
4.399323934
4.50241122
4.409888567
4.460956222
4.338248079
4.324892782
4.264796224
3.696905155
3.793214768
3.759636344
3.770894621
4.0007572
4.078476556
3.95655343
3.945224726
4.12888487
4.259664475
4.472281586
4.887055903
4.762343935
4.370302612
3.97259466
3.578434461
3.476230849
3.339066383
2.790875704
2.671045651
2.912223881
3.310365018
3.385741164
3.544797449
3.577023192
3.156083794
2.834207942
2.529800223
2.233806083
2.42916376
2.673679979
2.820883913
3.052489252
3.52264669
3.6921562
3.89559809
4.077917999
4.521056726
4.399703996
4.32115682
4.065423913
3.965159468
4.014708392
4.182087187
4.054277044
3.816305361
3.958285566
4.385907014
4.380869673
4.206528639
4.303062587
4.465808692
4.543733864
4.571552466
4.252164624
4.044864437
3.515881767
3.600771608
3.537356793
3.887542109
3.866704872
4.195885383
4.091466969
4.072139962
4.312605423
4.129401233
4.154061251
3.975580212
3.608411706
3.655002096
3.501921771
3.290953013
3.143551763
2.968454855
2.938993669
3.020347293
3.046462294
2.986202115
3.167763114
3.404898782
3.266989674
3.27116125
3.475793717
3.389767029
3.453390697
3.211681837
3.326290894
3.326280876
3.367399829
3.074494604
2.99276365
3.131802016
3.242186677
3.275384128
3.40470268
3.657265469
3.924769676
3.895108744
3.809551366
3.793084843
3.853369003
3.533577118
3.380027787
3.276025559
3.002613997
3.116574641
3.338956493
3.758322216
4.041136975
4.198103222
4.474588976
4.504901355
4.166233862
4.13924399
4.023409143
3.660583423
3.452944761
3.20370873
3.250744448
3.137875117
3.47616103
3.614999651
3.925201344
4.242500362
4.617107703
4.366507455
4.385282886
4.853918861
5.221276488
5.061924835
4.235428536
3.829591445
3.523562239
3.45933964
3.599009419
3.152547274
2.747801799
2.391652817
2.537975504
2.99570397
3.980084494
4.640573197
4.692437404
4.038572466
4.155149831
4.051939602
4.055656743
3.974127658
4.076301217
4.156767827
4.747148433
5.070481089
5.427571878
6.031279246
5.746117937
5.531654247
5.364436645
5.206722417
5.028404088
4.936698022
5.149238331
5.09507402
4.836415667
4.84326073
5.016262137
4.857400436
4.82238494
4.881594181
4.813121686
4.867107501
5.069197317
4.947819391
4.803076147
4.599428745
4.655989389
4.801230782
4.653072747
4.248398306
3.858644641
3.732053915
4.110031423
4.456153233
4.678198433
4.614974862
4.706143013
4.77976547
4.630921077
4.418014367
3.915341586
3.956433522
3.949276091
4.055761776
3.973555744
3.807610986
3.359455864
3.15504348
3.262123543
3.065029176
3.162193019
3.461338305
3.502941139
3.397283273
3.68876539
3.843647064
4.142142723
4.372024123
4.436434021
4.337092714
4.518700462
4.546845699
4.979254957
5.192267308
5.380166723
5.362476836
5.401445342
5.221026351
5.436740117
5.029872427
4.84982348
4.646843614
4.604323107
4.831530715
5.322387572
5.134469944
4.985030565
5.24204087
4.93888004
4.877252305
4.796550433
4.406897247
4.23227906
3.88784628
3.972772245
3.508123583
3.481917817
3.005727045
2.716447892
2.666165557
2.838093561
3.149634881
3.088276712
2.712412312
2.82011286
2.913592043
2.760407596
2.853101763
2.83763184
2.980394633
3.278684475
3.173351119
3.498962933
3.601205704
3.650146894
3.626812539
3.77922138
3.488243179
3.619652679
4.080162551
3.786291385
3.743742038
4.014565717
3.974463096
3.255342532
2.834720662
3.077895735
3.259818582
3.426826421
3.539191533
3.905057446
3.871416184
3.96448252
3.966010965
4.216446074
3.916046765
3.741753998
3.78034821
3.254450054
2.990714593
2.998847679
3.072071253
3.091659628
3.207431335
3.463694872
3.174873493
2.931043025
3.22521988
3.197393082
3.030308137
2.877879564
2.556443577
2.395139097
2.243402347
1.894388787
1.767530621
1.871688274
2.116898895
2.371467938
2.470645017
2.62818333
3.247264391
3.264033568
3.109686167
3.549022452
3.982535469
3.715791994
3.529092871
3.461962736
3.581789146
3.307253487
3.187736105
3.210395637
3.210462725
3.699625391
3.792771565
3.770790195
3.557566867
3.350424229
3.214162562
2.685031146
2.73616771
2.733699128
2.822939648
3.338583717
3.209977629
3.256549502
3.247338461
3.278385465
3.553435665
3.71517758
3.926442313
4.184932795
3.911368541
3.896564334
4.179516911
4.206400232
4.21212302
3.844285762
3.928788559
4.194637735
3.743592078
3.198762762
3.239870484
3.086419204
3.321850664
3.540192687
3.809571402
3.697997074
3.565532992
3.503602301
3.704015837
3.799516452
3.906953507
3.606565126
3.949914486
4.368217127
4.918845122
5.086021742
5.371710038
3.414659881
3.170183126
2.930313561
3.099333422
3.309207528
3.351222602
3.567200166
3.313486262
3.440091256
3.606753032
3.713170719
4.032090465
4.26572938
4.722159351
4.409999975
4.221640357
3.965412033
3.703121841
3.348896392
2.51571698
2.350744992
2.3318281
2.686216564
2.923538924
3.248697213
3.628009492
3.98541022
4.426738188
4.896816699
4.556726098
4.798253427
5.291325086
5.606717723
5.801827996
5.844945614
5.606372267
4.954929466
4.969994132
5.040099193
5.000223942
5.114414687
5.539268846
5.6921728
5.547601677
5.770758224
5.651883791
5.093783266
4.808304733
4.440124145
4.608080318
4.69324458
4.878327832
5.449715048
5.248215968
5.004006652
4.798159929
4.55783775
4.278851539
4.557754573
4.498087255
4.28273473
4.022198833
4.027638699
4.125987352
3.887389416
3.958214228
4.167772325
3.985449987
4.037805967
3.786784069
3.785819343
3.965996698
3.850628428
3.545167797
3.449227317
3.467116038
3.588490928
3.785510618
4.350892732
4.516291682
3.938498052
3.762347474
3.582163137
3.836975638
3.758312501
3.437702815
3.094878317
3.067804662
3.221718573
3.167679634
3.133158947
3.137676282
3.058044473
3.141478118
3.15914463
3.088373245
2.960919183
3.009128783
3.013795775
3.019945374
3.266742876
3.319070018
3.744909545
3.863802496
3.713413266
3.72152662
3.986246235
3.836506936
4.098811092
3.944380515
3.538331233
2.832571125
3.065172762
2.942400567
3.075560721
2.861119191
3.042147132
2.705824367
2.596419611
3.118685321
3.376633638
3.656926388
3.521105192
3.728551091
4.128295349
4.506887878
4.691828455
4.65427911
4.715074169
4.609566263
4.299664795
4.068526944
3.688704678
3.402751067
2.904398912
3.170361622
3.778219923
3.888165326
4.45645285
4.622457411
4.912289961
4.948390395
4.778418254
4.83732818
5.524459174
5.957977049
5.701362288
5.780046067
5.800019362
5.759039441
5.664131382
5.824527902
5.391492694
5.265168194
5.307910607
5.102242379
4.440414352
4.031698564
3.656811641
3.858066959
4.262032578
4.87883782
5.361773782
6.119843425
6.526572994
6.904525913
6.850003397
6.440851388
5.939653928
5.80739718
5.667907111
5.160121099
5.10397148
4.852276884
4.486638644
4.060460035
3.577858904
3.345816735
3.261859139
2.682670633
2.037542722
1.571670848
1.241721106
1.088024698
1.075059405
0.9684177643
1.355585671
1.666824794
2.025540865
2.258802905
2.433193875
2.684814098
3.26102282
3.512862216
3.977579484
4.066262964
4.459331851
4.727922817
5.092493119
5.067307631
4.99008612
4.954212752
4.658151068
4.746456915
4.927070491
4.897909529
4.770454253
4.951215665
4.759046016
4.267013455
4.292732912
4.03029367
3.758890791
3.549285338
3.821659319
3.631452211
3.808379002
3.706243389
3.566458255
3.708783005
4.332964548
4.382279121
3.906708227
3.505565753
3.195543163
3.501374445
3.450425484
3.406146734
3.33645543
3.530609173
3.720470218
3.609984774
3.699817547
4.015553515
3.730397063
3.569865457
3.227993543
3.260111521
3.225910791
3.287778948
3.184788195
2.788785059
2.461185205
2.344532404
2.280462953
2.384730951
2.637049826
2.479008811
2.776861674
2.573503264
2.552933163
2.405376792
2.773362795
2.888206507
2.612591981
2.166890719
2.439433481
2.711115183
2.816027193
2.596308507
2.71981472
3.066606495
3.554870915
3.704210118
3.490234559
2.984500335
2.706475815
3.097087352
2.770167178
2.839337262
2.769228861
2.62748999
2.618160862
3.09095536
3.275910204
3.10320538
3.110128156
3.120677915
3.245700126
3.610063701
3.908923333
3.690820215
3.290190764
2.784257099
2.698380979
2.664040305
2.494981436
2.499695633
3.014921998
2.943191351
3.227580393
3.486671628
3.934560221
3.778539272
3.903155011
4.229773443
4.02057173
4.718788274
4.998575893
4.340072802
4.248833617
3.782210878
4.484812706
4.16083862
4.217191324
4.290171743
4.553720815
4.327639429
3.981083219
3.606558448
4.16249274
3.871661464
4.267207129
4.001109941
4.373180095
3.586685633
3.776992006
3.825410155
3.991047706
3.651856566
3.599984467
4.309542767
4.377274565
4.763014811
4.803281964
4.566571285
4.940931525
4.294764969
4.498093933
4.58450888
4.265274337
4.554993963
4.3359331
3.604498159
4.382170748
4.768580656
4.460620783
5.12679524
5.654472584
4.968307227
4.408867378
4.690459077
5.011717177
4.177065935
3.973180842
4.633061507
5.050232462
4.445865753
4.361936692
4.925069397
4.993453555
4.671607755
4.290310775
4.729290373
3.626187501
4.392377176
3.861321165
3.913382384
4.075077551
3.866955615
3.633323075
3.43844685
3.378351203
3.307282933
3.491170446
3.975845527
4.030473683
4.07182972
3.712549323
3.226078358
3.314620074
2.902239358
2.511448112
2.699834747
3.107336582
3.055514267
3.630970455
3.550965261
3.869334039
4.095357141
4.36780003
4.506288642
4.377513774
4.498208377
3.956473289
4.64610565
5.227028418
4.939534827
4.342470653
4.784005652
4.657509031
4.73027817
5.147369591
5.606223521
5.463266751
5.666035335
5.385998187
6.12906752
5.758584095
5.605426362
5.451359151
5.625326801
5.808905286
5.644017841
5.619847471
5.700773981
5.745147747
5.572846663
5.358364759
5.076023256
4.895105205
4.896264213
5.117972457
4.8703271
5.030268578
5.26972226
5.365190698
5.446111137
5.2561997
5.295463877
5.324610268
5.216992593
4.773423412
4.770536215
4.609490979
4.741476644
4.4998968
4.284213997
4.263843337
4.127500922
4.279684215
4.209656562
3.810812371
3.659587126
3.73782497
3.542449078
3.875663955
4.209114701
4.525095037
4.625214682
4.650822124
4.201417836
4.355063094
4.667246755
4.447434876
4.074935179
3.608415956
3.190444199
3.396613307
3.099095124
2.6754279
2.153879816
2.064593762
2.12421934
2.606056249
2.712630878
3.016130789
3.215946911
3.43255012
3.586817076
3.716973465
4.032994782
3.741454987
3.737866254
3.369582151
3.366398068
3.278716653
3.375256672
3.208790998
3.102055176
3.022064554
3.144596934
2.914809335
3.419761577
3.262715493
3.42794384
3.821591624
3.638359505
3.784299702
3.210833073
3.19896615
3.128800072
3.169665549
3.391225351
3.33631063
2.905369406
2.834005465
2.703260466
2.632680023
2.254659257
2.472633513
2.216658513
2.024839632
2.295420005
2.1393602
2.161114808
2.440542704
2.57479675
2.829370954
3.454298657
3.147335688
3.2787036
3.375630663
3.071812313
3.000484192
2.642853059
2.255213261
2.408321969
2.714544849
2.750368736
3.027589722
3.306485167
3.522794829
3.84258884
3.911350934
3.917199398
4.021622972
4.06268698
4.049482555
3.984869876
3.801015148
3.584017609
3.430850465
3.281259001
3.472025881
3.688356793
3.676048489
3.709489399
3.442911669
3.245004964
3.613185856
3.743714718
3.552861018
3.316390762
3.237472025
3.073136763
2.944095061
3.013506783
3.174203831
3.158626749
2.82152595
2.892579953
2.896506856
2.90847183
2.882362597
2.593420096
2.702192224
2.871725412
3.476945439
3.774533745
3.917888184
3.860300279
3.814320356
4.099998938
3.808820384
3.409341441
2.891236379
2.870943128
2.751757541
2.796365962
3.083908426
3.662453377
3.728576286
3.324700522
3.460665304
3.247766789
3.124201078
3.110789926
2.987172609
3.459823217
3.562352856
3.720428326
3.846017291
3.987155409
4.042861522
3.883455227
3.829968775
3.514466855
3.422978445
3.476077853
3.414656239
3.374668061
3.558075033
3.576760913
3.889254513
4.189297438
4.569136097
5.053911353
5.39336447
5.029377921
5.211099809
5.020005991
5.269579585
5.157066638
4.836699499
4.531902763
4.135529278
3.936374622
3.918646791
4.093279853
3.933116774
3.520375728
3.315472178
2.762340692
2.884847875
2.986216686
3.098242109
3.029284216
3.118311027
3.319408492
3.325486753
3.269744213
3.375246958
3.486878052
3.810185512
3.810913154
4.231189569
4.087665134
4.359014889
4.657428586
5.212951549
5.604201785
6.020713399
5.401665123
5.316177261
4.940107956
4.520531256
3.901794134
3.982677234
3.444993814
3.033282457
2.361664188
2.709757645
3.167572172
3.616173533
3.775510918
4.312064776
4.502624322
4.557152606
4.766730434
5.627557389
6.1806995
6.345982792
6.244733889
6.023725967
5.895348767
5.780067924
5.599462544
5.713997834
5.871171112
6.157965595
6.026475043
5.737956317
5.549495309
5.737511292
5.396871241
4.972581407
4.930744829
5.016666787
4.756420795
5.278756931
5.59182366
5.589346579
5.104540966
4.796243226
4.639015914
4.509853394
4.595548894
4.887816028
4.448462136
4.481965883
4.252153999
4.153904916
4.050553225
4.187535553
4.568441543
4.389638725
4.674005911
4.699159524
4.370002994
4.421277983
4.265880858
4.432069682
4.299045221
3.825689737
3.887265562
4.052163025
3.99100035
4.3110788
4.107596233
4.099776729
4.00574597
4.173135086
4.417674679
4.424096271
4.196013487
4.252639398
4.079824684
3.943012656
4.046915618
3.736946456
3.784330665
4.062047068
4.277179813
4.325926721
4.43262915
3.949813096