0.3417024314
0.3397840261
0.3381988406
0.3318423629
0.3258910775
0.3211481273
0.3167009056
0.3177686632
0.3198541105
0.3171184957
0.3295971751
0.3292094171
0.3220519423
0.3130123019
0.3111486137
0.3100824952
0.3128979802
0.3148657382
0.3149928153
0.319773525
0.3120254278
0.3101958632
0.3176397681
0.3267348409
0.3320090473
0.3367072046
0.3383619189
0.3313414752
0.3309148252
0.338894248
0.341886282
0.3473595083
0.3526187837
0.3560504019
0.3567244112
0.3579808474
0.3511535525
0.3466887772
0.3283346593
0.319956243
0.3205949962
0.3148155212
0.3076492846
0.2962768376
0.2923497856
0.284275502
0.2800124288
0.2778034508
0.2766400874
0.2705785334
0.2738333941
0.2733288705
0.2692178488
0.2714802325
0.2754175961
0.27760607
0.289486289
0.2930904329
0.2948435545
0.2961956859
0.3005432189
0.3064967394
0.3196952045
0.3213104308
0.3275459707
0.321549058
0.3163387179
0.3130834401
0.3060994744
0.3064433634
0.3100550771
0.3082967103
0.31006971
0.3087470233
0.3109284043
0.314563483
0.3168827295
0.3183045685
0.3218025863
0.3236037791
0.3323960602
0.3357064128
0.3394313753
0.3359086812
0.3300545514
0.3335007727
0.3347527087
0.3404256105
0.3396469653
0.3466887176
0.3463572562
0.3420913219
0.3405033946
0.3361209333
0.3361760676
0.3349683583
0.3370116353
0.3388420343
0.340741992
0.3428969681
0.3397806287
0.3313267231
0.3277435005
0.3226718605
0.3191821873
0.3168051243
0.3122839332
0.3152676225
0.3229266107
0.3380196095
0.3503538072
0.3536220789
0.3517166674
0.3541586995
0.3547365665
0.341664046
0.3330157995
0.3276869059
0.3251449764
0.329400152
0.3361896873
0.3415147364
0.3413348794
0.3422357738
0.342775017
0.342479974
0.341843456
0.3435046077
0.3460906744
0.3489150703
0.3523541093
0.353446871
0.3507042229
0.350273639
0.3461711407
0.3446495235
0.3478475511
0.3466879129
0.3455960751
0.3505396843
0.3496775329
0.3458290994
0.3470317125
0.3484764099
0.354798764
0.3590985537
0.3710039258
0.3683520257
0.364693284
0.3562747538
0.3527669311
0.3526051044
0.3456645906
0.336283505
0.3364282548
0.3382841945
0.3467764556
0.3467116952
0.3433105052
0.3421961665
0.338696003
0.3295195997
0.3169841468
0.3137351573
0.3169324994
0.3228051066
0.3260926902
0.3296653926
0.3367376029
0.342651099
0.3527232409
0.360873282
0.3690772057
0.3672507107
0.3684941828
0.3637802005
0.3561603129
0.3514516652
0.3560446203
0.3655923307
0.3603084385
0.3643326163
0.3734896183
0.3703064322
0.3674567044
0.3672777712
0.3696081042
0.3731308281
0.3797153234
0.3750676513
0.3691036403
0.3649398685
0.3648578823
0.3646265566
0.372271806
0.3758404553
0.3766208589
0.3774737418
0.3705809116
0.3677262664
0.3600909412
0.3574345112
0.365956068
0.3621971309
0.3601860106
0.3558035493
0.3508409858
0.3499386013
0.3497193158
0.3456792533
0.3431431651
0.3453316689
0.349524498
0.3548912704
0.359782964
0.3552690446
0.3562776446
0.3596396148
0.3542087078
0.3546081781
0.3509039879
0.3518810868
0.3545678556
0.3491698802
0.3474279344
0.3472628295
0.3525850773
0.3492385149
0.3517497182
0.3535806239
0.3553833365
0.3619970381
0.3595048189
0.3591152728
0.3638492823
0.3611290455
0.3574811816
0.3552139401
0.3462504745
0.3408853412
0.3409301639
0.3455523551
0.356054157
0.3648949265
0.3706648052
0.3714261651
0.3705971539
0.3651110232
0.3667407036
0.3621690869
0.3532843292
0.3524223566
0.3545968235
0.3575568199
0.3504165113
0.3539546728
0.3543669581
0.3553402424
0.3648048937
0.379968822
0.3788590431
0.378033638
0.3801139891
0.3900991976
0.3882993162
0.3824384511
0.374773562
0.3672732413
0.3593634665
0.3533380628
0.3462322056
0.3408818841
0.3381673098
0.343547821
0.351318121
0.3691147268
0.3849377334
0.3814606071
0.3739974201
0.3738426268
0.3766367137
0.3740333915
0.3707294464
0.3734095693
0.3783361316
0.3923206925
0.4019632041
0.4111800194
0.4221598506
0.4240264893
0.4189711511
0.4136038721
0.4095450342
0.4145769179
0.4161769748
0.4136369824
0.4105289578
0.4115937054
0.4160643518
0.4220104516
0.4211546481
0.4201746285
0.4213237166
0.4188861847
0.4256607294
0.4328452945
0.4315743446
0.4245530963
0.4190287888
0.4234814644
0.4299078286
0.4314060509
0.4293504059
0.4261824191
0.4188087881
0.4267842174
0.4308062494
0.4327792823
0.433262825
0.4404018223
0.4462167025
0.450150907
0.4503134489
0.4418186843
0.4379447699
0.4383821487
0.441534251
0.4435584247
0.437635839
0.4336408675
0.4307397306
0.4289407134
0.4247145653
0.4265334904
0.4253514111
0.4287034273
0.4281259775
0.4372551143
0.4456131458
0.4496027231
0.4535264671
0.4539745152
0.4489152431
0.4522216916
0.4641326666
0.4750588536
0.4793592095
0.4862653315
0.4927940071
0.5008705854
0.5097344518
0.5059602857
0.5050555468
0.5016065836
0.4981417656
0.4937687516
0.4940101206
0.5048840642
0.50342834
0.5032954216
0.5047103763
0.5081787109
0.510741353
0.512558639
0.5057297945
0.501780808
0.4954735935
0.4974538684
0.4961438179
0.490840137
0.4815637767
0.4783949852
0.4769014418
0.4775544107
0.4813936949
0.4837310314
0.4895860553
0.4919485748
0.4944730401
0.4984283149
0.4949590266
0.4920783937
0.4934469461
0.4996099472
0.5050780177
0.5090707541
0.5136985183
0.5133333802
0.5166203976
0.5200776458
0.5198511481
0.5176796913
0.5154613853
0.5133442283
0.5119011402
0.5200622678
0.5243241787
0.5231604576
0.5223194361
0.519967854
0.5218183398
0.5211379528
0.5205409527
0.527349174
0.5373328328
0.5400542021
0.5418077111
0.5485007763
0.5462887287
0.5407471061
0.5402609706
0.5372351408
0.5302417278
0.5311248302
0.52853477
0.5325539708
0.5356625915
0.5410137773
0.5412575006
0.5411784649
0.5426681042
0.5417089462
0.5350877047
0.5333939791
0.5312151909
0.5266113281
0.5205866098
0.5097972155
0.5066339374
0.5057774186
0.5084521174
0.5150652528
0.5224791765
0.5299940705
0.5392864347
0.5413515568
0.5441270471
0.5543990731
0.5553356409
0.5610376596
0.5586527586
0.5500898957
0.5497505665
0.5502927303
0.5520966649
0.5482884645
0.5474274755
0.5571765304
0.5659701228
0.5734152198
0.5769776106
0.5711674094
0.5584451556
0.5490444899
0.5462856293
0.5484368801
0.5360545516
0.5400881171
0.5397957563
0.5513834357
0.5560404658
0.5517227054
0.5602881908
0.573831439
0.5807240605
0.5841433406
0.5803676248
0.5797376037
0.5828974247
0.5892586708
0.5920943618
0.5923982859
0.5897371769
0.5879819393
0.5836642981
0.5781909823
0.5816447139
0.5796414018
0.580111742
0.5815292597
0.5833411813
0.5868086815
0.5791755915
0.5848410726
0.5817537308
0.5874224305
0.5910490155
0.5922933221
0.6002152562
0.6009514928
0.6074453592
0.6181452274
0.6288062334
0.587749958
0.5774272084
0.579849422
0.5781668425
0.5875835419
0.5890465379
0.5925020576
0.591391027
0.5942139626
0.5975049734
0.6013331413
0.6071259379
0.6119790077
0.6208096743
0.6287224293
0.6293152571
0.6271016598
0.6199120879
0.6149496436
0.6112235188
0.6031001806
0.5992464423
0.6037561893
0.6033832431
0.6041601896
0.6161597371
0.6279147267
0.634293139
0.6435331106
0.6530304551
0.6533164978
0.6640743017
0.6736007333
0.6701765656
0.6644644737
0.6673203707
0.6680508256
0.6645861864
0.6640629768
0.6678788066
0.6788857579
0.6834059358
0.6902194023
0.6976382732
0.6960607767
0.6935577989
0.6990056038
0.7061446905
0.6999852657
0.7081397176
0.7109437585
0.7041754127
0.7119207382
0.7201362252
0.721126914
0.7195487022
0.7199609876
0.7181402445
0.7203591466
0.7184231877
0.7192879915
0.7154278159
0.7005942464
0.7018606663
0.7054219246
0.7043918967
0.703597486
0.7078704238
0.7128907442
0.7203950882
0.714417696
0.706522882
0.7061968446
0.7078639269
0.7151163816
0.7149705887
0.7179305553
0.7237023115
0.7299418449
0.7357029319
0.7430459261
0.7392309308
0.7369051576
0.7352383137
0.7348328829
0.7339363098
0.7292976975
0.7262068987
0.7232695222
0.7204041481
0.7212971449
0.7235411406
0.7275094986
0.7320792079
0.7405327559
0.7354844809
0.7283751965
0.7339730263
0.7323520184
0.7310054898
0.7342195511
0.730214119
0.7370119095
0.7443350554
0.7472726107
0.753554523
0.7554963231
0.7590126991
0.7646464109
0.7675688863
0.7675895691
0.7553210258
0.7526368499
0.7428314686
0.74236691
0.7400670648
0.7449729443
0.7460226417
0.7504121661
0.7575606704
0.7655216455
0.7759354711
0.7753452659
0.7737243772
0.7754614949
0.7814078331
0.7865294218
0.7881423831
0.7901322246
0.787727356
0.7834471464
0.7831848264
0.7817183137
0.7748057842
0.7687875628
0.7743742466
0.7872703075
0.7981122732
0.8035691977
0.8086972833
0.8183170557
0.8257034421
0.8249623179
0.8317123055
0.8304317594
0.8340473771
0.837218523
0.8390594721
0.840580523
0.8444640636
0.8468011618
0.852360487
0.8508989215
0.8562145829
0.8592827916
0.8594555855
0.8610735536
0.8572667241
0.8496944904
0.8515334725
0.8492382169
0.865732789
0.8767908216
0.8843411207
0.893693924
0.898496151
0.897926867
0.8968040943
0.9007248878
0.8965841532
0.8914753795
0.8937934637
0.8948395848
0.891744256
0.889639914
0.8933164477
0.8904498219
0.8879834414
0.8810690641
0.8655875325
0.8522107601
0.8381190896
0.826880157
0.8205626607
0.8150687814
0.819677949
0.8319483399
0.8412913084
0.8427826166
0.8472863436
0.849299252
0.8574496508
0.8641697764
0.8681231141
0.8727533817
0.8864406943
0.9029061794
0.9145054221
0.9146074057
0.9290512204
0.9362858534
0.9384198189
0.9383199215
0.9398852587
0.9388252497
0.9445655346
0.9439509511
0.9430446625
0.9444602132
0.9412853718
0.9365701079
0.939483285
0.9376239777
0.9422527552
0.9345549941
0.9330692291
0.9238322973
0.9174865484
0.9255503416
0.9323621392
0.9333614707
0.9367195368
0.9481750131
0.9504699707
0.9472295046
0.9388186932
0.932136178
0.9320298433
0.9300342798
0.9342328906
0.9407577515
0.951962471
0.9499237537
0.9491263032
0.9534044266
0.9637241364
0.96481812
0.9570438266
0.9507777691
0.9581980109
0.9647941589
0.9688871503
0.9636155963
0.9617466927
0.9567272067
0.9524920583
0.9549282193
0.9525336623
0.9523730278
0.9579367042
0.9614077806
0.9591006041
0.9588287473
0.9570884109
0.9537041783
0.9555131793
0.9511035681
0.9414927959
0.9491389394
0.9478064775
0.9472362995
0.9533748627
0.9554138184
0.9633111954
0.9688068628
0.9772889614
0.9771960378
0.9665926695
0.9692286849
0.9664996862
0.9615035653
0.9653325081
0.968277216
0.968984127
0.975705266
0.9825507402
0.9831357598
0.984251678
0.9864282608
0.9951232076
0.9897353649
0.9806624651
0.9772590399
0.9737053514
0.9647526741
0.9601454139
0.9679365754
0.9769303799
0.9692032337
0.9806329012
0.9888412356
0.9875475764
0.988201797
0.9963546395
1.000624299
1.004652023
1.011753798
1.009453893
0.9998494983
1.003118396
0.9959811568
0.9942108989
0.990334034
0.9996082187
0.9994626641
1.006378889
1.010877967
1.020356655
1.018106341
1.02253449
1.014582157
1.02169013
1.02138257
1.023162007
1.013382912
1.011385441
1.014064789
1.012022018
1.017693162
1.02203393
1.027666569
1.027254343
1.028821468
1.03531909
1.038690209
1.030608177
1.033437133
1.038182378
1.041333556
1.032224536
1.02583003
1.027569294
1.031013012
1.03482604
1.038625956
1.039584637
1.044423699
1.053498864
1.050611019
1.052485228
1.053242445
1.062254548
1.050941944
1.045198083
1.042397738
1.049515843
1.043201804
1.04240942
1.049995661
1.05647397
1.06168294
1.063684464
1.065477014
1.06762898
1.068746567
1.068219185
1.062008739
1.06494987
1.066301346
1.072304487
1.06599462
1.064324021
1.071063399
1.065880656
1.070937634
1.069670677
1.066862702
1.054722428
1.056298852
1.049025178
1.034505367
1.045976996
1.050358891
1.051337004
1.054591417
1.062584043
1.064283967
1.073026776
1.071931958
1.081911802
1.081484914
1.085927129
1.090889215
1.092051029
1.107568145
1.108408689
1.109461665
1.10119462
1.107702374
1.103203416
1.112609744
1.117027283
1.11259675
1.115359783
1.117702365
1.1202811
1.123468637
1.122144222
1.112746596
1.114065528
1.111820936
1.118018627
1.12234962
1.128421783
1.128401756
1.129679203
1.127885103
1.132501721
1.130242348
1.129060626
1.126235008
1.130864739
1.127352357
1.129801512
1.132267475
1.134823442
1.13565886
1.137840867
1.137555599
1.139981866
1.140101671
1.137877345
1.141461611
1.136129141
1.143584609
1.154406667
1.160252094
1.171111584
1.172750592
1.169458985
1.162600875
1.16106081
1.155504704
1.14809227
1.146275282
1.152564526
1.160802722
1.165397882
1.162953377
1.159363985
1.159938693
1.165604234
1.165746331
1.162247539
1.172228575
1.173257232
1.169584632
1.173776746
1.160582423
1.15890801
1.163597941
1.163603425
1.170848489
1.172528744
1.168475628
1.173370361
1.177373052
1.181059241
1.174567699
1.178026438
1.187725902
1.18202734
1.177235007
1.175212622
1.172295332
1.170770645
1.168695688
1.16274941
1.164105773
1.160879254
1.165439487
1.164855838
1.172809601
1.16894877
1.172185063
1.175722122
1.181892157
1.1848979
1.179647684
1.181062818
1.179723978
1.183011293
1.179495811
1.175814509
1.178333521
1.182703137
1.182431102
1.187341928
1.179982185
1.17672503
1.176059127
1.173877478
1.16334188
1.166441441
1.16491127
1.169430733
1.170222044
1.174726963
1.187433004
1.188743353
1.190813541
1.188880682
1.188593149
1.193480849
1.193034649
1.190661311
1.189589977
1.191825032
1.18690753
1.186397195
1.190863609
1.190233707
1.19707644
1.200194359
1.211018085
1.215954304
1.219474196
1.213630676
1.210456967
1.213419437
1.213114262
1.209242105
1.20799017
1.207205415
1.20750916
1.207835197
1.211021304
1.212504387
1.212092519
1.216290832
1.215388417
1.21423161
1.216943741
1.212901831
1.208381414
1.205316424
1.19640851
1.199368358
1.198890209
1.201647282
1.195358396
1.194121122
1.198336959
1.200041056
1.199093342
1.199714661
1.203216791
1.21452415
1.219575405
1.216619611
1.212289929
1.211847425
1.216148973
1.216363668
1.217262745
1.214778543
1.20417273
1.199618697
1.202093244
1.206139207
1.207141161
1.211339951
1.222321749
1.229736328
1.225237489
1.220394731
1.216599226
1.204684973
1.202869892
1.204904437
1.209412932
1.213812947
1.217053294
1.217298388
1.213627338
1.216689587
1.217333078
1.215292811
1.21092999
1.199988961
1.199643135
1.199114084
1.192522764
1.18505466
1.190984726
1.197452664
1.208584547
1.220220447
1.225518823
1.226621628
1.233125925
1.229885101
1.22745502
1.234126687
1.228462696
1.22189641
1.220657468
1.220197439
1.212966323
1.213077664
1.208421111
1.207172155
1.196472168
1.199990749
1.196696997
1.198973536
1.189619541
1.198380828
1.203502059
1.213184357
1.213623166
1.217431426
1.218967199
1.224366665
1.219804406
1.213251233
1.211866498
1.216882706
1.212919712
1.213120699
1.211254478
1.230780363
1.229246974
1.231909275
1.22211206
1.227565169
1.223776221
1.223038077
1.20932734
1.214052439
1.214287639
1.206249118
1.195399284
1.188844323
1.19331634
1.205440998
1.204373598
1.207801342
1.197322369
1.211078525
1.219159245
1.224391341
1.227184772
1.23354888
1.238779426
1.247894168
1.246130943
1.253463387
1.256867886
1.266983271
1.265941858
1.26517415
1.262065411
1.263760567
1.259625673
1.259176016
1.255034804
1.247424364
1.249625087
1.255362511
1.258707643
1.255470872
1.252026081
1.242968917
1.246506095
1.245168924
1.249112844
1.255506992
1.249740601
1.238868356
1.230358005
1.231673121
1.235963345
1.24184835
1.238084197
1.241582274
1.240939379
1.238257647
1.233756185
1.233724952
1.235680819
1.232342482
1.242211342
1.239397287
1.242924452
1.249258041
1.262209296
1.265188932
1.256899714
1.252661943
1.252812147
1.255812645
1.251168966
1.253145337
1.244504929
1.244798064
1.241960168
1.239314914
1.235813856
1.247231722
1.25382185
1.254507542
1.264137387
1.266553283
1.270020008
1.274741769
1.265506387