1.475535154
1.474276185
1.477926493
1.475322247
1.472456932
1.47645247
1.485786796
1.493997931
1.491540313
1.4867239
1.486068249
1.49010098
1.493121028
1.496210098
1.493076324
1.498501658
1.4907552
1.488272905
1.490069866
1.500934958
1.505719304
1.500703335
1.491927147
1.494486094
1.494368315
1.487136364
1.487659931
1.49084878
1.487601757
1.489203691
1.488482118
1.493793249
1.485203385
1.487488627
1.477932215
1.472729802
1.473787189
1.480518341
1.478296757
1.478898287
1.486784935
1.503498673
1.516692996
1.515513182
1.51229775
1.520115256
1.519354701
1.520472527
1.52161622
1.523022056
1.52327466
1.524973989
1.523678303
1.524500966
1.524302006
1.522789836
1.515727162
1.524209857
1.514930964
1.50863719
1.502248764
1.503554583
1.5084337
1.508278608
1.500480652
1.499897361
1.498963594
1.500160694
1.508311272
1.509480476
1.509248972
1.508460283
1.497874618
1.49554646
1.501322269
1.504937172
1.502853751
1.503906488
1.508281708
1.508532524
1.501031995
1.501404762
1.501651883
1.502809882
1.50158906
1.507749677
1.502881765
1.507113695
1.510662198
1.50513494
1.49774003
1.497158408
1.493635297
1.489189386
1.492358446
1.486634016
1.489809155
1.490149498
1.50115788
1.500457406
1.507611752
1.508619428
1.509027243
1.513867974
1.507497072
1.510512829
1.511736393
1.51388371
1.506871462
1.50562036
1.502291918
1.503850341
1.509095907
1.501794457
1.507635117
1.506967425
1.504148722
1.508701682
1.513136625
1.511782169
1.512154937
1.503821492
1.501094937
1.509032488
1.50741899
1.500347733
1.498421788
1.498587132
1.499538302
1.498177052
1.501721859
1.500488043
1.500730395
1.500018716
1.498004436
1.509694457
1.509370327
1.509107113
1.507828116
1.505494952
1.502577066
1.50225389
1.50284493
1.498915672
1.499411702
1.496525288
1.493694425
1.493592262
1.498804927
1.501776814
1.508182049
1.510331273
1.50874424
1.515514374
1.519202471
1.514976859
1.511707187
1.509826422
1.503282189
1.501414299
1.509257555
1.510657907
1.509115338
1.515352964
1.513596058
1.512679815
1.512109876
1.509450555
1.503311157
1.503530145
1.505825162
1.506987691
1.502239108
1.502867341
1.504613876
1.50650394
1.503293395
1.498494983
1.497182608
1.506080508
1.507576227
1.506731272
1.502629876
1.49996984
1.501322031
1.498314977
1.495277882
1.494806528
1.497310281
1.500661254
1.500958562
1.51006341
1.507874966
1.509057999
1.505723357
1.50821805
1.500708222
1.502982974
1.498339653
1.490016103
1.488423347
1.485116363
1.494801283
1.500802398
1.497964382
1.498378277
1.499947429
1.502944708
1.507356882
1.505326152
1.501491427
1.502635717
1.507603526
1.507352114
1.505278945
1.505272031
1.505958796
1.503565669
1.501557589
1.500224829
1.503233552
1.501209974
1.503212452
1.498195291
1.504104018
1.506249547
1.507194519
1.502170086
1.503358126
1.501643419
1.496792197
1.494905829
1.493356347
1.494617939
1.497919917
1.494303465
1.498807311
1.500717163
1.496709228
1.499535203
1.496862054
1.494861364
1.492178202
1.491312146
1.49102366
1.484630346
1.482463479
1.485535502
1.486464262
1.485429168
1.487374306
1.491441607
1.499006748
1.50009954
1.497790694
1.492194772
1.488951921
1.481641293
1.480052114
1.480628252
1.484405875
1.482642889
1.472776651
1.469361663
1.470113873
1.482985973
1.486575723
1.488348007
1.484251261
1.476122379
1.482023001
1.488794804
1.496765494
1.497781873
1.492332578
1.480981231
1.47561419
1.471122503
1.479563475
1.476140738
1.479420185
1.476955295
1.475922823
1.474573851
1.47508955
1.469646215
1.467009306
1.46312964
1.45487988
1.458963513
1.458831429
1.45772922
1.457180858
1.461779118
1.462955236
1.455624938
1.453420997
1.457938552
1.458546281
1.456274271
1.457594991
1.456279874
1.454022288
1.452640653
1.453271151
1.450866938
1.451079726
1.449050069
1.449071407
1.448538184
1.447006822
1.449343801
1.455661178
1.461410046
1.459326863
1.454165816
1.447240353
1.441786647
1.441799045
1.441770792
1.441509247
1.444882154
1.447907209
1.452990532
1.449027896
1.448276997
1.446446061
1.448174477
1.447480083
1.454388142
1.456730604
1.452476621
1.453866482
1.452099562
1.443305016
1.443554997
1.444855809
1.442697287
1.443087935
1.437608004
1.433433771
1.430808544
1.428748608
1.425018787
1.429027438
1.42380023
1.419657111
1.416987896
1.418009639
1.418501496
1.423431873
1.416216493
1.421433806
1.421756983
1.422593355
1.419859886
1.413402796
1.405913591
1.406982541
1.407920837
1.400998473
1.40681231
1.407237172
1.407775283
1.411330462
1.411759019
1.414918065
1.412562132
1.421167254
1.417961359
1.423216581
1.427734971
1.427523732
1.423015356
1.4167943
1.418851495
1.430827737
1.429280162
1.428137779
1.433457851
1.42901814
1.427163959
1.424264193
1.420586944
1.42554915
1.419982076
1.419471145
1.417280555
1.418628693
1.416302681
1.421404839
1.4165833
1.404324174
1.408291459
1.407316327
1.404533744
1.406441569
1.420452118
1.426868558
1.420151472
1.416658998
1.411733866
1.407932758
1.40258801
1.408043265
1.406391859
1.406160593
1.403099656
1.407149553
1.407036066
1.404972672
1.414153695
1.415685534
1.415603757
1.411853313
1.413379669
1.412014246
1.408578396
1.414759874
1.419915915
1.413757801
1.41333878
1.41276896
1.414958715
1.421136975
1.422116995
1.421964884
1.423550487
1.425129652
1.422219396
1.418065071
1.416602492
1.419758677
1.421316504
1.412712932
1.413313985
1.418270111
1.414630532
1.405353546
1.413504243
1.415606618
1.41176343
1.408447742
1.414485931
1.41763258
1.414242983
1.413444519
1.407946348
1.410692811
1.414924145
1.421047449
1.422053337
1.417545795
1.423711181
1.42083478
1.422646642
1.415180802
1.406198859
1.409023046
1.416689873
1.420170307
1.416282654
1.415023327
1.419470072
1.418339014
1.414078832
1.417242885
1.416711926
1.41166687
1.413862824
1.414512873
1.421980619
1.418305874
1.410940647
1.417930961
1.426950216
1.428117871
1.430564642
1.42545414
1.420920491
1.415225744
1.418910623
1.416956663
1.421735883
1.415253878
1.416254759
1.415348053
1.42266202
1.418940067
1.409383059
1.399650693
1.400067329
1.396763206
1.41925776
1.418581247
1.426625609
1.421109796
1.421928763
1.421684265
1.418341875
1.423578143
1.422175527
1.420032501
1.419530511
1.416234136
1.413693428
1.408339143
1.418219566
1.421626568
1.425323009
1.426679134
1.43156302
1.448770523
1.448283553
1.446934223
1.441887379
1.43593955
1.428430438
1.426981688
1.425417185
1.418318033
1.411859751
1.422808766
1.417161465
1.410851002
1.40724349
1.400586605
1.39585638
1.400164723
1.412572861
1.409814715
1.406944752
1.408212066
1.409183025
1.400825739
1.398699045
1.402632594
1.396234512
1.396130919
1.407911658
1.414948821
1.417471766
1.415874124
1.414689898
1.405341029
1.394576311
1.401972175
1.406579614
1.409311891
1.414084315
1.4190135
1.412267804
1.411776185
1.416472077
1.420333028
1.412680387
1.409860611
1.417251229
1.414129496
1.407438993
1.413327098
1.413232327
1.421851754
1.418743491
1.410295367
1.412178397
1.419854641
1.425260425
1.42444241
1.422632217
1.420409441
1.410259128
1.40821588
1.422763824
1.424463034
1.426953435
1.42033267
1.421284318
1.427708983
1.433040261
1.432092071
1.426838636
1.426411271
1.427431464
1.428329229
1.433360577
1.43386817
1.437882066
1.437045217
1.436437488
1.438482404
1.438453555
1.437767982
1.434233546
1.430478215
1.424167514
1.425065517
1.429616451
1.432289004
1.42701447
1.431486487
1.42802
1.432076931
1.440630674
1.450344324
1.444164872
1.44194901
1.438679695
1.44282186
1.441482425
1.450724006
1.456535339
1.44877398
1.447375894
1.446569681
1.449290872
1.444518924
1.43624723
1.430309534
1.427906752
1.428596616
1.427359939
1.427851677
1.432036519
1.436489701
1.443989038
1.447273254
1.456057072
1.453060269
1.445563078
1.448155761
1.438105822
1.436182141
1.433328986
1.434494019
1.43688035
1.43744576
1.422773242
1.414034724
1.418519258
1.416119456
1.41469717
1.415156603
1.4162848
1.413184166
1.420049429
1.42287147
1.421794176
1.424919724
1.437848091
1.444604516
1.449840307
1.446061611
1.435924649
1.427906275
1.420328379
1.408372045
1.404095531
1.395507693
1.393715262
1.399624348
1.409607172
1.409458041
1.409333229
1.420072436
1.420294285
1.423295498
1.430900574
1.441500068
1.451164484
1.455565572
1.45481658
1.46286869
1.473799706
1.479923248
1.483899355
1.48572576
1.483712912
1.491777778
1.489292741
1.487237215
1.479449153
1.476480961
1.473693371
1.472151756
1.462078452
1.458099723
1.449534416
1.452594042
1.44994688
1.447769642
1.440405607
1.443686008
1.44601655
1.446473598
1.451012254
1.449332237
1.445107579
1.446376562
1.447850585
1.443434715
1.446684718
1.454853654
1.452509642
1.458452463
1.463325262
1.469346642
1.460849643
1.464265585
1.456564069
1.456124425
1.462306261
1.461539865
1.447127938
1.44652009
1.460304976
1.469232559
1.475074053
1.465875626
1.464518428
1.465470314
1.466289401
1.463503003
1.461631298
1.468247771
1.465615511
1.458510041
1.465795159
1.470546484
1.478169322
1.470575094
1.467342377
1.470270157
1.476501465
1.488437533
1.494326115
1.497159123
1.497133732
1.493209362
1.489138365
1.492683649
1.485954881
1.49495852
1.498277903
1.501809597
1.493604064
1.490731001
1.496637106
1.509789586
1.502038598
1.491124868
1.49355948
1.499385715
1.497917414
1.492486
1.481622934
1.482019663
1.489693165
1.505275249
1.512516856
1.500607729
1.510067344
1.508386731
1.508678555
1.515021086
1.517999411
1.508720756
1.508681059
1.516555786
1.517741203
1.519106507
1.518437862
1.515380144
1.507496119
1.509033561
1.516505599
1.527907014
1.528189778
1.52651155
1.537274241
1.543770313
1.52892077
1.537771344
1.536410451
1.530985355
1.522069097
1.529600263
1.529434919
1.524636745
1.532181978
1.5175488
1.508425117
1.523404717
1.523048759
1.532948732
1.516587138
1.527849436
1.526872396
1.52810812
1.524275541
1.5322752
1.53910768
1.5489645
1.535884976
1.544977903
1.537310481
1.543863773
1.53464663
1.552019954
1.549608111
1.548346996
1.547508001
1.557229757
1.561376214
1.546944857
1.546400666
1.540755987
1.541018963
1.543450117
1.536584377
1.551514268
1.548591018
1.544248939
1.549096465
1.543569088
1.549593806
1.567102075
1.55229187
1.544592977
1.552503109
1.541467428
1.52980876
1.543439507
1.554768801
1.551649928
1.542515635
1.557758212
1.561539531
1.549882054
1.539042234
1.55153513
1.555670023
1.545627594
1.54528296
1.552057862
1.560128808
1.55209887
1.566635251
1.551018238
1.561874151
1.562597036
1.559120774
1.566022635
1.569012761
1.573840976
1.579154491
1.579413533
1.577854753
1.566300392
1.564172864
1.559190273
1.569242835
1.579049706
1.571300268
1.588539243
1.600197911
1.595987439
1.588258147
1.593842268
1.582249999
1.587836862
1.581236601
1.580248833
1.57490623
1.573566556
1.577773213
1.575961471
1.591325998
1.578784466
1.567921519
1.571336508
1.584632993
1.57493794
1.579894543
1.57960391
1.570382953
1.561368346
1.564043403
1.55991745
1.565385699
1.555609465
1.559828043
1.56323278
1.564798832
1.562037706
1.558050871
1.562671542
1.562215328
1.559557676
1.557045221
1.560874581
1.564427495
1.569898486
1.572866797
1.573070765
1.566723704
1.571773887
1.567926407
1.562175512
1.55927074
1.556823611
1.559819221
1.558351755
1.556787729
1.557813287
1.56679976
1.565582633
1.569321752
1.567393064
1.572447896
1.577591777
1.578144431
1.580372334
1.576503634
1.57740283
1.584421635
1.586134553
1.584436536
1.591196656
1.585798621
1.579495192
1.572156429
1.568900824
1.567823172
1.577672839
1.574188709
1.566715121
1.572233319
1.579538107
1.588432312
1.597998857
1.591718197
1.597926378
1.605754495
1.616333246
1.62240684
1.623094797
1.611786604
1.612223029
1.607669353
1.60510993
1.598786235
1.596764922
1.596977711
1.588833928
1.593974352
1.593660712
1.601412773
1.601469517
1.603341103
1.599859715
1.604585528
1.606694579
1.610460758
1.60802722
1.61621511
1.604553103
1.609334826
1.60713315
1.600422978
1.605247736
1.601412177
1.614089489
1.614688396
1.617692471
1.616708398
1.611661673
1.61402297
1.625091076
1.627512217
1.632707119
1.633351684
1.641751289
1.638192058
1.644459605
1.646550655
1.643134117
1.647608519
1.650443316
1.64589417
1.645899534
1.646029711
1.634285331
1.642050982
1.639804125
1.638591528
1.647176862
1.649681687
1.657690167
1.667104125
1.666395307
1.659913182
1.66036582
1.657230973
1.652138472
1.650661588
1.645748734
1.647941113
1.64970994
1.649134398
1.647754669
1.647861958
1.650411844
1.654737115
1.659073114
1.662888408
1.666889191
1.664001465
1.660342932
1.662274122
1.662766695
1.669161797
1.675542355
1.668668032
1.666610837
1.672188044
1.677142859
1.678741097
1.682625055
1.684017301
1.684765458
1.682244182
1.684692502
1.69154048
1.690948963
1.693710923
1.695465446
1.697223544
1.705193162
1.705770135
1.707656026
1.698342443
1.692617416
1.689536572
1.691396475
1.694423437
1.689492583
1.696434855
1.704990745
1.714203596
1.714819193
1.719910026
1.722046375
1.717730284
1.707956433
1.710931897
1.722306848
1.719931722
1.724315405
1.727298737
1.725473285
1.729087472
1.720787406
1.721271276
1.72035563
1.719675303
1.717724919
1.716456532
1.72145021
1.723697662
1.730811238
1.732846379
1.729831934
1.732258677
1.734230757
1.729235291
1.729581952
1.72571981
1.722129822
1.717915773
1.711120367
1.705455065
1.712495565
1.710079074
1.713199854
1.708135366
1.711014271
1.716348171
1.72146523
1.729512572
1.734094024
1.733681083
1.730745673
1.733629823
1.742897511
1.745616078
1.760044813
1.757813334
1.757692218
1.753657818
1.759322405
1.760289907
1.760091305
1.761364579
1.764769197
1.764435172
1.764855742
1.758593798
1.757916689
1.749880075
1.754665613
1.748844266
1.743121386
1.731400371
1.726981044
1.718134522
1.729661703
1.729932189
1.73762536
1.745423555
1.75799346
1.754835963
1.767730236
1.777559996
1.791386127
1.782417417
1.77136898
1.763389826
1.764199615
1.752849698
1.749787807
1.746553779
1.74492836
1.728421807
1.717402816
1.713349938
1.714298129
1.717370629
1.718960047
1.720150948
1.722726822
1.720095634
1.716645122
1.710880756
1.712112784
1.716216564
1.718808532
1.714534879
1.719984293
1.727277756
1.72724402
1.725128889
1.730249286
1.719576478
1.712409854
1.711262345
1.719572306
1.725522757
1.728136539
1.730672717
1.728960514
1.722344041
1.729940414
1.728029609
1.732675433
1.734930515
1.737515092
1.734124184
1.726254821
1.729328513
1.722842336
1.721272588
1.727304339
1.725898623
1.728238344
1.725239038
1.727142572
1.736365795
1.735589981
1.733319879
1.734559059
1.728333712
1.73146069
1.731364131
1.733156323
1.729302287
1.724370837
1.722916126
1.726858735
1.724979162
1.727725148
1.72974956
1.728598237
1.735167742
1.734260559
1.729590893
1.725489378
1.724420547
1.722308278
1.730330467