-0.011297
-0.011272
-0.011266
-0.011286
-0.011252
-0.011327
-0.011319
-0.011261
-0.01651
-0.027399
-0.039464
-0.052146
-0.064895
-0.07619
-0.09269
-0.106764
-0.123157
-0.13539
-0.151141
-0.163841
-0.177768
-0.192322
-0.206242
-0.22109
-0.234959
-0.249146
-0.263068
-0.276671
-0.290598
-0.304724
-0.318679
-0.332403
-0.345866
-0.359885
-0.373674
-0.38766
-0.401443
-0.415077
-0.429406
-0.443173
-0.456709
-0.470531
-0.483871
-0.497582
-0.510998
-0.523839
-0.536986
-0.549994
-0.5654
-0.577077
-0.587536
-0.603412
-0.61545
-0.630405
-0.643801
-0.657938
-0.670925
-0.684282
-0.697531
-0.710969
-0.724895
-0.738982
-0.752717
-0.764587
-0.777175
-0.790387
-0.803016
-0.816614
-0.829563
-0.842192
-0.855001
-0.86715
-0.879857
-0.892806
-0.905346
-0.918835
-0.931739
-0.945378
-0.960061
-0.972047
-0.984839
-0.996879
-1.008871
-1.020706
-1.032908
-1.044138
-1.055501
-1.066694
-1.077664
-1.093321
-1.106677
-1.120548
-1.132797
-1.145322
-1.157784
-1.169711
-1.182072
-1.194154
-1.206123
-1.217646
-1.228796
-1.240278
-1.25173
-1.263333
-1.27493
-1.286114
-1.297188
-1.308409
-1.319999
-1.331564
-1.342858
-1.353913
-1.365154
-1.37634
-1.387153
-1.398478
-1.409125
-1.419787
-1.430662
-1.441275
-1.451501
-1.461742
-1.472174
-1.48291
-1.493517
-1.503905
-1.514324
-1.524363
-1.534556
-1.544799
-1.555053
-1.564982
-1.574978
-1.584623
-1.593778
-1.602572
-1.611779
-1.621417
-1.631015
-1.640471
-1.650171
-1.659638
-1.668804
-1.677765
-1.686671
-1.695706
-1.704906
-1.713426
-1.721514
-1.729849
-1.738616
-1.747733
-1.756322
-1.764741
-1.773005
-1.781293
-1.789062
-1.796669
-1.805183
-1.813327
-1.821484
-1.828943
-1.836598
-1.844112
-1.850932
-1.858281
-1.866128
-1.87439
-1.8828
-1.890775
-1.89823
-1.905761
-1.913479
-1.921779
-1.929421
-1.934242
-1.940852
-1.946959
-1.952464
-1.957779
-1.963747
-1.969813
-1.975548
-1.981125
-1.986412
-1.991846
-1.997302
-2.002631
-2.007876
-2.013663
-2.018993
-2.023788
-2.028078
-2.03292
-2.039251
-2.044141
-2.049705
-2.056347
-2.060999
-2.065405
-2.070573
-2.075718
-2.080529
-2.08506
-2.089356
-2.093811
-2.097765
-2.102136
-2.107061
-2.111171
-2.116096
-2.120396
-2.124404
-2.127903
-2.131016
-2.133787
-2.136854
-2.140277
-2.142345
-2.14501
-2.147193
-2.149579
-2.152149
-2.154829
-2.157205
-2.159429
-2.161867
-2.164546
-2.166324
-2.167748
-2.169046
-2.170797
-2.172604
-2.17434
-2.176014
-2.177442
-2.17886
-2.180022
-2.181098
-2.18211
-2.183053
-2.183843
-2.184634
-2.185084
-2.184783
-2.185731
-2.185608
-2.185361
-2.18551
-2.185718
-2.185883
-2.186412
-2.186907
-2.186843
-2.186519
-2.18545
-2.184448
-2.18355
-2.182629
-2.181949
-2.181153
-2.179915
-2.178306
-2.176414
-2.174728
-2.173276
-2.171709
-2.170355
-2.169099
-2.167693
-2.165608
-2.163007
-2.160417
-2.158058
-2.155991
-2.153619
-2.150858
-2.147564
-2.144481
-2.141223
-2.138051
-2.134873
-2.131418
-2.128039
-2.12463
-2.120777
-2.116758
-2.11336
-2.109154
-2.105555
-2.101798
-2.098236
-2.094239
-2.090249
-2.086957
-2.083389
-2.079878
-2.075481
-2.070731
-2.066412
-2.062016
-2.058988
-2.052606
-2.048499
-2.043474
-2.038508
-2.033131
-2.027498
-2.022184
-2.017504
-2.012092
-2.006456
-2.001084
-1.995156
-1.988139
-1.982206
-1.975266
-1.968094
-1.961429
-1.954741
-1.947703
-1.940658
-1.933058
-1.925143
-1.918389
-1.912288
-1.907164
-1.899645
-1.892557
-1.885601
-1.878002
-1.870365
-1.862419
-1.854629
-1.847017
-1.839298
-1.831826
-1.824114
-1.816349
-1.808354
-1.800043
-1.791561
-1.783037
-1.774473
-1.766661
-1.75844
-1.75016
-1.74184
-1.732939
-1.723995
-1.715272
-1.706367
-1.6973
-1.688493
-1.679471
-1.67012
-1.660518
-1.650888
-1.6412
-1.632189
-1.622998
-1.613699
-1.60413
-1.594533
-1.584647
-1.574452
-1.564675
-1.554597
-1.544519
-1.534214
-1.523984
-1.513839
-1.503413
-1.492771
-1.4822
-1.472218
-1.461564
-1.451065
-1.439928
-1.429255
-1.418564
-1.407895
-1.397043
-1.385989
-1.375065
-1.364157
-1.353031
-1.342251
-1.331126
-1.319981
-1.309298
-1.298426
-1.287426
-1.276201
-1.264552
-1.253006
-1.2415
-1.229897
-1.218692
-1.206007
-1.19428
-1.182489
-1.170454
-1.158003
-1.145727
-1.133479
-1.121523
-1.108964
-1.095729
-1.082622
-1.07105
-1.059274
-1.046826
-1.034313
-1.022516
-1.010829
-0.999925
-0.991616
-0.975183
-0.962037
-0.94842
-0.935227
-0.921671
-0.908227
-0.89655
-0.882561
-0.869288
-0.856663
-0.843503
-0.830754
-0.817745
-0.804723
-0.79142
-0.778136
-0.764839
-0.752039
-0.739308
-0.726326
-0.71276
-0.699744
-0.686653
-0.673039
-0.660182
-0.647093
-0.63498
-0.622109
-0.60925
-0.592705
-0.580266
-0.56772
-0.55278
-0.540457
-0.525686
-0.51095
-0.496822
-0.482699
-0.469045
-0.454844
-0.441476
-0.427737
-0.413629
-0.400026
-0.386658
-0.373259
-0.360331
-0.346226
-0.332496
-0.318908
-0.305006
-0.291522
-0.277294
-0.264042
-0.250052
-0.236514
-0.22246
-0.208162
-0.194453
-0.181092
-0.16796
-0.153959
-0.139644
-0.124724
-0.110308
-0.095157
-0.079015
-0.063463
-0.051156
-0.039885
-0.028108
-0.016032
-0.003878
0.007195
0.020108
0.037312
0.051105
0.066909
0.08134
0.095314
0.109421
0.123416
0.137123
0.150212
0.164496
0.17784
0.190872
0.204667
0.218133
0.23159
0.245593
0.259411
0.273809
0.287492
0.300833
0.314448
0.327795
0.341279
0.35437
0.368145
0.381876
0.393935
0.405906
0.418296
0.43586
0.446761
0.459275
0.474235
0.486711
0.500216
0.513973
0.527242
0.540156
0.553205
0.566366
0.579226
0.592948
0.60511
0.618012
0.630843
0.64369
0.6562
0.669293
0.682327
0.695609
0.708671
0.721149
0.733919
0.746226
0.758403
0.770987
0.783129
0.795351
0.807099
0.81951
0.832554
0.845186
0.858468
0.871493
0.884993
0.896889
0.909453
0.92103
0.932067
0.943131
0.95467
0.965607
0.975833
0.986652
0.997222
1.007811
1.023841
1.036591
1.049763
1.062168
1.074093
1.08551
1.096957
1.108763
1.120284
1.130947
1.141915
1.152631
1.163343
1.174586
1.185253
1.19597
1.206823
1.217517
1.227496
1.23795
1.248176
1.258738
1.269458
1.279172
1.289355
1.299737
1.310468
1.320873
1.330625
1.34106
1.35096
1.360904
1.371025
1.380716
1.390451
1.400037
1.409467
1.418715
1.427712
1.43688
1.446268
1.455306
1.464901
1.473856
1.483173
1.492143
1.500683
1.509338
1.518116
1.527294
1.535664
1.544078
1.551819
1.559698
1.567721
1.576221
1.584846
1.593818
1.601572
1.609543
1.617344
1.624729
1.631975
1.638922
1.64617
1.653383
1.660499
1.667012
1.674262
1.682158
1.689474
1.697367
1.705384
1.711565
1.717372
1.722812
1.72802
1.7354
1.740439
1.747208
1.752907
1.758821
1.764871
1.770726
1.777502
1.783969
1.790241
1.796343
1.801719
1.80695
1.812004
1.817466
1.823367
1.828129
1.833818
1.838204
1.843087
1.847868
1.852685
1.857346
1.862625
1.869062
1.873482
1.877864
1.881536
1.884705
1.888125
1.891965
1.895816
1.899408
1.902826
1.906213
1.909868
1.913476
1.916823
1.919901
1.922878
1.925802
1.928749
1.93179
1.934537
1.936983
1.939509
1.941525
1.943771
1.945756
1.948012
1.950587
1.952685
1.954706
1.956684
1.959021
1.960293
1.961288
1.962429
1.963264
1.964833
1.965939
1.966713
1.967514
1.968375
1.968986
1.969537
1.970146
1.97087
1.971582
1.971942
1.972347
1.97238
1.972021
1.972123
1.972204
1.971953
1.971787
1.971669
1.971705
1.97163
1.970818
1.96998
1.968802
1.967543
1.966546
1.96587
1.965004
1.963767
1.962159
1.960433
1.958533
1.956749
1.955015
1.953224
1.951656
1.949784
1.947726
1.945143
1.942602
1.93908
1.937207
1.935684
1.932796
1.929807
1.926741
1.923574
1.920355
1.916986
1.913693
1.910361
1.907381
1.903644
1.899631
1.895326
1.890774
1.886521
1.883253
1.879148
1.874419
1.869528
1.864712
1.860403
1.855401
1.850683
1.846241
1.841807
1.837178
1.831939
1.827021
1.821541
1.816532
1.811456
1.806189
1.800788
1.795383
1.790033
1.784657
1.779315
1.773525
1.767635
1.761225
1.755008
1.748545
1.742135
1.735289
1.727726
1.721973
1.716022
1.710629
1.703667
1.696199
1.688774
1.68167
1.674835
1.667635
1.660158
1.652954
1.645188
1.63738
1.629997
1.622483
1.614854
1.607002
1.59928
1.590996
1.582585
1.574138
1.565585
1.557157
1.549057
1.540466
1.532079
1.523459
1.515107
1.506437
1.497465
1.488501
1.479523
1.471055
1.462636
1.453241
1.443537
1.433935
1.424725
1.415384
1.406319
1.396646
1.387296
1.37742
1.366838
1.356605
1.346891
1.336879
1.327431
1.318128
1.308516
1.298404
1.288131
1.277614
1.267262
1.257031
1.246713
1.236567
1.226054
1.215144
1.204469
1.193956
1.182726
1.172189
1.161532
1.150564
1.13981
1.128671
1.117688
1.106163
1.094249
1.082794
1.071019
1.059435
1.047061
1.034084
1.022513
1.011209
0.999759
0.987742
0.976065
0.964693
0.952737
0.941958
0.93059
0.919464
0.908501
0.893782
0.881294
0.86782
0.855693
0.843045
0.83029
0.817797
0.805272
0.792945
0.781632
0.769217
0.757621
0.744996
0.732894
0.72042
0.707844
0.695794
0.683123
0.669856
0.65691
0.643801
0.63079
0.617285
0.60393
0.591297
0.577894
0.566559
0.552612
0.539475
0.526077
0.513687
0.499904
0.485917
0.47246
0.458994
0.44542
0.431232
0.417824
0.404669
0.391497
0.378392
0.365424
0.351505
0.338167
0.324732
0.311519
0.29845
0.283959
0.270608
0.255605
0.241607
0.227934
0.214221
0.201125
0.187608
0.174556
0.161155
0.147289
0.133549
0.119892
0.105371
0.091593
0.07736
0.063381
0.049085
0.034535
0.0206
0.005277
-0.009842
-0.022066
-0.033508
-0.045771
-0.057967
-0.069568
-0.083556
-0.09847
-0.1145
-0.129763
-0.144058
-0.158331
-0.172324
-0.186105
-0.20018
-0.214302
-0.228091
-0.24208
-0.255646
-0.268985
-0.282188
-0.296392
-0.310349
-0.324289
-0.338717
-0.352076
-0.365747
-0.379676
-0.393735
-0.407215
-0.421592
-0.435654
-0.449461
-0.462448
-0.474983
-0.48862
-0.502574
-0.516014
-0.529263
-0.542564
-0.555727
-0.568607
-0.581469
-0.594672
-0.60805
-0.621403
-0.634338
-0.648041
-0.660176
-0.673485
-0.686964
-0.700743
-0.714359
-0.727331
-0.740889
-0.753883
-0.766262
-0.777761
-0.789586
-0.803808
-0.816857
-0.82903
-0.841987
-0.854145
-0.868443
-0.881352
-0.895091
-0.909462
-0.923177
-0.936599
-0.949953
-0.963724
-0.975562
-0.988645
-1.001021
-1.012651
-1.024881
-1.036064
-1.046366
-1.057657
-1.068963
-1.079578
-1.095636
-1.108696
-1.122371
-1.135503
-1.147899
-1.160607
-1.172774
-1.184642
-1.195842
-1.207289
-1.219027
-1.231162
-1.243165
-1.255025
-1.266474
-1.277967
-1.289286
-1.300212
-1.311445
-1.322526
-1.333923
-1.34515
-1.356373
-1.367116
-1.378223
-1.3896
-1.400976
-1.412495
-1.423717
-1.434781
-1.445008
-1.455283
-1.465914
-1.476422
-1.487117
-1.497861
-1.508427
-1.518433
-1.528406
-1.538458
-1.548674
-1.558569
-1.568888
-1.579048
-1.58901
-1.599239
-1.608382
-1.617943
-1.627001
-1.636079
-1.645878
-1.654729
-1.663461
-1.672656
-1.681844
-1.691168
-1.700404
-1.709616
-1.718547
-1.727519
-1.736001
-1.744514
-1.753208
-1.761771
-1.770203
-1.778385
-1.786317
-1.794482
-1.802823
-1.811552
-1.819791
-1.82801
-1.836071
-1.84429
-1.852526
-1.860306
-1.866912
-1.874481
-1.882621
-1.889493
-1.896649
-1.903856
-1.910974
-1.918671
-1.926655
-1.935834
-1.943048
-1.951069
-1.957267
-1.962397
-1.968016
-1.973091
-1.977806
-1.982543
-1.989138
-1.99449
-1.999999
-2.005471
-2.01104
-2.016771
-2.022334
-2.027539
-2.031905
-2.036619
-2.042988
-2.048409
-2.054205
-2.060327
-2.065671
-2.070664
-2.075588
-2.08029
-2.0857
-2.090696
-2.096039
-2.100971
-2.105414
-2.109949
-2.114279
-2.118553
-2.122753
-2.127102
-2.13109
-2.134886
-2.138133
-2.141188
-2.144542
-2.148177
-2.151678
-2.155062
-2.157642
-2.16035
-2.163167
-2.165444
-2.167616
-2.170051
-2.17236
-2.174437
-2.176751
-2.179115
-2.180959
-2.182707
-2.184434
-2.186201
-2.187423
-2.188803
-2.190468
-2.192159
-2.193732
-2.19499
-2.19574
-2.196163
-2.196594
-2.197466
-2.198412
-2.199192
-2.199921
-2.200556
-2.20055
-2.20008
-2.200252
-2.200407
-2.200571
-2.200639
-2.20091
-2.200846
-2.200654
-2.200095
-2.199269
-2.199067
-2.19827
-2.197725
