1.990478
1.990452
1.990514
1.990524
1.990509
1.990628
1.990459
1.990395
1.991035
1.99081
1.991249
1.991974
1.992666
1.992996
1.992915
1.992741
1.992453
1.992607
1.992307
1.992096
1.991588
1.991203
1.990748
1.990375
1.989666
1.988887
1.987579
1.985886
1.984594
1.983261
1.98195
1.980112
1.97818
1.975919
1.974095
1.971969
1.96987
1.967913
1.966021
1.964089
1.961845
1.959154
1.956336
1.953604
1.950992
1.948211
1.945461
1.942569
1.939092
1.936516
1.933958
1.93024
1.927212
1.923247
1.919896
1.916261
1.911962
1.907985
1.90378
1.899449
1.894926
1.89089
1.886655
1.882242
1.877965
1.874364
1.869977
1.864999
1.860154
1.854826
1.849402
1.844558
1.83968
1.835113
1.829706
1.824121
1.818574
1.813198
1.807666
1.802305
1.796277
1.789927
1.783235
1.775591
1.768361
1.763599
1.75914
1.754593
1.749703
1.742037
1.735486
1.728062
1.72124
1.71394
1.706277
1.699385
1.692085
1.685024
1.677597
1.670117
1.662331
1.654689
1.646977
1.639518
1.631849
1.624254
1.616293
1.608184
1.599796
1.59123
1.583014
1.575065
1.566783
1.558577
1.550315
1.541785
1.533336
1.524321
1.51525
1.506229
1.497297
1.488221
1.479328
1.470171
1.460827
1.451412
1.441806
1.432569
1.423195
1.413104
1.403925
1.394619
1.384618
1.375016
1.365653
1.356478
1.346403
1.336227
1.326158
1.316398
1.306305
1.2961
1.286032
1.275694
1.265575
1.254863
1.244613
1.234366
1.224178
1.213752
1.203007
1.191745
1.180292
1.169033
1.158092
1.146391
1.135485
1.124856
1.11367
1.102692
1.090941
1.07918
1.067031
1.054944
1.043777
1.032092
1.02015
1.007157
0.995355
0.983073
0.970982
0.958415
0.946405
0.934398
0.922776
0.913289
0.900344
0.888512
0.875707
0.863375
0.851001
0.838232
0.826322
0.814016
0.802144
0.789523
0.777161
0.76557
0.753064
0.74109
0.728686
0.716877
0.706059
0.695272
0.67997
0.668552
0.654591
0.637589
0.623914
0.609652
0.594961
0.580846
0.566647
0.551685
0.538411
0.525493
0.512229
0.499722
0.486227
0.473195
0.459538
0.446484
0.4331
0.42024
0.406907
0.39387
0.380615
0.367477
0.354276
0.340962
0.328283
0.315298
0.301656
0.287693
0.274105
0.260688
0.247179
0.234161
0.220773
0.207436
0.19341
0.17997
0.166172
0.152082
0.138511
0.125284
0.112188
0.09818
0.083892
0.069241
0.055127
0.040597
0.026025
0.011349
-0.004021
-0.017877
-0.030794
-0.042503
-0.055725
-0.067797
-0.08043
-0.092617
-0.106687
-0.12349
-0.137745
-0.151781
-0.16587
-0.179343
-0.1932
-0.207187
-0.220952
-0.234652
-0.248064
-0.26141
-0.275425
-0.289264
-0.303564
-0.31753
-0.33124
-0.345043
-0.358537
-0.372099
-0.385546
-0.398773
-0.412705
-0.426842
-0.440274
-0.453607
-0.467085
-0.480686
-0.494323
-0.507841
-0.521446
-0.534698
-0.548675
-0.562379
-0.576277
-0.589334
-0.603194
-0.615639
-0.629643
-0.642364
-0.65496
-0.668252
-0.681017
-0.694758
-0.708255
-0.722048
-0.733814
-0.746142
-0.757651
-0.766376
-0.783659
-0.795234
-0.808669
-0.820854
-0.833237
-0.845479
-0.857934
-0.86878
-0.882341
-0.895363
-0.9084
-0.922379
-0.937423
-0.95117
-0.963977
-0.976983
-0.991006
-1.002426
-1.013723
-1.02514
-1.036849
-1.048741
-1.05979
-1.070634
-1.080415
-1.09339
-1.106138
-1.117971
-1.129995
-1.14208
-1.15431
-1.165952
-1.177181
-1.188735
-1.199585
-1.21133
-1.223038
-1.234453
-1.246078
-1.257525
-1.268575
-1.279742
-1.290394
-1.30173
-1.31283
-1.323672
-1.334895
-1.345637
-1.356127
-1.366876
-1.377843
-1.388371
-1.398712
-1.409685
-1.420027
-1.430184
-1.440493
-1.450315
-1.459803
-1.469682
-1.479854
-1.489547
-1.498969
-1.508588
-1.518094
-1.528058
-1.537919
-1.547672
-1.557102
-1.56628
-1.575104
-1.584271
-1.593278
-1.601897
-1.611192
-1.61984
-1.628862
-1.637848
-1.646735
-1.65571
-1.664105
-1.6725
-1.680762
-1.689206
-1.697828
-1.706122
-1.714556
-1.722849
-1.73079
-1.738485
-1.745785
-1.753298
-1.761055
-1.7693
-1.777146
-1.784803
-1.791605
-1.799652
-1.80659
-1.813405
-1.820335
-1.827175
-1.834254
-1.841159
-1.84733
-1.854128
-1.860381
-1.866768
-1.873354
-1.880354
-1.887618
-1.894635
-1.901313
-1.906365
-1.910774
-1.914364
-1.920975
-1.926477
-1.931871
-1.937861
-1.944324
-1.950276
-1.954157
-1.960011
-1.965282
-1.969766
-1.974674
-1.97884
-1.98375
-1.988688
-1.993259
-1.997728
-2.001932
-2.005993
-2.009779
-2.01395
-2.018603
-2.022616
-2.026388
-2.030078
-2.033155
-2.036405
-2.039559
-2.042406
-2.045544
-2.049337
-2.052212
-2.054508
-2.057772
-2.060338
-2.06336
-2.06663
-2.069235
-2.071874
-2.074454
-2.077089
-2.079409
-2.081172
-2.082859
-2.084608
-2.086142
-2.087773
-2.08917
-2.090619
-2.092411
-2.093971
-2.09517
-2.096288
-2.097037
-2.097877
-2.098505
-2.099558
-2.100405
-2.101041
-2.101016
-2.101296
-2.101163
-2.100667
-2.100635
-2.100978
-2.101771
-2.102766
-2.103124
-2.102383
-2.101335
-2.100519
-2.09973
-2.0992
-2.098299
-2.097764
-2.097222
-2.096687
-2.095693
-2.09473
-2.093775
-2.092499
-2.09143
-2.089866
-2.088634
-2.087036
-2.084444
-2.08232
-2.079764
-2.077294
-2.074829
-2.072345
-2.069688
-2.067017
-2.063934
-2.060337
-2.057545
-2.054469
-2.051719
-2.048791
-2.045781
-2.042557
-2.039183
-2.035761
-2.032205
-2.028728
-2.02359
-2.020611
-2.017513
-2.013813
-2.010186
-2.006093
-2.001234
-1.996739
-1.992749
-1.988674
-1.984139
-1.979299
-1.974865
-1.970131
-1.965289
-1.960403
-1.955289
-1.950165
-1.944787
-1.939652
-1.934064
-1.928497
-1.923
-1.917213
-1.911306
-1.905248
-1.899157
-1.893191
-1.887096
-1.881577
-1.875613
-1.869651
-1.863877
-1.857424
-1.851088
-1.844941
-1.837757
-1.830419
-1.822944
-1.815539
-1.807889
-1.799699
-1.791016
-1.784207
-1.778023
-1.77332
-1.76857
-1.758832
-1.751288
-1.742822
-1.734395
-1.726205
-1.71812
-1.710096
-1.701934
-1.693802
-1.685704
-1.677068
-1.668704
-1.66024
-1.65171
-1.643757
-1.635759
-1.627182
-1.618591
-1.610008
-1.600552
-1.591233
-1.582199
-1.573051
-1.564562
-1.555337
-1.546085
-1.536606
-1.526749
-1.517419
-1.507926
-1.498436
-1.489033
-1.478756
-1.468808
-1.45875
-1.448583
-1.437785
-1.427581
-1.417711
-1.407625
-1.397291
-1.38726
-1.376507
-1.365876
-1.35472
-1.343754
-1.333524
-1.323066
-1.312621
-1.301604
-1.29082
-1.279619
-1.269092
-1.258414
-1.247465
-1.236489
-1.224877
-1.213127
-1.202629
-1.191259
-1.180205
-1.169206
-1.157729
-1.146156
-1.133934
-1.120969
-1.108525
-1.096784
-1.085689
-1.074378
-1.063069
-1.050125
-1.037311
-1.025352
-1.013211
-1.002162
-0.99201
-0.977502
-0.966046
-0.952047
-0.939337
-0.926612
-0.913989
-0.901014
-0.888321
-0.875633
-0.862777
-0.849634
-0.837494
-0.824779
-0.811759
-0.799391
-0.786652
-0.774399
-0.761457
-0.74944
-0.736292
-0.722887
-0.709252
-0.696074
-0.682646
-0.668132
-0.6555
-0.641438
-0.628846
-0.614733
-0.601684
-0.588872
-0.575584
-0.562537
-0.549651
-0.53635
-0.522512
-0.508652
-0.494796
-0.481728
-0.468924
-0.456024
-0.442695
-0.42912
-0.416215
-0.402424
-0.389201
-0.375537
-0.362578
-0.349508
-0.33589
-0.321317
-0.309066
-0.296823
-0.284073
-0.266409
-0.254714
-0.244395
-0.228574
-0.215246
-0.200299
-0.187399
-0.172816
-0.160802
-0.145471
-0.132048
-0.115228
-0.099708
-0.085788
-0.072153
-0.060697
-0.047228
-0.034854
-0.023277
-0.009848
0.006336
0.019107
0.031221
0.045401
0.059829
0.075185
0.08866
0.101764
0.116125
0.130603
0.144544
0.157847
0.171587
0.18526
0.201868
0.213342
0.226216
0.239448
0.253789
0.268267
0.282563
0.296302
0.309199
0.323055
0.335589
0.353397
0.364496
0.375456
0.391402
0.406391
0.420644
0.434188
0.447914
0.462403
0.476987
0.493388
0.506089
0.519461
0.533841
0.547905
0.562339
0.574894
0.588956
0.602748
0.615323
0.62768
0.640817
0.654738
0.666823
0.679505
0.692619
0.705083
0.717729
0.732006
0.745024
0.75724
0.770233
0.783893
0.796093
0.808522
0.821254
0.834218
0.847514
0.859342
0.872943
0.885718
0.898081
0.909662
0.922178
0.934353
0.947035
0.959686
0.970858
0.982051
0.991815
1.004467
1.01729
1.029667
1.041865
1.054123
1.065696
1.077187
1.088789
1.100797
1.112762
1.124655
1.136059
1.147318
1.158631
1.169762
1.180969
1.192509
1.204039
1.215649
1.225699
1.236944
1.248464
1.259303
1.270558
1.280869
1.291728
1.302383
1.313408
1.324044
1.334251
1.344641
1.355473
1.365925
1.376354
1.386398
1.396402
1.406511
1.416002
1.42597
1.435863
1.445666
1.45514
1.46412
1.473988
1.483943
1.493371
1.502668
1.512018
1.521579
1.530917
1.539876
1.549128
1.55821
1.567395
1.576582
1.585384
1.593796
1.602398
1.611255
1.619673
1.628208
1.636688
1.645178
1.653386
1.661094
1.669243
1.677204
1.684768
1.692403
1.69959
1.707286
1.715131
1.723223
1.731637
1.739661
1.748254
1.755112
1.763424
1.770974
1.777026
1.78323
1.789011
1.79455
1.802153
1.808149
1.814818
1.821046
1.827537
1.834649
1.841017
1.847254
1.853456
1.858648
1.863864
1.868978
1.874189
1.879481
1.885939
1.891441
1.896447
1.901795
1.907359
1.912829
1.917934
1.922804
1.9282
1.933733
1.938892
1.943827
1.9478
1.952065
1.95631
1.960043
1.964227
1.968441
1.973336
1.977294
1.981042
1.984744
1.98849
1.991974
1.994988
1.998163
2.001577
2.004894
2.007607
2.010276
2.012725
2.015496
2.01878
2.02134
2.025195
2.027681
2.030462
2.032488
2.034513
2.036468
2.038445
2.040504
2.042449
2.043903
2.045343
2.046751
2.047831
2.049509
2.050647
2.051769
2.053057
2.054144
2.055129
2.055598
2.055707
2.056107
2.056147
2.056604
2.05697
2.056978
2.05677
2.057028
2.057421
2.057608
2.057269
2.056816
2.05621
2.055736
2.055076
2.054459
2.053577
2.052667
2.05134
2.049573
2.048006
2.047103
2.046215
2.044678
2.043013
2.041546
2.039785
2.03808
2.035325
2.033034
2.030615
2.028319
2.025674
2.023252
2.021113
2.018063
2.015139
2.01209
2.009417
2.006695
2.00415
2.00146
1.998375
1.995083
1.991466
1.987416
1.982412
1.9794
1.974534
1.970768
1.967046
1.963274
1.959149
1.954887
1.95002
1.945259
1.940799
1.936748
1.932498
1.9271
1.922631
1.918264
1.913416
1.908563
1.903272
1.898756
1.893757
1.888999
1.883703
1.878136
1.87249
1.866436
1.860507
1.853955
1.847412
1.840435
1.832953
1.825711
1.821184
1.816714
1.812259
1.807697
1.799227
1.792554
1.785693
1.778925
1.772187
1.764775
1.757402
1.750184
1.742854
1.735462
1.728091
1.720688
1.713222
1.70574
1.698332
1.690701
1.68306
1.675343
1.66746
1.659366
1.651326
1.643073
1.634439
1.626342
1.617786
1.609187
1.600803
1.591941
1.583063
1.574044
1.565214
1.556388
1.547452
1.538569
1.529634
1.520509
1.511448
1.502481
1.493081
1.483345
1.473539
1.464149
1.454563
1.444908
1.43573
1.425894
1.416681
1.406067
1.396048
1.38641
1.376265
1.366345
1.356516
1.346311
1.336225
1.326066
1.314882
1.303645
1.292674
1.282573
1.272888
1.262781
1.252165
1.241491
1.230813
1.219727
1.208473
1.19703
1.185779
1.174387
1.16335
1.152208
1.141057
1.12928
1.117119
1.105505
1.094876
1.082994
1.070832
1.059119
1.047279
1.034902
1.021007
1.008431
0.996318
0.98369
0.972006
0.959151
0.94811
0.936962
0.925372
0.914908
0.904133
0.89369
0.878627
0.866392
0.85386
0.841479
0.829475
0.816966
0.805259
0.79244
0.780947
0.769043
0.7555
0.743033
0.729131
0.714242
0.700606
0.686496
0.672486
0.658558
0.644678
0.630416
0.616361
0.603811
0.589304
0.575886
0.563517
0.550307
0.53662
0.52337
0.510433
0.497603
0.484921
0.471896
0.458172
0.444359
0.431021
0.417244
0.404049
0.39136
0.378338
0.365714
0.352109
0.338171
0.325
0.311604
0.298649
0.28485
0.271471
0.257752
0.243928
0.230233
0.216355
0.203169
0.189674
0.175814
0.161996
0.147679
0.133629
0.120268
0.106691
0.09322
0.079004
0.065124
0.050845
0.036072
0.021379
0.006106
-0.009629
-0.022871
-0.034721
-0.047117
-0.059967
-0.073013
-0.085898
-0.098413
-0.113035
-0.127446
-0.142457
-0.155949
